tmp <-
structure(c(19, 19, 19, 19, 19, 19, 19, 19, 19, 19, 19, 19, 19, 
19, 19, 19, 19, 19, 19, 19, 19, 19, 19, 19, 19, 19, 19, 19, 19, 
19, 19, 19, 19, 19, 19, 19, 19, 19, 19, 19, 8, 8, 8, 8, 8, 8, 
8, 8, 8, 8, 8, 8, 8, 8, 8, 8, 8, 8, 8, 8, 8, 8, 8, 8, 8, 8, 8, 
8, 8, 8, 8, 8, 8, 8, 8, 8, 8, 8, 8, 8, 7, 7, 7, 7, 7, 7, 7, 7, 
7, 7, 7, 7, 7, 7, 7, 7, 7, 7, 7, 7, 7, 7, 7, 7, 7, 7, 7, 7, 7, 
7, 7, 7, 7, 7, 7, 7, 7, 7, 7, 7, 1, 1, 1, 1, 1, 1, 1, 1, 1, 1, 
1, 1, 1, 1, 1, 1, 1, 1, 1, 1, 1, 1, 1, 1, 1, 1, 1, 1, 1, 1, 1, 
1, 1, 1, 1, 1, 1, 1, 1, 1, 4153, 4153, 4153, 4153, 4153, 4153, 
4153, 4153, 4153, 4153, 4153, 4153, 4153, 4153, 4153, 4153, 4153, 
4153, 4153, 4153, 4153, 4153, 4153, 4153, 4153, 4153, 4153, 4153, 
4153, 4153, 4153, 4153, 4153, 4153, 4153, 4153, 4153, 4153, 4153, 
4153, 0.00192631832410306, 0.00192631832410306, 0.00192631832410306, 
0.00192631832410306, 0.00192631832410306, 0.00192631832410306, 
0.00192631832410306, 0.00192631832410306, 0.00192631832410306, 
0.00192631832410306, 0.00192631832410306, 0.00192631832410306, 
0.00192631832410306, 0.00192631832410306, 0.00192631832410306, 
0.00192631832410306, 0.00192631832410306, 0.00192631832410306, 
0.00192631832410306, 0.00192631832410306, 0.00192631832410306, 
0.00192631832410306, 0.00192631832410306, 0.00192631832410306, 
0.00192631832410306, 0.00192631832410306, 0.00192631832410306, 
0.00192631832410306, 0.00192631832410306, 0.00192631832410306, 
0.00192631832410306, 0.00192631832410306, 0.00192631832410306, 
0.00192631832410306, 0.00192631832410306, 0.00192631832410306, 
0.00192631832410306, 0.00192631832410306, 0.00192631832410306, 
0.00192631832410306, 0.875, 0.875, 0.875, 0.875, 0.875, 0.875, 
0.875, 0.875, 0.875, 0.875, 0.875, 0.875, 0.875, 0.875, 0.875, 
0.875, 0.875, 0.875, 0.875, 0.875, 0.875, 0.875, 0.875, 0.875, 
0.875, 0.875, 0.875, 0.875, 0.875, 0.875, 0.875, 0.875, 0.875, 
0.875, 0.875, 0.875, 0.875, 0.875, 0.875, 0.875, 0.125, 0.125, 
0.125, 0.125, 0.125, 0.125, 0.125, 0.125, 0.125, 0.125, 0.125, 
0.125, 0.125, 0.125, 0.125, 0.125, 0.125, 0.125, 0.125, 0.125, 
0.125, 0.125, 0.125, 0.125, 0.125, 0.125, 0.125, 0.125, 0.125, 
0.125, 0.125, 0.125, 0.125, 0.125, 0.125, 0.125, 0.125, 0.125, 
0.125, 0.125, 3, 3, 3, 3, 3, 3, 3, 3, 3, 3, 3, 3, 3, 3, 3, 3, 
3, 3, 3, 3, 3, 3, 3, 3, 3, 3, 3, 3, 3, 3, 3, 3, 3, 3, 3, 3, 3, 
3, 3, 3, 19, 19, 19, 19, 19, 19, 19, 19, 19, 19, 19, 19, 19, 
19, 19, 19, 19, 19, 19, 19, 19, 19, 19, 19, 19, 19, 19, 19, 19, 
19, 19, 19, 19, 19, 19, 19, 19, 19, 19, 19, 11, 11, 11, 11, 11, 
11, 11, 11, 11, 11, 11, 11, 11, 11, 11, 11, 11, 11, 11, 11, 11, 
11, 11, 11, 11, 11, 11, 11, 11, 11, 11, 11, 11, 11, 11, 11, 11, 
11, 11, 11, 11.3137084989848, 11.3137084989848, 11.3137084989848, 
11.3137084989848, 11.3137084989848, 11.3137084989848, 11.3137084989848, 
11.3137084989848, 11.3137084989848, 11.3137084989848, 11.3137084989848, 
11.3137084989848, 11.3137084989848, 11.3137084989848, 11.3137084989848, 
11.3137084989848, 11.3137084989848, 11.3137084989848, 11.3137084989848, 
11.3137084989848, 11.3137084989848, 11.3137084989848, 11.3137084989848, 
11.3137084989848, 11.3137084989848, 11.3137084989848, 11.3137084989848, 
11.3137084989848, 11.3137084989848, 11.3137084989848, 11.3137084989848, 
11.3137084989848, 11.3137084989848, 11.3137084989848, 11.3137084989848, 
11.3137084989848, 11.3137084989848, 11.3137084989848, 11.3137084989848, 
11.3137084989848, 22, 22, 22, 22, 22, 22, 22, 22, 22, 22, 22, 
22, 22, 22, 22, 22, 22, 22, 22, 22, 22, 22, 22, 22, 22, 22, 22, 
22, 22, 22, 22, 22, 22, 22, 22, 22, 22, 22, 22, 22, 0.00626053455333494, 
0.00650132434384782, 0.00553816518179629, 0.00650132434384782, 
0.00505658560077053, 0.00601974476282206, 0.00529737539128341, 
0.00553816518179629, 0.00505658560077053, 0.00601974476282206, 
0.00698290392487359, 0.00866843245846376, 0.00915001203948953, 
0.00915001203948953, 0.00915001203948953, 0.00842764266795088, 
0.00770527329641223, 0.00626053455333494, 0.00698290392487359, 
0.00698290392487359, 0.0101131712015411, 0.0115579099446183, 
0.0120394895256441, 0.0113171201541055, 0.00890922224897664, 
0.0103539609920539, 0.0115579099446183, 0.0105947507825668, 0.00939080183000241, 
0.0105947507825668, 0.0117986997351312, 0.0134842282687214, 0.0132434384782085, 
0.0132434384782085, 0.0125210691066699, 0.012280279316157, 0.0117986997351312, 
0.0113171201541055, 0.0113171201541055, 0.0127618588971828, 0.159884420900554, 
0.16205152901517, 0.16036600048158, 0.158198892366964, 0.159162051529015, 
0.156994943414399, 0.158921261738502, 0.16036600048158, 0.161569949434144, 
0.159643631110041, 0.15458704550927, 0.152660727185167, 0.154346255718758, 
0.151697568023116, 0.150975198651577, 0.156031784252348, 0.156513363833373, 
0.153383096556706, 0.152179147604142, 0.151938357813629, 0.148567300746448, 
0.146400192631832, 0.147363351793884, 0.146881772212858, 0.149048880327474, 
0.145437033469781, 0.14784493137491, 0.14615940284132, 0.152179147604142, 
0.147363351793884, 0.142788345774139, 0.141584396821575, 0.141825186612088, 
0.146400192631832, 0.143992294726704, 0.143510715145678, 0.144473874307729, 
0.13869491933542, 0.147122562003371, 0.141825186612088, 0.0526315789473684, 
0.0526315789473684, 0.0526315789473684, 0.0526315789473684, 0.0526315789473684, 
0.0526315789473684, 0.0526315789473684, 0.0526315789473684, 0.0526315789473684, 
0.0526315789473684, 0.0526315789473684, 0.0526315789473684, 0.0526315789473684, 
0.0526315789473684, 0.0526315789473684, 0.0526315789473684, 0.0526315789473684, 
0.0526315789473684, 0.0526315789473684, 0.0526315789473684, 0.0526315789473684, 
0.0526315789473684, 0.0526315789473684, 0.0526315789473684, 0.0526315789473684, 
0.0526315789473684, 0.0526315789473684, 0.0526315789473684, 0.0526315789473684, 
0.0526315789473684, 0.0526315789473684, 0.0526315789473684, 0.0526315789473684, 
0.0526315789473684, 0.0526315789473684, 0.0526315789473684, 0.0526315789473684, 
0.0526315789473684, 0.0526315789473684, 0.0526315789473684, 0.0513572829065515, 
0.0517260034915408, 0.051040261605271, 0.0510017506360204, 0.05104644590467, 
0.0509759762419487, 0.0513660001572798, 0.0513345734786218, 0.0523428684272184, 
0.0516857599491227, 0.0483157723877565, 0.0487963225706845, 0.0482798919055907, 
0.0484155374259658, 0.0482365730556448, 0.048860509091914, 0.0487083826417785, 
0.048728217667163, 0.0484094827985332, 0.0480118121007925, 0.0455565485001731, 
0.0456674211211225, 0.0449786130526788, 0.0459529660784476, 0.0464871432657669, 
0.0453323555491462, 0.0459992058385368, 0.0453604846474955, 0.0456739802914143, 
0.0451716994753365, 0.0426748771593647, 0.0428102244381415, 0.0428619591733075, 
0.0429217372502918, 0.0429725132172552, 0.0429925221094229, 0.0427448651214331, 
0.0435107822011687, 0.0434780487042429, 0.0429778348431075, 0.978384703357597, 
0.918748329804608, 1.00450307938686, 1.00329624237171, 0.959398936089747, 
0.961982427294371, 0.936184476601099, 1.01494476726897, 0.897210772343768, 
1.0167774260378, 0.928637640107518, 0.877147986158731, 0.916944677621895, 
0.894711170186315, 0.825579333331519, 0.889171111277871, 0.877007350805991, 
0.878539124461066, 0.89567919984769, 0.836793765414378, 0.774985547580316, 
0.815333500545969, 0.826745284031628, 0.859479122240701, 0.825325212513375, 
0.804744527489993, 0.833754832378595, 0.820182183057817, 0.834151391579777, 
0.862957422656506, 0.791002756095024, 0.829210881058442, 0.808961036091322, 
0.795283991400626, 0.798134942327377, 0.754119616179772, 0.805830505967946, 
0.810899060999646, 0.836565659891433, 0.720648424234939, 0.963107508382294, 
0.918049829624577, 0.987429071498119, 0.986672027670106, 0.9548570751003, 
0.957759386913395, 0.93492523390296, 0.999895494610715, 0.901063207356394, 
0.992687655567705, 0.920073091995971, 0.87194208710928, 0.902970828771746, 
0.87901931755391, 0.822389338827254, 0.880827031556914, 0.874749827373185, 
0.869074489464863, 0.883314863351175, 0.837142915659536, 0.784043374406711, 
