tmp <-
structure(c(2, 2, 2, 2, 2, 2, 2, 2, 2, 2, 2, 2, 2, 2, 2, 2, 2, 
2, 2, 2, 2, 2, 2, 2, 2, 2, 2, 2, 2, 2, 2, 2, 2, 2, 2, 2, 2, 2, 
2, 2, 7, 7, 7, 7, 7, 7, 7, 7, 7, 7, 7, 7, 7, 7, 7, 7, 7, 7, 7, 
7, 7, 7, 7, 7, 7, 7, 7, 7, 7, 7, 7, 7, 7, 7, 7, 7, 7, 7, 7, 7, 
1, 1, 1, 1, 1, 1, 1, 1, 1, 1, 1, 1, 1, 1, 1, 1, 1, 1, 1, 1, 1, 
1, 1, 1, 1, 1, 1, 1, 1, 1, 1, 1, 1, 1, 1, 1, 1, 1, 1, 1, 6, 6, 
6, 6, 6, 6, 6, 6, 6, 6, 6, 6, 6, 6, 6, 6, 6, 6, 6, 6, 6, 6, 6, 
6, 6, 6, 6, 6, 6, 6, 6, 6, 6, 6, 6, 6, 6, 6, 6, 6, 120, 120, 
120, 120, 120, 120, 120, 120, 120, 120, 120, 120, 120, 120, 120, 
120, 120, 120, 120, 120, 120, 120, 120, 120, 120, 120, 120, 120, 
120, 120, 120, 120, 120, 120, 120, 120, 120, 120, 120, 120, 0.0583333333333333, 
0.0583333333333333, 0.0583333333333333, 0.0583333333333333, 0.0583333333333333, 
0.0583333333333333, 0.0583333333333333, 0.0583333333333333, 0.0583333333333333, 
0.0583333333333333, 0.0583333333333333, 0.0583333333333333, 0.0583333333333333, 
0.0583333333333333, 0.0583333333333333, 0.0583333333333333, 0.0583333333333333, 
0.0583333333333333, 0.0583333333333333, 0.0583333333333333, 0.0583333333333333, 
0.0583333333333333, 0.0583333333333333, 0.0583333333333333, 0.0583333333333333, 
0.0583333333333333, 0.0583333333333333, 0.0583333333333333, 0.0583333333333333, 
0.0583333333333333, 0.0583333333333333, 0.0583333333333333, 0.0583333333333333, 
0.0583333333333333, 0.0583333333333333, 0.0583333333333333, 0.0583333333333333, 
0.0583333333333333, 0.0583333333333333, 0.0583333333333333, 0.142857142857143, 
0.142857142857143, 0.142857142857143, 0.142857142857143, 0.142857142857143, 
0.142857142857143, 0.142857142857143, 0.142857142857143, 0.142857142857143, 
0.142857142857143, 0.142857142857143, 0.142857142857143, 0.142857142857143, 
0.142857142857143, 0.142857142857143, 0.142857142857143, 0.142857142857143, 
0.142857142857143, 0.142857142857143, 0.142857142857143, 0.142857142857143, 
0.142857142857143, 0.142857142857143, 0.142857142857143, 0.142857142857143, 
0.142857142857143, 0.142857142857143, 0.142857142857143, 0.142857142857143, 
0.142857142857143, 0.142857142857143, 0.142857142857143, 0.142857142857143, 
0.142857142857143, 0.142857142857143, 0.142857142857143, 0.142857142857143, 
0.142857142857143, 0.142857142857143, 0.142857142857143, 0.857142857142857, 
0.857142857142857, 0.857142857142857, 0.857142857142857, 0.857142857142857, 
0.857142857142857, 0.857142857142857, 0.857142857142857, 0.857142857142857, 
0.857142857142857, 0.857142857142857, 0.857142857142857, 0.857142857142857, 
0.857142857142857, 0.857142857142857, 0.857142857142857, 0.857142857142857, 
0.857142857142857, 0.857142857142857, 0.857142857142857, 0.857142857142857, 
0.857142857142857, 0.857142857142857, 0.857142857142857, 0.857142857142857, 
0.857142857142857, 0.857142857142857, 0.857142857142857, 0.857142857142857, 
0.857142857142857, 0.857142857142857, 0.857142857142857, 0.857142857142857, 
0.857142857142857, 0.857142857142857, 0.857142857142857, 0.857142857142857, 
0.857142857142857, 0.857142857142857, 0.857142857142857, 2, 2, 
2, 2, 2, 2, 2, 2, 2, 2, 2, 2, 2, 2, 2, 2, 2, 2, 2, 2, 2, 2, 2, 
2, 2, 2, 2, 2, 2, 2, 2, 2, 2, 2, 2, 2, 2, 2, 2, 2, 2, 2, 2, 2, 
2, 2, 2, 2, 2, 2, 2, 2, 2, 2, 2, 2, 2, 2, 2, 2, 2, 2, 2, 2, 2, 
2, 2, 2, 2, 2, 2, 2, 2, 2, 2, 2, 2, 2, 2, 2, 2, 2, 2, 2, 2, 2, 
2, 2, 2, 2, 2, 2, 2, 2, 2, 2, 2, 2, 2, 2, 2, 2, 2, 2, 2, 2, 2, 
2, 2, 2, 2, 2, 2, 2, 2, 2, 2, 2, 2, 2, 0, 0, 0, 0, 0, 0, 0, 0, 
0, 0, 0, 0, 0, 0, 0, 0, 0, 0, 0, 0, 0, 0, 0, 0, 0, 0, 0, 0, 0, 
0, 0, 0, 0, 0, 0, 0, 0, 0, 0, 0, 14, 14, 14, 14, 14, 14, 14, 
14, 14, 14, 14, 14, 14, 14, 14, 14, 14, 14, 14, 14, 14, 14, 14, 
14, 14, 14, 14, 14, 14, 14, 14, 14, 14, 14, 14, 14, 14, 14, 14, 
14, 0.433333333333333, 0.45, 0.433333333333333, 0.4, 0.4, 0.433333333333333, 
0.433333333333333, 0.383333333333333, 0.433333333333333, 0.433333333333333, 
0.433333333333333, 0.4, 0.383333333333333, 0.45, 0.466666666666667, 
0.416666666666667, 0.383333333333333, 0.416666666666667, 0.416666666666667, 
0.466666666666667, 0.433333333333333, 0.366666666666667, 0.45, 
0.45, 0.366666666666667, 0.45, 0.45, 0.466666666666667, 0.45, 
0.4, 0.45, 0.366666666666667, 0.433333333333333, 0.416666666666667, 
0.416666666666667, 0.45, 0.483333333333333, 0.483333333333333, 
0.433333333333333, 0.416666666666667, 0.566666666666667, 0.55, 
0.566666666666667, 0.6, 0.6, 0.566666666666667, 0.566666666666667, 
0.616666666666667, 0.566666666666667, 0.566666666666667, 0.566666666666667, 
0.6, 0.616666666666667, 0.55, 0.533333333333333, 0.583333333333333, 
0.616666666666667, 0.583333333333333, 0.583333333333333, 0.533333333333333, 
0.566666666666667, 0.633333333333333, 0.55, 0.55, 0.633333333333333, 
0.55, 0.55, 0.533333333333333, 0.55, 0.6, 0.55, 0.633333333333333, 
0.566666666666667, 0.583333333333333, 0.583333333333333, 0.55, 
0.516666666666667, 0.516666666666667, 0.566666666666667, 0.583333333333333, 
0.5, 0.5, 0.5, 0.5, 0.5, 0.5, 0.5, 0.5, 0.5, 0.5, 0.5, 0.5, 0.5, 
0.5, 0.5, 0.5, 0.5, 0.5, 0.5, 0.5, 0.5, 0.5, 0.5, 0.5, 0.5, 0.5, 
0.5, 0.5, 0.5, 0.5, 0.5, 0.5, 0.5, 0.5, 0.5, 0.5, 0.5, 0.5, 0.5, 
0.5, 0.0942809041582063, 0.0707106781186548, 0.0942809041582063, 
0.141421356237309, 0.141421356237309, 0.0942809041582063, 0.0942809041582063, 
0.164991582276861, 0.0942809041582063, 0.0942809041582063, 0.0942809041582063, 
0.141421356237309, 0.164991582276861, 0.0707106781186548, 0.0471404520791032, 
0.117851130197758, 0.164991582276861, 0.117851130197758, 0.117851130197758, 
0.0471404520791032, 0.0942809041582063, 0.188561808316413, 0.0707106781186548, 
0.0707106781186548, 0.188561808316413, 0.0707106781186548, 0.0707106781186548, 
0.0471404520791032, 0.0707106781186548, 0.141421356237309, 0.0707106781186548, 
0.188561808316413, 0.0942809041582063, 0.117851130197758, 0.117851130197758, 
0.0707106781186548, 0.0235702260395516, 0.0235702260395516, 0.0942809041582063, 
0.117851130197758, 1.16695326799991, 1.23141131767909, 1.17441004375572, 
1.17327535502197, 1.21026437355611, 1.18473006691235, 1.23211603612818, 
1.20164126174295, 1.21725502006832, 1.2976182412558, 1.06535483327288, 
1.02789097227307, 1.10226868766879, 1.02042117726866, 1.06691053111135, 
1.09863102772361, 1.00670809987172, 1.04218215463474, 1.02069864773227, 
1.22629587800485, 1.1556102944319, 1.01906530216172, 0.901751677389966, 
0.88577096629662, 0.951541258983048, 1.0460464135469, 0.966124127947027, 
0.955313688249251, 0.883393970042588, 0.939907571002917, 0.967748809806194, 
0.802381186309324, 0.688230801369069, 0.928211875122233, 0.760164146700491, 
0.986403144155488, 0.796175097383355, 0.810453373466585, 0.796825975324994, 
0.825369406141288, 1.12488632548575, 1.33667515501704, 1.19655332315314, 
1.18748158732667, 1.20297822894073, 1.43502128210607, 1.17707685927014, 
0.892656458633367, 1.37463563466912, 1.35810109171581, 0.996699888302509, 
0.753966689931792, 1.01222819323449, 1.05617017771458, 1.01676882250212, 
1.10221509221454, 0.892024109588564, 1.03080300837418, 1.23908794604413, 
1.13324730007861, 0.825550650625727, 1.02669458246848, 0.832586892636141, 
0.828469617999797, 0.801108633666052, 0.833489275214201, 0.928791684712889, 
0.913080645726228, 0.862195489108821, 0.80256419126915, 0.732806971163374, 
0.773217282190201, 0.733451612885612, 0.714172474246288, 0.690800466543067, 
0.815340339604735, 0.753665588695414, 0.89518724431948, 0.756373836372899, 
0.77560773063414, 3.3860298158522, 3.60871634900014, 3.36499585952936, 
3.54000529020159, 3.60866303512621, 3.46227449264548, 3.60548238133207, 
3.77438262543238, 3.56582426114835, 3.93038942604041, 2.98767329460519, 
2.95746452582908, 3.12618672654959, 2.85162237723193, 3.06110200352918, 
3.09464079346452, 2.86604886842047, 2.95053825253754, 2.89672661260625, 
3.51690530902716, 3.34503192134838, 2.91471997644638, 2.54134868458167, 
2.5099322506099, 2.70160178300771, 2.96079479637975, 2.67714688001955, 
2.69457520376557, 2.50695127629849, 2.63085345155163, 2.71769930378134, 
