tmp <-
structure(c(2, 2, 2, 2, 2, 2, 2, 2, 2, 2, 2, 2, 2, 2, 2, 2, 2, 
2, 2, 2, 2, 2, 2, 2, 2, 2, 2, 2, 2, 2, 2, 2, 2, 2, 2, 2, 2, 2, 
2, 2, 7, 7, 7, 7, 7, 7, 7, 7, 7, 7, 7, 7, 7, 7, 7, 7, 7, 7, 7, 
7, 7, 7, 7, 7, 7, 7, 7, 7, 7, 7, 7, 7, 7, 7, 7, 7, 7, 7, 7, 7, 
7, 7, 7, 7, 7, 7, 7, 7, 7, 7, 7, 7, 7, 7, 7, 7, 7, 7, 7, 7, 7, 
7, 7, 7, 7, 7, 7, 7, 7, 7, 7, 7, 7, 7, 7, 7, 7, 7, 7, 7, 0, 0, 
0, 0, 0, 0, 0, 0, 0, 0, 0, 0, 0, 0, 0, 0, 0, 0, 0, 0, 0, 0, 0, 
0, 0, 0, 0, 0, 0, 0, 0, 0, 0, 0, 0, 0, 0, 0, 0, 0, 106, 106, 
106, 106, 106, 106, 106, 106, 106, 106, 106, 106, 106, 106, 106, 
106, 106, 106, 106, 106, 106, 106, 106, 106, 106, 106, 106, 106, 
106, 106, 106, 106, 106, 106, 106, 106, 106, 106, 106, 106, 0.0660377358490566, 
0.0660377358490566, 0.0660377358490566, 0.0660377358490566, 0.0660377358490566, 
0.0660377358490566, 0.0660377358490566, 0.0660377358490566, 0.0660377358490566, 
0.0660377358490566, 0.0660377358490566, 0.0660377358490566, 0.0660377358490566, 
0.0660377358490566, 0.0660377358490566, 0.0660377358490566, 0.0660377358490566, 
0.0660377358490566, 0.0660377358490566, 0.0660377358490566, 0.0660377358490566, 
0.0660377358490566, 0.0660377358490566, 0.0660377358490566, 0.0660377358490566, 
0.0660377358490566, 0.0660377358490566, 0.0660377358490566, 0.0660377358490566, 
0.0660377358490566, 0.0660377358490566, 0.0660377358490566, 0.0660377358490566, 
0.0660377358490566, 0.0660377358490566, 0.0660377358490566, 0.0660377358490566, 
0.0660377358490566, 0.0660377358490566, 0.0660377358490566, 1, 
1, 1, 1, 1, 1, 1, 1, 1, 1, 1, 1, 1, 1, 1, 1, 1, 1, 1, 1, 1, 1, 
1, 1, 1, 1, 1, 1, 1, 1, 1, 1, 1, 1, 1, 1, 1, 1, 1, 1, 0, 0, 0, 
0, 0, 0, 0, 0, 0, 0, 0, 0, 0, 0, 0, 0, 0, 0, 0, 0, 0, 0, 0, 0, 
0, 0, 0, 0, 0, 0, 0, 0, 0, 0, 0, 0, 0, 0, 0, 0, 2, 2, 2, 2, 2, 
2, 2, 2, 2, 2, 2, 2, 2, 2, 2, 2, 2, 2, 2, 2, 2, 2, 2, 2, 2, 2, 
2, 2, 2, 2, 2, 2, 2, 2, 2, 2, 2, 2, 2, 2, 2, 2, 2, 2, 2, 2, 2, 
2, 2, 2, 2, 2, 2, 2, 2, 2, 2, 2, 2, 2, 2, 2, 2, 2, 2, 2, 2, 2, 
2, 2, 2, 2, 2, 2, 2, 2, 2, 2, 2, 2, 2, 2, 2, 2, 2, 2, 2, 2, 2, 
2, 2, 2, 2, 2, 2, 2, 2, 2, 2, 2, 2, 2, 2, 2, 2, 2, 2, 2, 2, 2, 
2, 2, 2, 2, 2, 2, 2, 2, 2, 2, 0, 0, 0, 0, 0, 0, 0, 0, 0, 0, 0, 
0, 0, 0, 0, 0, 0, 0, 0, 0, 0, 0, 0, 0, 0, 0, 0, 0, 0, 0, 0, 0, 
0, 0, 0, 0, 0, 0, 0, 0, 2, 2, 2, 2, 2, 2, 2, 2, 2, 2, 2, 2, 2, 
2, 2, 2, 2, 2, 2, 2, 2, 2, 2, 2, 2, 2, 2, 2, 2, 2, 2, 2, 2, 2, 
2, 2, 2, 2, 2, 2, 0.226415094339623, 0.226415094339623, 0.226415094339623, 
0.245283018867925, 0.226415094339623, 0.226415094339623, 0.207547169811321, 
0.245283018867925, 0.245283018867925, 0.245283018867925, 0.292452830188679, 
0.254716981132075, 0.273584905660377, 0.254716981132075, 0.254716981132075, 
0.273584905660377, 0.235849056603774, 0.273584905660377, 0.235849056603774, 
0.216981132075472, 0.264150943396226, 0.30188679245283, 0.245283018867925, 
0.283018867924528, 0.283018867924528, 0.30188679245283, 0.30188679245283, 
0.264150943396226, 0.339622641509434, 0.264150943396226, 0.358490566037736, 
0.30188679245283, 0.339622641509434, 0.339622641509434, 0.339622641509434, 
0.358490566037736, 0.320754716981132, 0.226415094339623, 0.245283018867925, 
0.320754716981132, 0.773584905660377, 0.773584905660377, 0.773584905660377, 
0.754716981132076, 0.773584905660377, 0.773584905660377, 0.792452830188679, 
0.754716981132076, 0.754716981132076, 0.754716981132076, 0.707547169811321, 
0.745283018867924, 0.726415094339623, 0.745283018867924, 0.745283018867924, 
0.726415094339623, 0.764150943396226, 0.726415094339623, 0.764150943396226, 
0.783018867924528, 0.735849056603774, 0.69811320754717, 0.754716981132076, 
0.716981132075472, 0.716981132075472, 0.69811320754717, 0.69811320754717, 
0.735849056603774, 0.660377358490566, 0.735849056603774, 0.641509433962264, 
0.69811320754717, 0.660377358490566, 0.660377358490566, 0.660377358490566, 
0.641509433962264, 0.679245283018868, 0.773584905660377, 0.754716981132076, 
0.679245283018868, 0.5, 0.5, 0.5, 0.5, 0.5, 0.5, 0.5, 0.5, 0.5, 
0.5, 0.5, 0.5, 0.5, 0.5, 0.5, 0.5, 0.5, 0.5, 0.5, 0.5, 0.5, 0.5, 
0.5, 0.5, 0.5, 0.5, 0.5, 0.5, 0.5, 0.5, 0.5, 0.5, 0.5, 0.5, 0.5, 
0.5, 0.5, 0.5, 0.5, 0.5, 0.386907484045469, 0.386907484045469, 
0.386907484045469, 0.360224209283713, 0.386907484045469, 0.386907484045469, 
0.413590758807226, 0.360224209283713, 0.360224209283713, 0.360224209283713, 
0.293516022379322, 0.346882571902835, 0.320199297141078, 0.346882571902835, 
0.346882571902835, 0.320199297141078, 0.373565846664591, 0.320199297141078, 
0.373565846664591, 0.400249121426348, 0.333540934521956, 0.280174384998443, 
0.360224209283713, 0.3068576597602, 0.3068576597602, 0.280174384998443, 
0.280174384998443, 0.333540934521956, 0.22680783547493, 0.333540934521956, 
0.200124560713174, 0.280174384998443, 0.22680783547493, 0.22680783547493, 
0.22680783547493, 0.200124560713174, 0.253491110236687, 0.386907484045469, 
0.360224209283713, 0.253491110236687, 1.01893181666541, 1.03725933234585, 
1.02236697589726, 0.988393613656048, 1.13143799697045, 1.00636537741325, 
1.04434496857523, 0.975434609662509, 0.998319668348189, 0.933032265974576, 
1.04471979500685, 1.05336080373581, 0.974542419947978, 0.866859039159519, 
1.00454986345908, 1.08909515120024, 1.01169363235884, 0.940703716811402, 
0.946450972762423, 0.988877785786547, 0.843653815133119, 1.00255994898549, 
0.975113380486717, 1.01483951073956, 0.973801983601142, 1.08352067455294, 
1.12761918655109, 0.871521336094331, 0.916502193000103, 1.03850771414672, 
0.881374319019853, 0.969185669455579, 0.988838396439191, 0.843284705298275, 
0.937330467947243, 1.10006964393413, 0.958281928966548, 0.980483616887596, 
0.813112047384438, 0.85729889854931, 1.01893181666541, 1.03725933234585, 
1.02236697589726, 0.988393613656048, 1.13143799697045, 1.00636537741325, 
1.04434496857523, 0.975434609662509, 0.998319668348189, 0.933032265974576, 
1.04471979500685, 1.05336080373581, 0.974542419947978, 0.866859039159519, 
1.00454986345908, 1.08909515120024, 1.01169363235884, 0.940703716811402, 
0.946450972762423, 0.988877785786547, 0.843653815133119, 1.00255994898549, 
0.975113380486717, 1.01483951073956, 0.973801983601142, 1.08352067455294, 
1.12761918655109, 0.871521336094331, 0.916502193000103, 1.03850771414672, 
0.881374319019853, 0.969185669455579, 0.988838396439191, 0.843284705298275, 
0.937330467947243, 1.10006964393413, 0.958281928966548, 0.980483616887596, 
0.813112047384438, 0.85729889854931, 4.30256814745662, 4.39199513067748, 
4.45941198033344, 4.22345093685536, 5.03737340197153, 4.37922186323559, 
4.50260905701116, 4.37336894594695, 4.52619970583963, 4.05409398068503, 
4.80486322825799, 4.6636821633028, 4.26449734921563, 3.85800745209849, 
4.40873007791037, 4.5130623834699, 4.37832911735418, 4.25329393854169, 
4.24765999808308, 4.24100670831518, 4.25594460433438, 4.30955303284745, 
4.1677063578451, 4.33283192435827, 4.31639401351656, 4.67797700500254, 
5.23329995596019, 3.76479507615849, 4.06300529625532, 4.744769416567, 
3.83714732701177, 4.03963956859381, 4.53586476044087, 3.81484487699619, 
4.18497129305726, 4.50347731658272, 4.24400201001212, 3.93301513174974, 
3.6039822970178, 3.84572337825773, 4.30256814745662, 4.39199513067748, 
4.45941198033344, 4.22345093685536, 5.03737340197153, 4.37922186323559, 
4.50260905701116, 4.37336894594695, 4.52619970583963, 4.05409398068503, 
4.80486322825799, 4.6636821633028, 4.26449734921563, 3.85800745209849, 
4.40873007791037, 4.5130623834699, 4.37832911735418, 4.25329393854169, 
4.24765999808308, 4.24100670831518, 4.25594460433438, 4.30955303284745, 
4.1677063578451, 4.33283192435827, 4.31639401351656, 4.67797700500254, 
5.23329995596019, 3.76479507615849, 4.06300529625532, 4.744769416567, 
3.83714732701177, 4.03963956859381, 4.53586476044087, 3.81484487699619, 
4.18497129305726, 4.50347731658272, 4.24400201001212, 3.93301513174974, 
3.6039822970178, 3.84572337825773, 0.469923726503837, 0.455595842744528, 
0.492879301167647, 0.474475945396472, 0.47963997058273, 0.485034194084913, 
