tmp <-
structure(c(2, 2, 2, 2, 2, 2, 2, 2, 2, 2, 2, 2, 2, 2, 2, 2, 2, 
2, 2, 2, 2, 2, 2, 2, 2, 2, 2, 2, 2, 2, 2, 2, 2, 2, 2, 2, 2, 2, 
2, 2, 14, 14, 14, 14, 14, 14, 14, 14, 14, 14, 14, 14, 14, 14, 
14, 14, 14, 14, 14, 14, 14, 14, 14, 14, 14, 14, 14, 14, 14, 14, 
14, 14, 14, 14, 14, 14, 14, 14, 14, 14, 8, 8, 8, 8, 8, 8, 8, 
8, 8, 8, 8, 8, 8, 8, 8, 8, 8, 8, 8, 8, 8, 8, 8, 8, 8, 8, 8, 8, 
8, 8, 8, 8, 8, 8, 8, 8, 8, 8, 8, 8, 6, 6, 6, 6, 6, 6, 6, 6, 6, 
6, 6, 6, 6, 6, 6, 6, 6, 6, 6, 6, 6, 6, 6, 6, 6, 6, 6, 6, 6, 6, 
6, 6, 6, 6, 6, 6, 6, 6, 6, 6, 690, 690, 690, 690, 690, 690, 690, 
690, 690, 690, 690, 690, 690, 690, 690, 690, 690, 690, 690, 690, 
690, 690, 690, 690, 690, 690, 690, 690, 690, 690, 690, 690, 690, 
690, 690, 690, 690, 690, 690, 690, 0.0202898550724638, 0.0202898550724638, 
0.0202898550724638, 0.0202898550724638, 0.0202898550724638, 0.0202898550724638, 
0.0202898550724638, 0.0202898550724638, 0.0202898550724638, 0.0202898550724638, 
0.0202898550724638, 0.0202898550724638, 0.0202898550724638, 0.0202898550724638, 
0.0202898550724638, 0.0202898550724638, 0.0202898550724638, 0.0202898550724638, 
0.0202898550724638, 0.0202898550724638, 0.0202898550724638, 0.0202898550724638, 
0.0202898550724638, 0.0202898550724638, 0.0202898550724638, 0.0202898550724638, 
0.0202898550724638, 0.0202898550724638, 0.0202898550724638, 0.0202898550724638, 
0.0202898550724638, 0.0202898550724638, 0.0202898550724638, 0.0202898550724638, 
0.0202898550724638, 0.0202898550724638, 0.0202898550724638, 0.0202898550724638, 
0.0202898550724638, 0.0202898550724638, 0.571428571428571, 0.571428571428571, 
0.571428571428571, 0.571428571428571, 0.571428571428571, 0.571428571428571, 
0.571428571428571, 0.571428571428571, 0.571428571428571, 0.571428571428571, 
0.571428571428571, 0.571428571428571, 0.571428571428571, 0.571428571428571, 
0.571428571428571, 0.571428571428571, 0.571428571428571, 0.571428571428571, 
0.571428571428571, 0.571428571428571, 0.571428571428571, 0.571428571428571, 
0.571428571428571, 0.571428571428571, 0.571428571428571, 0.571428571428571, 
0.571428571428571, 0.571428571428571, 0.571428571428571, 0.571428571428571, 
0.571428571428571, 0.571428571428571, 0.571428571428571, 0.571428571428571, 
0.571428571428571, 0.571428571428571, 0.571428571428571, 0.571428571428571, 
0.571428571428571, 0.571428571428571, 0.428571428571429, 0.428571428571429, 
0.428571428571429, 0.428571428571429, 0.428571428571429, 0.428571428571429, 
0.428571428571429, 0.428571428571429, 0.428571428571429, 0.428571428571429, 
0.428571428571429, 0.428571428571429, 0.428571428571429, 0.428571428571429, 
0.428571428571429, 0.428571428571429, 0.428571428571429, 0.428571428571429, 
0.428571428571429, 0.428571428571429, 0.428571428571429, 0.428571428571429, 
0.428571428571429, 0.428571428571429, 0.428571428571429, 0.428571428571429, 
0.428571428571429, 0.428571428571429, 0.428571428571429, 0.428571428571429, 
0.428571428571429, 0.428571428571429, 0.428571428571429, 0.428571428571429, 
0.428571428571429, 0.428571428571429, 0.428571428571429, 0.428571428571429, 
0.428571428571429, 0.428571428571429, 2, 2, 2, 2, 2, 2, 2, 2, 
2, 2, 2, 2, 2, 2, 2, 2, 2, 2, 2, 2, 2, 2, 2, 2, 2, 2, 2, 2, 2, 
2, 2, 2, 2, 2, 2, 2, 2, 2, 2, 2, 3, 3, 3, 3, 3, 3, 3, 3, 3, 3, 
3, 3, 3, 3, 3, 3, 3, 3, 3, 3, 3, 3, 3, 3, 3, 3, 3, 3, 3, 3, 3, 
3, 3, 3, 3, 3, 3, 3, 3, 3, 2.28571428571429, 2.28571428571429, 
2.28571428571429, 2.28571428571429, 2.28571428571429, 2.28571428571429, 
2.28571428571429, 2.28571428571429, 2.28571428571429, 2.28571428571429, 
2.28571428571429, 2.28571428571429, 2.28571428571429, 2.28571428571429, 
2.28571428571429, 2.28571428571429, 2.28571428571429, 2.28571428571429, 
2.28571428571429, 2.28571428571429, 2.28571428571429, 2.28571428571429, 
2.28571428571429, 2.28571428571429, 2.28571428571429, 2.28571428571429, 
2.28571428571429, 2.28571428571429, 2.28571428571429, 2.28571428571429, 
2.28571428571429, 2.28571428571429, 2.28571428571429, 2.28571428571429, 
2.28571428571429, 2.28571428571429, 2.28571428571429, 2.28571428571429, 
2.28571428571429, 2.28571428571429, 0.487950036474267, 0.487950036474267, 
0.487950036474267, 0.487950036474267, 0.487950036474267, 0.487950036474267, 
0.487950036474267, 0.487950036474267, 0.487950036474267, 0.487950036474267, 
0.487950036474267, 0.487950036474267, 0.487950036474267, 0.487950036474267, 
0.487950036474267, 0.487950036474267, 0.487950036474267, 0.487950036474267, 
0.487950036474267, 0.487950036474267, 0.487950036474267, 0.487950036474267, 
0.487950036474267, 0.487950036474267, 0.487950036474267, 0.487950036474267, 
0.487950036474267, 0.487950036474267, 0.487950036474267, 0.487950036474267, 
0.487950036474267, 0.487950036474267, 0.487950036474267, 0.487950036474267, 
0.487950036474267, 0.487950036474267, 0.487950036474267, 0.487950036474267, 
0.487950036474267, 0.487950036474267, 16, 16, 16, 16, 16, 16, 
16, 16, 16, 16, 16, 16, 16, 16, 16, 16, 16, 16, 16, 16, 16, 16, 
16, 16, 16, 16, 16, 16, 16, 16, 16, 16, 16, 16, 16, 16, 16, 16, 
16, 16, 0.447826086956522, 0.456521739130435, 0.453623188405797, 
0.442028985507246, 0.459420289855072, 0.453623188405797, 0.439130434782609, 
0.444927536231884, 0.453623188405797, 0.447826086956522, 0.43768115942029, 
0.466666666666667, 0.457971014492754, 0.457971014492754, 0.463768115942029, 
0.446376811594203, 0.463768115942029, 0.446376811594203, 0.449275362318841, 
0.443478260869565, 0.466666666666667, 0.466666666666667, 0.47536231884058, 
0.452173913043478, 0.47536231884058, 0.43768115942029, 0.460869565217391, 
0.457971014492754, 0.452173913043478, 0.449275362318841, 0.476811594202899, 
0.465217391304348, 0.479710144927536, 0.450724637681159, 0.436231884057971, 
0.46231884057971, 0.442028985507246, 0.465217391304348, 0.46231884057971, 
0.476811594202899, 0.552173913043478, 0.543478260869565, 0.546376811594203, 
0.557971014492754, 0.540579710144928, 0.546376811594203, 0.560869565217391, 
0.555072463768116, 0.546376811594203, 0.552173913043478, 0.56231884057971, 
0.533333333333333, 0.542028985507246, 0.542028985507246, 0.536231884057971, 
0.553623188405797, 0.536231884057971, 0.553623188405797, 0.550724637681159, 
0.556521739130435, 0.533333333333333, 0.533333333333333, 0.52463768115942, 
0.547826086956522, 0.52463768115942, 0.56231884057971, 0.539130434782609, 
0.542028985507246, 0.547826086956522, 0.550724637681159, 0.523188405797101, 
0.534782608695652, 0.520289855072464, 0.549275362318841, 0.563768115942029, 
0.53768115942029, 0.557971014492754, 0.534782608695652, 0.53768115942029, 
0.523188405797101, 0.5, 0.5, 0.5, 0.5, 0.5, 0.5, 0.5, 0.5, 0.5, 
0.5, 0.5, 0.5, 0.5, 0.5, 0.5, 0.5, 0.5, 0.5, 0.5, 0.5, 0.5, 0.5, 
0.5, 0.5, 0.5, 0.5, 0.5, 0.5, 0.5, 0.5, 0.5, 0.5, 0.5, 0.5, 0.5, 
0.5, 0.5, 0.5, 0.5, 0.5, 0.0737850554281615, 0.0614875461901346, 
0.0655867159361435, 0.0819833949201794, 0.0573883764441256, 0.0655867159361435, 
0.0860825646661884, 0.0778842251741704, 0.0655867159361435, 0.0737850554281615, 
0.0881321495391929, 0.0471404520791032, 0.0594379613171301, 0.0594379613171301, 
0.0512396218251122, 0.0758346403011659, 0.0512396218251122, 0.0758346403011659, 
0.071735470555157, 0.079933810047175, 0.0471404520791032, 0.0471404520791032, 
0.0348429428410763, 0.067636300809148, 0.0348429428410763, 0.0881321495391929, 
0.0553387915711211, 0.0594379613171301, 0.067636300809148, 0.071735470555157, 
0.0327933579680718, 0.0491900369521077, 0.0286941882220628, 0.0696858856821525, 
0.0901817344121974, 0.0532892066981166, 0.0819833949201794, 0.0491900369521077, 
0.0532892066981166, 0.0327933579680718, 3.22558304267553, 4.20023171558809, 
3.3771448331913, 3.34930847678237, 4.21794701841859, 3.27979107131663, 
3.29193812133172, 3.46036297455086, 3.69983087379869, 3.27125125824449, 
3.50159144501454, 3.33828247938259, 3.13639664319895, 3.36631766074769, 
3.03149653405769, 4.18244443683597, 3.59648572139593, 3.51095069122404, 
3.31103770492301, 3.89317261375385, 3.68706936087024, 3.76371581393886, 
