tmp <-
structure(c(2, 2, 2, 2, 2, 2, 2, 2, 2, 2, 2, 2, 2, 2, 2, 2, 2, 
2, 2, 2, 2, 2, 2, 2, 2, 2, 2, 2, 2, 2, 2, 2, 2, 2, 2, 2, 2, 2, 
2, 2, 31, 31, 31, 31, 31, 31, 31, 31, 31, 31, 31, 31, 31, 31, 
31, 31, 31, 31, 31, 31, 31, 31, 31, 31, 31, 31, 31, 31, 31, 31, 
31, 31, 31, 31, 31, 31, 31, 31, 31, 31, 5, 5, 5, 5, 5, 5, 5, 
5, 5, 5, 5, 5, 5, 5, 5, 5, 5, 5, 5, 5, 5, 5, 5, 5, 5, 5, 5, 5, 
5, 5, 5, 5, 5, 5, 5, 5, 5, 5, 5, 5, 26, 26, 26, 26, 26, 26, 26, 
26, 26, 26, 26, 26, 26, 26, 26, 26, 26, 26, 26, 26, 26, 26, 26, 
26, 26, 26, 26, 26, 26, 26, 26, 26, 26, 26, 26, 26, 26, 26, 26, 
26, 180, 180, 180, 180, 180, 180, 180, 180, 180, 180, 180, 180, 
180, 180, 180, 180, 180, 180, 180, 180, 180, 180, 180, 180, 180, 
180, 180, 180, 180, 180, 180, 180, 180, 180, 180, 180, 180, 180, 
180, 180, 0.172222222222222, 0.172222222222222, 0.172222222222222, 
0.172222222222222, 0.172222222222222, 0.172222222222222, 0.172222222222222, 
0.172222222222222, 0.172222222222222, 0.172222222222222, 0.172222222222222, 
0.172222222222222, 0.172222222222222, 0.172222222222222, 0.172222222222222, 
0.172222222222222, 0.172222222222222, 0.172222222222222, 0.172222222222222, 
0.172222222222222, 0.172222222222222, 0.172222222222222, 0.172222222222222, 
0.172222222222222, 0.172222222222222, 0.172222222222222, 0.172222222222222, 
0.172222222222222, 0.172222222222222, 0.172222222222222, 0.172222222222222, 
0.172222222222222, 0.172222222222222, 0.172222222222222, 0.172222222222222, 
0.172222222222222, 0.172222222222222, 0.172222222222222, 0.172222222222222, 
0.172222222222222, 0.161290322580645, 0.161290322580645, 0.161290322580645, 
0.161290322580645, 0.161290322580645, 0.161290322580645, 0.161290322580645, 
0.161290322580645, 0.161290322580645, 0.161290322580645, 0.161290322580645, 
0.161290322580645, 0.161290322580645, 0.161290322580645, 0.161290322580645, 
0.161290322580645, 0.161290322580645, 0.161290322580645, 0.161290322580645, 
0.161290322580645, 0.161290322580645, 0.161290322580645, 0.161290322580645, 
0.161290322580645, 0.161290322580645, 0.161290322580645, 0.161290322580645, 
0.161290322580645, 0.161290322580645, 0.161290322580645, 0.161290322580645, 
0.161290322580645, 0.161290322580645, 0.161290322580645, 0.161290322580645, 
0.161290322580645, 0.161290322580645, 0.161290322580645, 0.161290322580645, 
0.161290322580645, 0.838709677419355, 0.838709677419355, 0.838709677419355, 
0.838709677419355, 0.838709677419355, 0.838709677419355, 0.838709677419355, 
0.838709677419355, 0.838709677419355, 0.838709677419355, 0.838709677419355, 
0.838709677419355, 0.838709677419355, 0.838709677419355, 0.838709677419355, 
0.838709677419355, 0.838709677419355, 0.838709677419355, 0.838709677419355, 
0.838709677419355, 0.838709677419355, 0.838709677419355, 0.838709677419355, 
0.838709677419355, 0.838709677419355, 0.838709677419355, 0.838709677419355, 
0.838709677419355, 0.838709677419355, 0.838709677419355, 0.838709677419355, 
0.838709677419355, 0.838709677419355, 0.838709677419355, 0.838709677419355, 
0.838709677419355, 0.838709677419355, 0.838709677419355, 0.838709677419355, 
0.838709677419355, 2, 2, 2, 2, 2, 2, 2, 2, 2, 2, 2, 2, 2, 2, 
2, 2, 2, 2, 2, 2, 2, 2, 2, 2, 2, 2, 2, 2, 2, 2, 2, 2, 2, 2, 2, 
2, 2, 2, 2, 2, 10, 10, 10, 10, 10, 10, 10, 10, 10, 10, 10, 10, 
10, 10, 10, 10, 10, 10, 10, 10, 10, 10, 10, 10, 10, 10, 10, 10, 
10, 10, 10, 10, 10, 10, 10, 10, 10, 10, 10, 10, 2.7037037037037, 
2.7037037037037, 2.7037037037037, 2.7037037037037, 2.7037037037037, 
2.7037037037037, 2.7037037037037, 2.7037037037037, 2.7037037037037, 
2.7037037037037, 2.7037037037037, 2.7037037037037, 2.7037037037037, 
2.7037037037037, 2.7037037037037, 2.7037037037037, 2.7037037037037, 
2.7037037037037, 2.7037037037037, 2.7037037037037, 2.7037037037037, 
2.7037037037037, 2.7037037037037, 2.7037037037037, 2.7037037037037, 
2.7037037037037, 2.7037037037037, 2.7037037037037, 2.7037037037037, 
2.7037037037037, 2.7037037037037, 2.7037037037037, 2.7037037037037, 
2.7037037037037, 2.7037037037037, 2.7037037037037, 2.7037037037037, 
2.7037037037037, 2.7037037037037, 2.7037037037037, 1.9575262021002, 
1.9575262021002, 1.9575262021002, 1.9575262021002, 1.9575262021002, 
1.9575262021002, 1.9575262021002, 1.9575262021002, 1.9575262021002, 
1.9575262021002, 1.9575262021002, 1.9575262021002, 1.9575262021002, 
1.9575262021002, 1.9575262021002, 1.9575262021002, 1.9575262021002, 
1.9575262021002, 1.9575262021002, 1.9575262021002, 1.9575262021002, 
1.9575262021002, 1.9575262021002, 1.9575262021002, 1.9575262021002, 
1.9575262021002, 1.9575262021002, 1.9575262021002, 1.9575262021002, 
1.9575262021002, 1.9575262021002, 1.9575262021002, 1.9575262021002, 
1.9575262021002, 1.9575262021002, 1.9575262021002, 1.9575262021002, 
1.9575262021002, 1.9575262021002, 1.9575262021002, 73, 73, 73, 
73, 73, 73, 73, 73, 73, 73, 73, 73, 73, 73, 73, 73, 73, 73, 73, 
73, 73, 73, 73, 73, 73, 73, 73, 73, 73, 73, 73, 73, 73, 73, 73, 
73, 73, 73, 73, 73, 0.166666666666667, 0.177777777777778, 0.166666666666667, 
0.166666666666667, 0.188888888888889, 0.188888888888889, 0.177777777777778, 
0.166666666666667, 0.144444444444444, 0.166666666666667, 0.216666666666667, 
0.216666666666667, 0.216666666666667, 0.227777777777778, 0.216666666666667, 
0.227777777777778, 0.227777777777778, 0.216666666666667, 0.227777777777778, 
0.227777777777778, 0.233333333333333, 0.233333333333333, 0.244444444444444, 
0.233333333333333, 0.233333333333333, 0.255555555555556, 0.277777777777778, 
0.233333333333333, 0.233333333333333, 0.255555555555556, 0.283333333333333, 
0.283333333333333, 0.283333333333333, 0.272222222222222, 0.283333333333333, 
0.294444444444444, 0.25, 0.294444444444444, 0.294444444444444, 
0.272222222222222, 0.833333333333333, 0.822222222222222, 0.833333333333333, 
0.833333333333333, 0.811111111111111, 0.811111111111111, 0.822222222222222, 
0.833333333333333, 0.855555555555556, 0.833333333333333, 0.783333333333333, 
0.783333333333333, 0.783333333333333, 0.772222222222222, 0.783333333333333, 
0.772222222222222, 0.772222222222222, 0.783333333333333, 0.772222222222222, 
0.772222222222222, 0.766666666666667, 0.766666666666667, 0.755555555555556, 
0.766666666666667, 0.766666666666667, 0.744444444444444, 0.722222222222222, 
0.766666666666667, 0.766666666666667, 0.744444444444444, 0.716666666666667, 
0.716666666666667, 0.716666666666667, 0.727777777777778, 0.716666666666667, 
0.705555555555556, 0.75, 0.705555555555556, 0.705555555555556, 
0.727777777777778, 0.5, 0.5, 0.5, 0.5, 0.5, 0.5, 0.5, 0.5, 0.5, 
0.5, 0.5, 0.5, 0.5, 0.5, 0.5, 0.5, 0.5, 0.5, 0.5, 0.5, 0.5, 0.5, 
0.5, 0.5, 0.5, 0.5, 0.5, 0.5, 0.5, 0.5, 0.5, 0.5, 0.5, 0.5, 0.5, 
0.5, 0.5, 0.5, 0.5, 0.5, 0.471404520791032, 0.455691036764664, 
0.471404520791032, 0.471404520791032, 0.439977552738296, 0.439977552738296, 
0.455691036764664, 0.471404520791032, 0.502831488843767, 0.471404520791032, 
0.400693842672377, 0.400693842672377, 0.400693842672377, 0.384980358646009, 
0.400693842672377, 0.384980358646009, 0.384980358646009, 0.400693842672377, 
0.384980358646009, 0.384980358646009, 0.377123616632825, 0.377123616632825, 
0.361410132606458, 0.377123616632825, 0.377123616632825, 0.34569664858009, 
0.314269680527354, 0.377123616632825, 0.377123616632825, 0.34569664858009, 
0.306412938514171, 0.306412938514171, 0.306412938514171, 0.322126422540538, 
0.306412938514171, 0.290699454487803, 0.353553390593274, 0.290699454487803, 
0.290699454487803, 0.322126422540538, 0.638811275546467, 0.593120458012719, 
0.588399353240424, 0.596401043314285, 0.63863809677716, 0.615024422341842, 
0.58576620614525, 0.670861239112304, 0.644742601068131, 0.599213573522242, 
0.584239531639103, 0.627091153559879, 0.577222080639256, 0.646413502503064, 
0.671334123310424, 0.567455742169671, 0.579476498016464, 0.666422414570901, 
0.587989051870317, 0.676274959875609, 0.538484088199909, 0.643326611726923, 
0.449788119289675, 0.546868960398592, 0.536565749291487, 0.549853911789117, 
0.53695046874825, 0.52416233004873, 0.484757080610619, 0.548542840420134, 
