tmp <-
structure(c(3, 3, 3, 3, 3, 3, 3, 3, 3, 3, 3, 3, 3, 3, 3, 3, 3, 
3, 3, 3, 3, 3, 3, 3, 3, 3, 3, 3, 3, 3, 3, 3, 3, 3, 3, 3, 3, 3, 
3, 3, 4, 4, 4, 4, 4, 4, 4, 4, 4, 4, 4, 4, 4, 4, 4, 4, 4, 4, 4, 
4, 4, 4, 4, 4, 4, 4, 4, 4, 4, 4, 4, 4, 4, 4, 4, 4, 4, 4, 4, 4, 
4, 4, 4, 4, 4, 4, 4, 4, 4, 4, 4, 4, 4, 4, 4, 4, 4, 4, 4, 4, 4, 
4, 4, 4, 4, 4, 4, 4, 4, 4, 4, 4, 4, 4, 4, 4, 4, 4, 4, 4, 0, 0, 
0, 0, 0, 0, 0, 0, 0, 0, 0, 0, 0, 0, 0, 0, 0, 0, 0, 0, 0, 0, 0, 
0, 0, 0, 0, 0, 0, 0, 0, 0, 0, 0, 0, 0, 0, 0, 0, 0, 625, 625, 
625, 625, 625, 625, 625, 625, 625, 625, 625, 625, 625, 625, 625, 
625, 625, 625, 625, 625, 625, 625, 625, 625, 625, 625, 625, 625, 
625, 625, 625, 625, 625, 625, 625, 625, 625, 625, 625, 625, 0.0064, 
0.0064, 0.0064, 0.0064, 0.0064, 0.0064, 0.0064, 0.0064, 0.0064, 
0.0064, 0.0064, 0.0064, 0.0064, 0.0064, 0.0064, 0.0064, 0.0064, 
0.0064, 0.0064, 0.0064, 0.0064, 0.0064, 0.0064, 0.0064, 0.0064, 
0.0064, 0.0064, 0.0064, 0.0064, 0.0064, 0.0064, 0.0064, 0.0064, 
0.0064, 0.0064, 0.0064, 0.0064, 0.0064, 0.0064, 0.0064, 1, 1, 
1, 1, 1, 1, 1, 1, 1, 1, 1, 1, 1, 1, 1, 1, 1, 1, 1, 1, 1, 1, 1, 
1, 1, 1, 1, 1, 1, 1, 1, 1, 1, 1, 1, 1, 1, 1, 1, 1, 0, 0, 0, 0, 
0, 0, 0, 0, 0, 0, 0, 0, 0, 0, 0, 0, 0, 0, 0, 0, 0, 0, 0, 0, 0, 
0, 0, 0, 0, 0, 0, 0, 0, 0, 0, 0, 0, 0, 0, 0, 3, 3, 3, 3, 3, 3, 
3, 3, 3, 3, 3, 3, 3, 3, 3, 3, 3, 3, 3, 3, 3, 3, 3, 3, 3, 3, 3, 
3, 3, 3, 3, 3, 3, 3, 3, 3, 3, 3, 3, 3, 3, 3, 3, 3, 3, 3, 3, 3, 
3, 3, 3, 3, 3, 3, 3, 3, 3, 3, 3, 3, 3, 3, 3, 3, 3, 3, 3, 3, 3, 
3, 3, 3, 3, 3, 3, 3, 3, 3, 3, 3, 3, 3, 3, 3, 3, 3, 3, 3, 3, 3, 
3, 3, 3, 3, 3, 3, 3, 3, 3, 3, 3, 3, 3, 3, 3, 3, 3, 3, 3, 3, 3, 
3, 3, 3, 3, 3, 3, 3, 3, 3, 0, 0, 0, 0, 0, 0, 0, 0, 0, 0, 0, 0, 
0, 0, 0, 0, 0, 0, 0, 0, 0, 0, 0, 0, 0, 0, 0, 0, 0, 0, 0, 0, 0, 
0, 0, 0, 0, 0, 0, 0, 3, 3, 3, 3, 3, 3, 3, 3, 3, 3, 3, 3, 3, 3, 
3, 3, 3, 3, 3, 3, 3, 3, 3, 3, 3, 3, 3, 3, 3, 3, 3, 3, 3, 3, 3, 
3, 3, 3, 3, 3, 0.0928, 0.0928, 0.1024, 0.1008, 0.0944, 0.0864, 
0.104, 0.1056, 0.104, 0.0992, 0.1072, 0.1264, 0.1168, 0.1072, 
0.1072, 0.1104, 0.1072, 0.1168, 0.112, 0.1248, 0.144, 0.136, 
0.136, 0.1408, 0.1488, 0.1424, 0.1344, 0.1264, 0.1344, 0.1488, 
0.1632, 0.1536, 0.1504, 0.1824, 0.176, 0.1616, 0.152, 0.1456, 
0.1632, 0.1584, 0.4608, 0.4672, 0.4576, 0.456, 0.456, 0.464, 
0.4544, 0.4496, 0.4512, 0.456, 0.4544, 0.4368, 0.4432, 0.4464, 
0.4608, 0.4544, 0.4528, 0.4512, 0.4464, 0.4448, 0.4336, 0.4432, 
0.4432, 0.4336, 0.4496, 0.4416, 0.4384, 0.456, 0.4384, 0.4352, 
0.4192, 0.4336, 0.4384, 0.4096, 0.424, 0.4368, 0.4352, 0.432, 
0.432, 0.4384, 0.333333333333333, 0.333333333333333, 0.333333333333333, 
0.333333333333333, 0.333333333333333, 0.333333333333333, 0.333333333333333, 
0.333333333333333, 0.333333333333333, 0.333333333333333, 0.333333333333333, 
0.333333333333333, 0.333333333333333, 0.333333333333333, 0.333333333333333, 
0.333333333333333, 0.333333333333333, 0.333333333333333, 0.333333333333333, 
0.333333333333333, 0.333333333333333, 0.333333333333333, 0.333333333333333, 
0.333333333333333, 0.333333333333333, 0.333333333333333, 0.333333333333333, 
0.333333333333333, 0.333333333333333, 0.333333333333333, 0.333333333333333, 
0.333333333333333, 0.333333333333333, 0.333333333333333, 0.333333333333333, 
0.333333333333333, 0.333333333333333, 0.333333333333333, 0.333333333333333, 
0.333333333333333, 0.208432371126304, 0.208751463068725, 0.200187645306431, 
0.201481446623091, 0.206947078581297, 0.213971711525924, 0.198711583289282, 
0.197237454184882, 0.198634270289226, 0.202842730541011, 0.196000544216932, 
0.17920952355646, 0.187530193124556, 0.195837211309121, 0.196365916934007, 
0.193304457613717, 0.195941760054699, 0.187768936018004, 0.191695313801181, 
0.180738632653158, 0.164063077300572, 0.171262293962604, 0.171262293962604, 
0.166786730087658, 0.161602640242458, 0.165847801713901, 0.172372310227987, 
0.180235105718429, 0.172372310227987, 0.16009863626319, 0.147341960531728, 
0.156000683759185, 0.159007588917427, 0.130714549049956, 0.136782065101143, 
0.149763190849198, 0.157438157170787, 0.162652676994058, 0.147966122248754, 
0.152515616686729, 0.367212770055764, 0.34061047117099, 0.35236832775501, 
0.361900223635017, 0.358387007416676, 0.348380501943491, 0.341073454385358, 
0.361108254139733, 0.360002273288335, 0.39362517203497, 0.355513481988302, 
0.358628147366803, 0.361459146025081, 0.347115786359315, 0.341427536245017, 
0.333269649956358, 0.353216660360733, 0.365557184225266, 0.35098526226305, 
0.358668493194486, 0.337442405188436, 0.338791692054391, 0.355711411094955, 
0.336007320929172, 0.343278418537543, 0.317238952150357, 0.339684933782351, 
0.317017274503713, 0.335076148769517, 0.337231072632045, 0.310339657633617, 
0.311427878481941, 0.314234367838495, 0.280702802901031, 0.332848306843043, 
0.320376864093907, 0.279140219438998, 0.289805820669078, 0.28484267381898, 
0.286382090583452, 0.367212770055764, 0.34061047117099, 0.35236832775501, 
0.361900223635017, 0.358387007416676, 0.348380501943491, 0.341073454385358, 
0.361108254139733, 0.360002273288335, 0.39362517203497, 0.355513481988302, 
0.358628147366803, 0.36145914602508, 0.347115786359315, 0.341427536245017, 
0.333269649956358, 0.353216660360733, 0.365557184225266, 0.35098526226305, 
0.358668493194486, 0.337442405188436, 0.338791692054391, 0.355711411094955, 
0.336007320929172, 0.343278418537543, 0.317238952150357, 0.339684933782351, 
0.317017274503713, 0.335076148769517, 0.337231072632045, 0.310339657633617, 
0.311427878481941, 0.314234367838495, 0.280702802901031, 0.332848306843043, 
0.320376864093907, 0.279140219438998, 0.289805820669078, 0.28484267381898, 
0.286382090583452, 1.96811245851663, 1.95058803095126, 1.97467151206835, 
2.00913100505126, 1.98843524854756, 1.9663002143027, 1.95145410483483, 
1.97327254910942, 1.96416880305419, 1.9928265406237, 1.99378466855626, 
1.96900867238149, 1.96732291633632, 1.94408563711193, 1.92605454004909, 
1.93053926899655, 1.94597713761622, 1.97430274870406, 1.97305612692124, 
1.95912561916706, 1.93339412706603, 1.92653074412117, 1.959781732939, 
1.9152034672649, 1.91172052548434, 1.90817696586424, 1.91509840167954, 
1.91252025267526, 1.92498603636449, 1.92233777068194, 1.89275063959729, 
1.90793350681179, 1.9004700023499, 1.86838043320244, 1.9267988407385, 
1.89290147927628, 1.88281624758475, 1.88099390834529, 1.86097931888371, 
1.86426235072163, 1.96811245851663, 1.95058803095126, 1.97467151206835, 
2.00913100505126, 1.98843524854756, 1.9663002143027, 1.95145410483483, 
1.97327254910942, 1.96416880305419, 1.9928265406237, 1.99378466855626, 
1.96900867238149, 1.96732291633632, 1.94408563711193, 1.92605454004909, 
1.93053926899655, 1.94597713761622, 1.97430274870406, 1.97305612692124, 
1.95912561916706, 1.93339412706603, 1.92653074412117, 1.959781732939, 
1.9152034672649, 1.91172052548434, 1.90817696586424, 1.91509840167954, 
1.91252025267526, 1.92498603636449, 1.92233777068194, 1.89275063959729, 
1.90793350681179, 1.9004700023499, 1.86838043320244, 1.9267988407385, 
1.89290147927628, 1.88281624758475, 1.88099390834529, 1.86097931888371, 
1.86426235072163, 0.193173005173444, 0.184068537165001, 0.189700639155744, 
0.187231114311513, 0.188730536480392, 0.184655775943229, 0.165604825946878, 
0.190140509760325, 0.18156312832727, 0.207839873548978, 0.165792087365377, 
0.163426216438798, 0.163179486209962, 0.161474929747847, 0.164000158101886, 
0.149076400867172, 0.158609599406076, 0.174941057295412, 0.164509589538262, 
0.163679816996201, 0.143740512177723, 0.135447437051283, 0.138537507738471, 
0.133776610684841, 0.125887384813267, 0.131074970549893, 0.131044007702341, 
0.144091896835694, 0.130543157686763, 0.11852606124, 0.102391747167296, 
0.0997411325957603, 0.104345326844378, 0.0969371986961852, 0.104893154908544, 
0.117760256823032, 0.106767089999757, 0.11027347356617, 0.0930000099732039, 
0.0984022129329443, 0.754621266179431, 0.764030173587413, 0.769189092376026, 
0.781627109365112, 0.763621561787778, 0.766021822308037, 0.747459008046956, 
