tmp <-
structure(c(2, 2, 2, 2, 2, 2, 2, 2, 2, 2, 2, 2, 2, 2, 2, 2, 2, 
2, 2, 2, 2, 2, 2, 2, 2, 2, 2, 2, 2, 2, 2, 2, 2, 2, 2, 2, 2, 2, 
2, 2, 2, 2, 2, 2, 2, 2, 2, 2, 2, 2, 2, 2, 2, 2, 2, 2, 2, 2, 2, 
2, 2, 2, 2, 2, 2, 2, 2, 2, 2, 2, 2, 2, 2, 2, 2, 2, 2, 2, 2, 2, 
2, 2, 2, 2, 2, 2, 2, 2, 2, 2, 2, 2, 2, 2, 2, 2, 2, 2, 2, 2, 2, 
2, 2, 2, 2, 2, 2, 2, 2, 2, 2, 2, 2, 2, 2, 2, 2, 2, 2, 2, 0, 0, 
0, 0, 0, 0, 0, 0, 0, 0, 0, 0, 0, 0, 0, 0, 0, 0, 0, 0, 0, 0, 0, 
0, 0, 0, 0, 0, 0, 0, 0, 0, 0, 0, 0, 0, 0, 0, 0, 0, 5300, 5300, 
5300, 5300, 5300, 5300, 5300, 5300, 5300, 5300, 5300, 5300, 5300, 
5300, 5300, 5300, 5300, 5300, 5300, 5300, 5300, 5300, 5300, 5300, 
5300, 5300, 5300, 5300, 5300, 5300, 5300, 5300, 5300, 5300, 5300, 
5300, 5300, 5300, 5300, 5300, 0.000377358490566038, 0.000377358490566038, 
0.000377358490566038, 0.000377358490566038, 0.000377358490566038, 
0.000377358490566038, 0.000377358490566038, 0.000377358490566038, 
0.000377358490566038, 0.000377358490566038, 0.000377358490566038, 
0.000377358490566038, 0.000377358490566038, 0.000377358490566038, 
0.000377358490566038, 0.000377358490566038, 0.000377358490566038, 
0.000377358490566038, 0.000377358490566038, 0.000377358490566038, 
0.000377358490566038, 0.000377358490566038, 0.000377358490566038, 
0.000377358490566038, 0.000377358490566038, 0.000377358490566038, 
0.000377358490566038, 0.000377358490566038, 0.000377358490566038, 
0.000377358490566038, 0.000377358490566038, 0.000377358490566038, 
0.000377358490566038, 0.000377358490566038, 0.000377358490566038, 
0.000377358490566038, 0.000377358490566038, 0.000377358490566038, 
0.000377358490566038, 0.000377358490566038, 1, 1, 1, 1, 1, 1, 
1, 1, 1, 1, 1, 1, 1, 1, 1, 1, 1, 1, 1, 1, 1, 1, 1, 1, 1, 1, 1, 
1, 1, 1, 1, 1, 1, 1, 1, 1, 1, 1, 1, 1, 0, 0, 0, 0, 0, 0, 0, 0, 
0, 0, 0, 0, 0, 0, 0, 0, 0, 0, 0, 0, 0, 0, 0, 0, 0, 0, 0, 0, 0, 
0, 0, 0, 0, 0, 0, 0, 0, 0, 0, 0, 2, 2, 2, 2, 2, 2, 2, 2, 2, 2, 
2, 2, 2, 2, 2, 2, 2, 2, 2, 2, 2, 2, 2, 2, 2, 2, 2, 2, 2, 2, 2, 
2, 2, 2, 2, 2, 2, 2, 2, 2, 2, 2, 2, 2, 2, 2, 2, 2, 2, 2, 2, 2, 
2, 2, 2, 2, 2, 2, 2, 2, 2, 2, 2, 2, 2, 2, 2, 2, 2, 2, 2, 2, 2, 
2, 2, 2, 2, 2, 2, 2, 2, 2, 2, 2, 2, 2, 2, 2, 2, 2, 2, 2, 2, 2, 
2, 2, 2, 2, 2, 2, 2, 2, 2, 2, 2, 2, 2, 2, 2, 2, 2, 2, 2, 2, 2, 
2, 2, 2, 2, 2, 0, 0, 0, 0, 0, 0, 0, 0, 0, 0, 0, 0, 0, 0, 0, 0, 
0, 0, 0, 0, 0, 0, 0, 0, 0, 0, 0, 0, 0, 0, 0, 0, 0, 0, 0, 0, 0, 
0, 0, 0, 2, 2, 2, 2, 2, 2, 2, 2, 2, 2, 2, 2, 2, 2, 2, 2, 2, 2, 
2, 2, 2, 2, 2, 2, 2, 2, 2, 2, 2, 2, 2, 2, 2, 2, 2, 2, 2, 2, 2, 
2, 0.455660377358491, 0.451509433962264, 0.451509433962264, 0.456415094339623, 
0.45188679245283, 0.449245283018868, 0.453018867924528, 0.455283018867925, 
0.459811320754717, 0.452264150943396, 0.458490566037736, 0.46377358490566, 
0.457358490566038, 0.462264150943396, 0.454716981132075, 0.456981132075472, 
0.455471698113208, 0.455849056603774, 0.45811320754717, 0.451320754716981, 
0.462830188679245, 0.472641509433962, 0.458301886792453, 0.464716981132075, 
0.462830188679245, 0.457169811320755, 0.463962264150943, 0.463962264150943, 
0.468867924528302, 0.463584905660377, 0.465660377358491, 0.471698113207547, 
0.473584905660377, 0.457358490566038, 0.470566037735849, 0.470566037735849, 
0.469433962264151, 0.474716981132075, 0.46377358490566, 0.472075471698113, 
0.544339622641509, 0.548490566037736, 0.548490566037736, 0.543584905660377, 
0.54811320754717, 0.550754716981132, 0.546981132075472, 0.544716981132075, 
0.540188679245283, 0.547735849056604, 0.541509433962264, 0.53622641509434, 
0.542641509433962, 0.537735849056604, 0.545283018867925, 0.543018867924528, 
0.544528301886792, 0.544150943396226, 0.54188679245283, 0.548679245283019, 
0.537169811320755, 0.527358490566038, 0.541698113207547, 0.535283018867925, 
0.537169811320755, 0.542830188679245, 0.536037735849057, 0.536037735849057, 
0.531132075471698, 0.536415094339623, 0.534339622641509, 0.528301886792453, 
0.526415094339623, 0.542641509433962, 0.529433962264151, 0.529433962264151, 
0.530566037735849, 0.525283018867925, 0.53622641509434, 0.527924528301887, 
0.5, 0.5, 0.5, 0.5, 0.5, 0.5, 0.5, 0.5, 0.5, 0.5, 0.5, 0.5, 0.5, 
0.5, 0.5, 0.5, 0.5, 0.5, 0.5, 0.5, 0.5, 0.5, 0.5, 0.5, 0.5, 0.5, 
0.5, 0.5, 0.5, 0.5, 0.5, 0.5, 0.5, 0.5, 0.5, 0.5, 0.5, 0.5, 0.5, 
0.5, 0.0627056956901278, 0.0685760161377142, 0.0685760161377142, 
0.0616383646996575, 0.0680423506424791, 0.071778009109125, 0.0664413541567737, 
0.0632393611853629, 0.0568353752425414, 0.067508685147244, 0.0587032044758643, 
0.0512318875425725, 0.0603042009615697, 0.053366549523513, 0.0640398594282156, 
0.0608378664568048, 0.0629725284377454, 0.0624388629425102, 0.0592368699710995, 
0.0688428488853318, 0.0525660512806603, 0.038690748404547, 0.0589700372234819, 
0.0498977238044846, 0.0525660512806603, 0.0605710337091873, 0.0509650547949549, 
0.0509650547949549, 0.0440274033568983, 0.0514987202901901, 0.0485635600663969, 
0.0400249121426348, 0.0373565846664591, 0.0603042009615697, 0.0416259086283402, 
0.0416259086283402, 0.0432269051140456, 0.0357555881807537, 0.0512318875425725, 
0.0394912466473996, 0.136070078869567, 0.133402124628674, 0.12940692126936, 
0.136880906296155, 0.125060515897189, 0.131501707357892, 0.139161586096389, 
0.129152107004851, 0.131767626558832, 0.149343723153315, 0.121938549800799, 
0.120164643367842, 0.122581377334149, 0.128193136568207, 0.122132448762057, 
0.130961353141351, 0.13392772921582, 0.12886244779215, 0.11799269180934, 
0.132858016398913, 0.126625256184295, 0.111039441141639, 0.123760794193694, 
0.110892745046094, 0.123637013982352, 0.129045865276477, 0.114321302012043, 
0.112413730731511, 0.123928144240274, 0.121537481001348, 0.10822136371099, 
0.109261982630121, 0.139152914651314, 0.112680642378792, 0.125246896562153, 
0.130027338943316, 0.120657289422992, 0.124818261413264, 0.130776114749987, 
0.111754743592535, 0.136070078869567, 0.133402124628674, 0.12940692126936, 
0.136880906296155, 0.125060515897189, 0.131501707357892, 0.139161586096389, 
0.129152107004852, 0.131767626558832, 0.149343723153315, 0.121938549800799, 
0.120164643367842, 0.12258137733415, 0.128193136568207, 0.122132448762057, 
0.130961353141352, 0.133927729215819, 0.128862447792149, 0.11799269180934, 
0.132858016398913, 0.126625256184294, 0.111039441141639, 0.123760794193694, 
0.110892745046094, 0.123637013982352, 0.129045865276477, 0.114321302012043, 
0.112413730731511, 0.123928144240274, 0.121537481001348, 0.10822136371099, 
0.109261982630121, 0.139152914651314, 0.112680642378792, 0.125246896562153, 
0.130027338943316, 0.120657289422992, 0.124818261413264, 0.130776114749987, 
0.111754743592535, 2.22225943080786, 2.22024431547354, 2.22952783543714, 
2.22722310293162, 2.22036494527491, 2.22066976220198, 2.22109999365368, 
2.22875322162395, 2.21987787016049, 2.22643916165543, 2.22741879992315, 
2.21133218018854, 2.21165230780085, 2.20478773909787, 2.20941211923088, 
2.2103568603797, 2.20118615358888, 2.19958358976492, 2.20595596425183, 
2.20972705589842, 2.20355339106463, 2.19645475410433, 2.2031543064697, 
2.19524261256712, 2.19839422216471, 2.20141163138918, 2.19578403190163, 
2.19631278855067, 2.20136339225654, 2.19914933118763, 2.18027206731949, 
2.18260179254634, 2.18645433029039, 2.17896236316945, 2.19117178970357, 
2.19976801176636, 2.17965948285836, 2.19188576211615, 2.19611743723798, 
2.1733593064752, 2.22225943080786, 2.22024431547354, 2.22952783543714, 
2.22722310293162, 2.22036494527491, 2.22066976220198, 2.22109999365368, 
2.22875322162395, 2.21987787016049, 2.22643916165543, 2.22741879992315, 
2.21133218018854, 2.21165230780085, 2.20478773909787, 2.20941211923088, 
2.2103568603797, 2.20118615358888, 2.19958358976492, 2.20595596425183, 
2.20972705589842, 2.20355339106463, 2.19645475410433, 2.2031543064697, 
2.19524261256713, 2.19839422216471, 2.20141163138918, 2.19578403190163, 
2.19631278855067, 2.20136339225654, 2.19914933118763, 2.18027206731949, 
2.18260179254634, 2.18645433029039, 2.17896236316945, 2.19117178970357, 
