tmp <-
structure(c(2, 2, 2, 2, 2, 2, 2, 2, 2, 2, 2, 2, 2, 2, 2, 2, 2, 
2, 2, 2, 2, 2, 2, 2, 2, 2, 2, 2, 2, 2, 2, 2, 2, 2, 2, 2, 2, 2, 
2, 2, 4, 4, 4, 4, 4, 4, 4, 4, 4, 4, 4, 4, 4, 4, 4, 4, 4, 4, 4, 
4, 4, 4, 4, 4, 4, 4, 4, 4, 4, 4, 4, 4, 4, 4, 4, 4, 4, 4, 4, 4, 
4, 4, 4, 4, 4, 4, 4, 4, 4, 4, 4, 4, 4, 4, 4, 4, 4, 4, 4, 4, 4, 
4, 4, 4, 4, 4, 4, 4, 4, 4, 4, 4, 4, 4, 4, 4, 4, 4, 4, 4, 0, 0, 
0, 0, 0, 0, 0, 0, 0, 0, 0, 0, 0, 0, 0, 0, 0, 0, 0, 0, 0, 0, 0, 
0, 0, 0, 0, 0, 0, 0, 0, 0, 0, 0, 0, 0, 0, 0, 0, 0, 748, 748, 
748, 748, 748, 748, 748, 748, 748, 748, 748, 748, 748, 748, 748, 
748, 748, 748, 748, 748, 748, 748, 748, 748, 748, 748, 748, 748, 
748, 748, 748, 748, 748, 748, 748, 748, 748, 748, 748, 748, 0.0053475935828877, 
0.0053475935828877, 0.0053475935828877, 0.0053475935828877, 0.0053475935828877, 
0.0053475935828877, 0.0053475935828877, 0.0053475935828877, 0.0053475935828877, 
0.0053475935828877, 0.0053475935828877, 0.0053475935828877, 0.0053475935828877, 
0.0053475935828877, 0.0053475935828877, 0.0053475935828877, 0.0053475935828877, 
0.0053475935828877, 0.0053475935828877, 0.0053475935828877, 0.0053475935828877, 
0.0053475935828877, 0.0053475935828877, 0.0053475935828877, 0.0053475935828877, 
0.0053475935828877, 0.0053475935828877, 0.0053475935828877, 0.0053475935828877, 
0.0053475935828877, 0.0053475935828877, 0.0053475935828877, 0.0053475935828877, 
0.0053475935828877, 0.0053475935828877, 0.0053475935828877, 0.0053475935828877, 
0.0053475935828877, 0.0053475935828877, 0.0053475935828877, 1, 
1, 1, 1, 1, 1, 1, 1, 1, 1, 1, 1, 1, 1, 1, 1, 1, 1, 1, 1, 1, 1, 
1, 1, 1, 1, 1, 1, 1, 1, 1, 1, 1, 1, 1, 1, 1, 1, 1, 1, 0, 0, 0, 
0, 0, 0, 0, 0, 0, 0, 0, 0, 0, 0, 0, 0, 0, 0, 0, 0, 0, 0, 0, 0, 
0, 0, 0, 0, 0, 0, 0, 0, 0, 0, 0, 0, 0, 0, 0, 0, 2, 2, 2, 2, 2, 
2, 2, 2, 2, 2, 2, 2, 2, 2, 2, 2, 2, 2, 2, 2, 2, 2, 2, 2, 2, 2, 
2, 2, 2, 2, 2, 2, 2, 2, 2, 2, 2, 2, 2, 2, 2, 2, 2, 2, 2, 2, 2, 
2, 2, 2, 2, 2, 2, 2, 2, 2, 2, 2, 2, 2, 2, 2, 2, 2, 2, 2, 2, 2, 
2, 2, 2, 2, 2, 2, 2, 2, 2, 2, 2, 2, 2, 2, 2, 2, 2, 2, 2, 2, 2, 
2, 2, 2, 2, 2, 2, 2, 2, 2, 2, 2, 2, 2, 2, 2, 2, 2, 2, 2, 2, 2, 
2, 2, 2, 2, 2, 2, 2, 2, 2, 2, 0, 0, 0, 0, 0, 0, 0, 0, 0, 0, 0, 
0, 0, 0, 0, 0, 0, 0, 0, 0, 0, 0, 0, 0, 0, 0, 0, 0, 0, 0, 0, 0, 
0, 0, 0, 0, 0, 0, 0, 0, 2, 2, 2, 2, 2, 2, 2, 2, 2, 2, 2, 2, 2, 
2, 2, 2, 2, 2, 2, 2, 2, 2, 2, 2, 2, 2, 2, 2, 2, 2, 2, 2, 2, 2, 
2, 2, 2, 2, 2, 2, 0.268716577540107, 0.255347593582888, 0.258021390374332, 
0.252673796791444, 0.266042780748663, 0.266042780748663, 0.266042780748663, 
0.271390374331551, 0.25, 0.266042780748663, 0.275401069518717, 
0.288770053475936, 0.280748663101604, 0.275401069518717, 0.288770053475936, 
0.288770053475936, 0.29144385026738, 0.302139037433155, 0.296791443850267, 
0.272727272727273, 0.32620320855615, 0.318181818181818, 0.318181818181818, 
0.302139037433155, 0.318181818181818, 0.31283422459893, 0.328877005347594, 
0.32620320855615, 0.320855614973262, 0.323529411764706, 0.348930481283422, 
0.343582887700535, 0.364973262032086, 0.335561497326203, 0.324866310160428, 
0.340909090909091, 0.356951871657754, 0.308823529411765, 0.348930481283422, 
0.340909090909091, 0.731283422459893, 0.744652406417112, 0.741978609625668, 
0.747326203208556, 0.733957219251337, 0.733957219251337, 0.733957219251337, 
0.728609625668449, 0.75, 0.733957219251337, 0.724598930481283, 
0.711229946524064, 0.719251336898396, 0.724598930481283, 0.711229946524064, 
0.711229946524064, 0.70855614973262, 0.697860962566845, 0.703208556149733, 
0.727272727272727, 0.67379679144385, 0.681818181818182, 0.681818181818182, 
0.697860962566845, 0.681818181818182, 0.687165775401069, 0.671122994652406, 
0.67379679144385, 0.679144385026738, 0.676470588235294, 0.651069518716578, 
0.656417112299465, 0.635026737967914, 0.664438502673797, 0.675133689839572, 
0.659090909090909, 0.643048128342246, 0.691176470588235, 0.651069518716578, 
0.659090909090909, 0.5, 0.5, 0.5, 0.5, 0.5, 0.5, 0.5, 0.5, 0.5, 
0.5, 0.5, 0.5, 0.5, 0.5, 0.5, 0.5, 0.5, 0.5, 0.5, 0.5, 0.5, 0.5, 
0.5, 0.5, 0.5, 0.5, 0.5, 0.5, 0.5, 0.5, 0.5, 0.5, 0.5, 0.5, 0.5, 
0.5, 0.5, 0.5, 0.5, 0.5, 0.327084152794847, 0.345990751222295, 
0.342209431536805, 0.349772070907784, 0.330865472480336, 0.330865472480336, 
0.330865472480336, 0.323302833109357, 0.353553390593274, 0.330865472480336, 
0.317630853581123, 0.298724255153675, 0.310068214210144, 0.317630853581123, 
0.298724255153675, 0.298724255153675, 0.294942935468186, 0.279817656726227, 
0.287380296097207, 0.321412173266613, 0.245785779556821, 0.25712973861329, 
0.25712973861329, 0.279817656726227, 0.25712973861329, 0.264692377984269, 
0.242004459871332, 0.245785779556821, 0.2533484189278, 0.249567099242311, 
0.21364456223016, 0.221207201601139, 0.190956644117223, 0.232551160657608, 
0.247676439399566, 0.224988521286629, 0.202300603173691, 0.270364357512503, 
0.21364456223016, 0.224988521286629, 2.10799232195712, 2.09667826540881, 
2.00593138222305, 2.02138716984634, 2.02276966677793, 2.37833552207309, 
2.02015852293258, 2.02341759341251, 2.06421034671799, 2.09062175779079, 
2.00938618103413, 2.25548462468584, 2.02114167005377, 2.17230484377334, 
1.94706726364091, 1.9835104330887, 2.05685716441647, 2.09045426392585, 
2.12647999791107, 2.07460524241483, 2.10491560623726, 2.08812661134005, 
2.22464515269494, 2.19589219568752, 2.15938624964587, 2.05832787221944, 
2.1718647136037, 2.13559732530248, 2.05100676206466, 2.10391534204837, 
2.04777969310881, 1.89718325190991, 2.16980520552523, 2.09275304695075, 
2.15656450686313, 2.14502234861731, 1.96712779750913, 2.00466182903659, 
2.28907418415264, 2.16271794549899, 2.10799232195712, 2.09667826540881, 
2.00593138222305, 2.02138716984634, 2.02276966677793, 2.37833552207309, 
2.02015852293258, 2.02341759341251, 2.06421034671799, 2.09062175779079, 
2.00938618103413, 2.25548462468584, 2.02114167005377, 2.17230484377334, 
1.94706726364091, 1.9835104330887, 2.05685716441647, 2.09045426392585, 
2.12647999791107, 2.07460524241483, 2.10491560623725, 2.08812661134005, 
2.22464515269494, 2.19589219568752, 2.15938624964587, 2.05832787221944, 
2.1718647136037, 2.13559732530248, 2.05100676206466, 2.10391534204837, 
2.04777969310881, 1.89718325190991, 2.16980520552523, 2.09275304695075, 
2.15656450686313, 2.14502234861731, 1.96712779750913, 2.00466182903659, 
2.28907418415264, 2.16271794549899, 10.830402728539, 10.9335678457925, 
10.1462707757115, 10.2334126449671, 10.3649982039102, 14.0342890730688, 
10.2028451517655, 10.3148337930279, 10.4518238727538, 10.6607685009902, 
10.2058288641058, 13.0664373840442, 10.3953466182852, 11.7715358483297, 
9.65068455810216, 10.1115984721436, 10.6923933980001, 10.8841931981966, 
11.7278827973978, 10.6268340908046, 11.2934879495684, 11.1705626109235, 
12.5074661304374, 12.3771826046075, 12.1725206216851, 10.7400542546381, 
12.0903278954737, 11.9059582780657, 10.7041002549577, 11.3722015529237, 
10.8476263689633, 8.91113943784787, 11.8916215808092, 11.0356710348792, 
11.8580425543735, 12.1272195873424, 10.0625134125884, 10.448358443917, 
13.5209050629975, 11.7805897623036, 10.830402728539, 10.9335678457925, 
10.1462707757115, 10.2334126449671, 10.3649982039102, 14.0342890730688, 
10.2028451517655, 10.3148337930279, 10.4518238727538, 10.6607685009902, 
10.2058288641058, 13.0664373840442, 10.3953466182852, 11.7715358483297, 
9.65068455810216, 10.1115984721436, 10.6923933980001, 10.8841931981966, 
11.7278827973978, 10.6268340908046, 11.2934879495684, 11.1705626109235, 
12.5074661304374, 12.3771826046075, 12.1725206216851, 10.7400542546381, 
12.0903278954737, 11.9059582780657, 10.7041002549577, 11.3722015529237, 
10.8476263689633, 8.91113943784787, 11.8916215808092, 11.0356710348792, 
11.8580425543735, 12.1272195873424, 10.0625134125884, 10.4483584439169, 
13.5209050629975, 11.7805897623036, 0.475781340393001, 0.470769211790184, 
0.470289301146446, 0.469076348312896, 0.46976689430355, 0.470405643187293, 
0.472771288802076, 0.471070078728525, 0.472812362617521, 0.471279340464828, 
