tmp <-
structure(c(6, 6, 6, 6, 6, 6, 6, 6, 6, 6, 6, 6, 6, 6, 6, 6, 6, 
6, 6, 6, 6, 6, 6, 6, 6, 6, 6, 6, 6, 6, 6, 6, 6, 6, 6, 6, 6, 6, 
6, 6, 9, 9, 9, 9, 9, 9, 9, 9, 9, 9, 9, 9, 9, 9, 9, 9, 9, 9, 9, 
9, 9, 9, 9, 9, 9, 9, 9, 9, 9, 9, 9, 9, 9, 9, 9, 9, 9, 9, 9, 9, 
9, 9, 9, 9, 9, 9, 9, 9, 9, 9, 9, 9, 9, 9, 9, 9, 9, 9, 9, 9, 9, 
9, 9, 9, 9, 9, 9, 9, 9, 9, 9, 9, 9, 9, 9, 9, 9, 9, 9, 9, 0, 0, 
0, 0, 0, 0, 0, 0, 0, 0, 0, 0, 0, 0, 0, 0, 0, 0, 0, 0, 0, 0, 0, 
0, 0, 0, 0, 0, 0, 0, 0, 0, 0, 0, 0, 0, 0, 0, 0, 0, 106, 106, 
106, 106, 106, 106, 106, 106, 106, 106, 106, 106, 106, 106, 106, 
106, 106, 106, 106, 106, 106, 106, 106, 106, 106, 106, 106, 106, 
106, 106, 106, 106, 106, 106, 106, 106, 106, 106, 106, 106, 0.0849056603773585, 
0.0849056603773585, 0.0849056603773585, 0.0849056603773585, 0.0849056603773585, 
0.0849056603773585, 0.0849056603773585, 0.0849056603773585, 0.0849056603773585, 
0.0849056603773585, 0.0849056603773585, 0.0849056603773585, 0.0849056603773585, 
0.0849056603773585, 0.0849056603773585, 0.0849056603773585, 0.0849056603773585, 
0.0849056603773585, 0.0849056603773585, 0.0849056603773585, 0.0849056603773585, 
0.0849056603773585, 0.0849056603773585, 0.0849056603773585, 0.0849056603773585, 
0.0849056603773585, 0.0849056603773585, 0.0849056603773585, 0.0849056603773585, 
0.0849056603773585, 0.0849056603773585, 0.0849056603773585, 0.0849056603773585, 
0.0849056603773585, 0.0849056603773585, 0.0849056603773585, 0.0849056603773585, 
0.0849056603773585, 0.0849056603773585, 0.0849056603773585, 1, 
1, 1, 1, 1, 1, 1, 1, 1, 1, 1, 1, 1, 1, 1, 1, 1, 1, 1, 1, 1, 1, 
1, 1, 1, 1, 1, 1, 1, 1, 1, 1, 1, 1, 1, 1, 1, 1, 1, 1, 0, 0, 0, 
0, 0, 0, 0, 0, 0, 0, 0, 0, 0, 0, 0, 0, 0, 0, 0, 0, 0, 0, 0, 0, 
0, 0, 0, 0, 0, 0, 0, 0, 0, 0, 0, 0, 0, 0, 0, 0, 6, 6, 6, 6, 6, 
6, 6, 6, 6, 6, 6, 6, 6, 6, 6, 6, 6, 6, 6, 6, 6, 6, 6, 6, 6, 6, 
6, 6, 6, 6, 6, 6, 6, 6, 6, 6, 6, 6, 6, 6, 6, 6, 6, 6, 6, 6, 6, 
6, 6, 6, 6, 6, 6, 6, 6, 6, 6, 6, 6, 6, 6, 6, 6, 6, 6, 6, 6, 6, 
6, 6, 6, 6, 6, 6, 6, 6, 6, 6, 6, 6, 6, 6, 6, 6, 6, 6, 6, 6, 6, 
6, 6, 6, 6, 6, 6, 6, 6, 6, 6, 6, 6, 6, 6, 6, 6, 6, 6, 6, 6, 6, 
6, 6, 6, 6, 6, 6, 6, 6, 6, 6, 0, 0, 0, 0, 0, 0, 0, 0, 0, 0, 0, 
0, 0, 0, 0, 0, 0, 0, 0, 0, 0, 0, 0, 0, 0, 0, 0, 0, 0, 0, 0, 0, 
0, 0, 0, 0, 0, 0, 0, 0, 6, 6, 6, 6, 6, 6, 6, 6, 6, 6, 6, 6, 6, 
6, 6, 6, 6, 6, 6, 6, 6, 6, 6, 6, 6, 6, 6, 6, 6, 6, 6, 6, 6, 6, 
6, 6, 6, 6, 6, 6, 0.132075471698113, 0.132075471698113, 0.141509433962264, 
0.132075471698113, 0.122641509433962, 0.122641509433962, 0.132075471698113, 
0.141509433962264, 0.122641509433962, 0.132075471698113, 0.132075471698113, 
0.113207547169811, 0.132075471698113, 0.113207547169811, 0.10377358490566, 
0.141509433962264, 0.132075471698113, 0.141509433962264, 0.113207547169811, 
0.132075471698113, 0.113207547169811, 0.10377358490566, 0.113207547169811, 
0.132075471698113, 0.132075471698113, 0.10377358490566, 0.122641509433962, 
0.141509433962264, 0.0849056603773585, 0.132075471698113, 0.113207547169811, 
0.0754716981132075, 0.122641509433962, 0.141509433962264, 0.132075471698113, 
0.10377358490566, 0.132075471698113, 0.122641509433962, 0.132075471698113, 
0.141509433962264, 0.19811320754717, 0.216981132075472, 0.188679245283019, 
0.19811320754717, 0.207547169811321, 0.216981132075472, 0.207547169811321, 
0.19811320754717, 0.207547169811321, 0.207547169811321, 0.207547169811321, 
0.226415094339623, 0.207547169811321, 0.216981132075472, 0.207547169811321, 
0.245283018867925, 0.226415094339623, 0.19811320754717, 0.19811320754717, 
0.216981132075472, 0.216981132075472, 0.216981132075472, 0.216981132075472, 
0.207547169811321, 0.19811320754717, 0.226415094339623, 0.216981132075472, 
0.179245283018868, 0.235849056603774, 0.207547169811321, 0.207547169811321, 
0.226415094339623, 0.226415094339623, 0.207547169811321, 0.226415094339623, 
0.235849056603774, 0.179245283018868, 0.207547169811321, 0.226415094339623, 
0.19811320754717, 0.166666666666667, 0.166666666666667, 0.166666666666667, 
0.166666666666667, 0.166666666666667, 0.166666666666667, 0.166666666666667, 
0.166666666666667, 0.166666666666667, 0.166666666666667, 0.166666666666667, 
0.166666666666667, 0.166666666666667, 0.166666666666667, 0.166666666666667, 
0.166666666666667, 0.166666666666667, 0.166666666666667, 0.166666666666667, 
0.166666666666667, 0.166666666666667, 0.166666666666667, 0.166666666666667, 
0.166666666666667, 0.166666666666667, 0.166666666666667, 0.166666666666667, 
0.166666666666667, 0.166666666666667, 0.166666666666667, 0.166666666666667, 
0.166666666666667, 0.166666666666667, 0.166666666666667, 0.166666666666667, 
0.166666666666667, 0.166666666666667, 0.166666666666667, 0.166666666666667, 
0.166666666666667, 0.0236163312648033, 0.0330413221045628, 0.0203796877308423, 
0.0264599798339153, 0.0341017401552854, 0.0346197709296173, 0.0341017401552854, 
0.0257784924929801, 0.0341017401552854, 0.030227961863391, 0.0319457235200007, 
0.0437095606387272, 0.0308111917331217, 0.0341017401552854, 0.0385139896664022, 
0.0403203029555336, 0.0380490149993816, 0.0203796877308423, 0.0341017401552854, 
0.0330413221045628, 0.0341017401552854, 0.0394274918708364, 0.0346197709296173, 
0.0361293248209939, 0.0243583858252039, 0.0420490934602435, 0.0346197709296173, 
0.0128892462464901, 0.0522429173768432, 0.0277728329129807, 0.0361293248209939, 
0.0508618028154861, 0.0389734173203262, 0.0290263666898474, 0.0335757177736834, 
0.0498008374712683, 0.0175650818160616, 0.0324981400824247, 0.0351301636321231, 
0.0194867086601631, 1.18275270966092, 0.973432297114578, 1.57479538521587, 
1.22205540336321, 0.975444912663077, 1.57773958862893, 1.05778503884658, 
1.19729986695396, 1.29240042056873, 0.822846154636994, 1.02716078235707, 
1.27661942995289, 1.30291328069056, 1.64899976202632, 1.1509749037348, 
1.40545329551427, 1.66229226898429, 1.18064896373852, 1.28871765602347, 
1.31326220657659, 1.27115679150491, 1.55287794748706, 0.939153469167881, 
1.28346931997395, 1.11526029950373, 1.37259553053962, 1.15223528390245, 
1.60059795297181, 1.55821224575877, 1.28398199356929, 1.10379702092873, 
1.33874290728966, 1.37503570236922, 1.33644010970007, 1.54724793450724, 
1.58020844583868, 1.20955850001733, 1.50055137376991, 1.40409220016298, 
1.7488090167085, 1.18275270966092, 0.973432297114578, 1.57479538521587, 
1.22205540336321, 0.975444912663077, 1.57773958862893, 1.05778503884658, 
1.19729986695396, 1.29240042056873, 0.822846154636994, 1.02716078235707, 
1.27661942995289, 1.30291328069056, 1.64899976202632, 1.1509749037348, 
1.40545329551427, 1.66229226898429, 1.18064896373852, 1.28871765602347, 
1.31326220657659, 1.27115679150491, 1.55287794748706, 0.939153469167881, 
1.28346931997395, 1.11526029950373, 1.37259553053962, 1.15223528390245, 
1.60059795297181, 1.55821224575877, 1.28398199356929, 1.10379702092873, 
1.33874290728966, 1.37503570236922, 1.33644010970007, 1.54724793450724, 
1.58020844583868, 1.20955850001733, 1.50055137376991, 1.40409220016298, 
1.7488090167085, 4.99089243969715, 4.32727000467645, 6.39183612773522, 
5.03194898012276, 4.29359598534013, 6.49970408548306, 4.52095801741879, 
4.96643273811344, 5.31009888263, 3.64545146862857, 4.53959092781195, 
5.04213236794832, 5.18412786458989, 6.55763639483349, 4.73770591456049, 
5.64551739468911, 6.6601886974728, 4.80755789885611, 5.38947401475969, 
5.34468871393611, 4.85849375817697, 6.13658477636594, 4.08282972999139, 
5.04920607251108, 4.56363575284483, 5.48427064336557, 4.97260096153145, 
6.29869711602389, 6.14940161899624, 5.2051519794637, 4.40337568405352, 
4.87500927555171, 5.05515974226572, 5.12213456240255, 5.67225213556282, 
6.01549763600997, 4.66638373185633, 5.89598562505585, 5.41835633515867, 
6.5604695617679, 4.99089243969715, 4.32727000467645, 6.39183612773522, 
5.03194898012276, 4.29359598534013, 6.49970408548306, 4.52095801741879, 
4.96643273811344, 5.31009888263, 3.64545146862857, 4.53959092781195, 
5.04213236794832, 5.18412786458989, 6.55763639483349, 4.73770591456049, 
