tmp <-
structure(c(2, 2, 2, 2, 2, 2, 2, 2, 2, 2, 2, 2, 2, 2, 2, 2, 2, 
2, 2, 2, 2, 2, 2, 2, 2, 2, 2, 2, 2, 2, 2, 2, 2, 2, 2, 2, 2, 2, 
2, 2, 6, 6, 6, 6, 6, 6, 6, 6, 6, 6, 6, 6, 6, 6, 6, 6, 6, 6, 6, 
6, 6, 6, 6, 6, 6, 6, 6, 6, 6, 6, 6, 6, 6, 6, 6, 6, 6, 6, 6, 6, 
6, 6, 6, 6, 6, 6, 6, 6, 6, 6, 6, 6, 6, 6, 6, 6, 6, 6, 6, 6, 6, 
6, 6, 6, 6, 6, 6, 6, 6, 6, 6, 6, 6, 6, 6, 6, 6, 6, 6, 6, 0, 0, 
0, 0, 0, 0, 0, 0, 0, 0, 0, 0, 0, 0, 0, 0, 0, 0, 0, 0, 0, 0, 0, 
0, 0, 0, 0, 0, 0, 0, 0, 0, 0, 0, 0, 0, 0, 0, 0, 0, 345, 345, 
345, 345, 345, 345, 345, 345, 345, 345, 345, 345, 345, 345, 345, 
345, 345, 345, 345, 345, 345, 345, 345, 345, 345, 345, 345, 345, 
345, 345, 345, 345, 345, 345, 345, 345, 345, 345, 345, 345, 0.0173913043478261, 
0.0173913043478261, 0.0173913043478261, 0.0173913043478261, 0.0173913043478261, 
0.0173913043478261, 0.0173913043478261, 0.0173913043478261, 0.0173913043478261, 
0.0173913043478261, 0.0173913043478261, 0.0173913043478261, 0.0173913043478261, 
0.0173913043478261, 0.0173913043478261, 0.0173913043478261, 0.0173913043478261, 
0.0173913043478261, 0.0173913043478261, 0.0173913043478261, 0.0173913043478261, 
0.0173913043478261, 0.0173913043478261, 0.0173913043478261, 0.0173913043478261, 
0.0173913043478261, 0.0173913043478261, 0.0173913043478261, 0.0173913043478261, 
0.0173913043478261, 0.0173913043478261, 0.0173913043478261, 0.0173913043478261, 
0.0173913043478261, 0.0173913043478261, 0.0173913043478261, 0.0173913043478261, 
0.0173913043478261, 0.0173913043478261, 0.0173913043478261, 1, 
1, 1, 1, 1, 1, 1, 1, 1, 1, 1, 1, 1, 1, 1, 1, 1, 1, 1, 1, 1, 1, 
1, 1, 1, 1, 1, 1, 1, 1, 1, 1, 1, 1, 1, 1, 1, 1, 1, 1, 0, 0, 0, 
0, 0, 0, 0, 0, 0, 0, 0, 0, 0, 0, 0, 0, 0, 0, 0, 0, 0, 0, 0, 0, 
0, 0, 0, 0, 0, 0, 0, 0, 0, 0, 0, 0, 0, 0, 0, 0, 2, 2, 2, 2, 2, 
2, 2, 2, 2, 2, 2, 2, 2, 2, 2, 2, 2, 2, 2, 2, 2, 2, 2, 2, 2, 2, 
2, 2, 2, 2, 2, 2, 2, 2, 2, 2, 2, 2, 2, 2, 2, 2, 2, 2, 2, 2, 2, 
2, 2, 2, 2, 2, 2, 2, 2, 2, 2, 2, 2, 2, 2, 2, 2, 2, 2, 2, 2, 2, 
2, 2, 2, 2, 2, 2, 2, 2, 2, 2, 2, 2, 2, 2, 2, 2, 2, 2, 2, 2, 2, 
2, 2, 2, 2, 2, 2, 2, 2, 2, 2, 2, 2, 2, 2, 2, 2, 2, 2, 2, 2, 2, 
2, 2, 2, 2, 2, 2, 2, 2, 2, 2, 0, 0, 0, 0, 0, 0, 0, 0, 0, 0, 0, 
0, 0, 0, 0, 0, 0, 0, 0, 0, 0, 0, 0, 0, 0, 0, 0, 0, 0, 0, 0, 0, 
0, 0, 0, 0, 0, 0, 0, 0, 2, 2, 2, 2, 2, 2, 2, 2, 2, 2, 2, 2, 2, 
2, 2, 2, 2, 2, 2, 2, 2, 2, 2, 2, 2, 2, 2, 2, 2, 2, 2, 2, 2, 2, 
2, 2, 2, 2, 2, 2, 0.428985507246377, 0.434782608695652, 0.434782608695652, 
0.440579710144928, 0.405797101449275, 0.434782608695652, 0.405797101449275, 
0.423188405797101, 0.423188405797101, 0.423188405797101, 0.431884057971014, 
0.402898550724638, 0.472463768115942, 0.426086956521739, 0.431884057971014, 
0.443478260869565, 0.408695652173913, 0.43768115942029, 0.455072463768116, 
0.426086956521739, 0.446376811594203, 0.434782608695652, 0.434782608695652, 
0.411594202898551, 0.423188405797101, 0.423188405797101, 0.457971014492754, 
0.423188405797101, 0.434782608695652, 0.463768115942029, 0.4, 
0.457971014492754, 0.428985507246377, 0.440579710144928, 0.495652173913044, 
0.463768115942029, 0.47536231884058, 0.434782608695652, 0.457971014492754, 
0.481159420289855, 0.571014492753623, 0.565217391304348, 0.565217391304348, 
0.559420289855072, 0.594202898550725, 0.565217391304348, 0.594202898550725, 
0.576811594202899, 0.576811594202899, 0.576811594202899, 0.568115942028986, 
0.597101449275362, 0.527536231884058, 0.573913043478261, 0.568115942028986, 
0.556521739130435, 0.591304347826087, 0.56231884057971, 0.544927536231884, 
0.573913043478261, 0.553623188405797, 0.565217391304348, 0.565217391304348, 
0.588405797101449, 0.576811594202899, 0.576811594202899, 0.542028985507246, 
0.576811594202899, 0.565217391304348, 0.536231884057971, 0.6, 
0.542028985507246, 0.571014492753623, 0.559420289855072, 0.504347826086956, 
0.536231884057971, 0.52463768115942, 0.565217391304348, 0.542028985507246, 
0.518840579710145, 0.5, 0.5, 0.5, 0.5, 0.5, 0.5, 0.5, 0.5, 0.5, 
0.5, 0.5, 0.5, 0.5, 0.5, 0.5, 0.5, 0.5, 0.5, 0.5, 0.5, 0.5, 0.5, 
0.5, 0.5, 0.5, 0.5, 0.5, 0.5, 0.5, 0.5, 0.5, 0.5, 0.5, 0.5, 0.5, 
0.5, 0.5, 0.5, 0.5, 0.5, 0.10042965877722, 0.0922313192852018, 
0.0922313192852018, 0.0840329797931839, 0.133223016745292, 0.0922313192852018, 
0.133223016745292, 0.108627998269238, 0.108627998269238, 0.108627998269238, 
0.0963304890312108, 0.137322186491301, 0.0389421125870852, 0.104528828523229, 
0.0963304890312108, 0.079933810047175, 0.129123846999283, 0.0881321495391929, 
0.0635371310631391, 0.104528828523229, 0.0758346403011659, 0.0922313192852018, 
0.0922313192852018, 0.125024677253274, 0.108627998269238, 0.108627998269238, 
0.0594379613171301, 0.108627998269238, 0.0922313192852018, 0.0512396218251122, 
0.141421356237309, 0.0594379613171301, 0.10042965877722, 0.0840329797931839, 
0.00614875461901342, 0.0512396218251122, 0.0348429428410763, 
0.0922313192852018, 0.0594379613171301, 0.0266446033490583, 1.57751536264764, 
1.6015367020169, 1.71027046754471, 1.80023545450586, 1.57184494115534, 
1.56379399977577, 1.58379300444419, 1.55373865020017, 1.56413939700745, 
1.58906193109656, 1.6964588500489, 1.47864628958079, 1.57518360472585, 
1.631395383365, 1.57548662812986, 1.65409441978367, 1.56531030612002, 
1.70589992999103, 1.60794965364255, 1.77591274662797, 1.63786621797989, 
1.58865674221149, 1.80171324319776, 1.60254840289912, 1.62916091336872, 
1.64972541544556, 1.60368000741912, 1.61917596983163, 1.61137275166013, 
1.77982583592669, 1.62319216213281, 1.78231375535416, 1.6236050244474, 
1.5493362036884, 1.68857153886933, 1.58138893397046, 1.72976703502987, 
1.68070743257675, 1.76396150741353, 1.65605586936252, 1.57751536264764, 
1.6015367020169, 1.71027046754471, 1.80023545450586, 1.57184494115534, 
1.56379399977577, 1.58379300444419, 1.55373865020017, 1.56413939700746, 
1.58906193109656, 1.6964588500489, 1.47864628958079, 1.57518360472585, 
1.631395383365, 1.57548662812986, 1.65409441978367, 1.56531030612002, 
1.70589992999103, 1.60794965364255, 1.77591274662797, 1.63786621797989, 
1.58865674221149, 1.80171324319776, 1.60254840289912, 1.62916091336872, 
1.64972541544556, 1.60368000741912, 1.61917596983163, 1.61137275166013, 
1.77982583592669, 1.62319216213281, 1.78231375535416, 1.6236050244474, 
1.54933620368841, 1.68857153886933, 1.58138893397046, 1.72976703502987, 
1.68070743257675, 1.76396150741353, 1.65605586936252, 7.6503548041357, 
7.82964169455555, 8.64788498129336, 9.11985582587718, 7.64570794915662, 
7.62427530350394, 7.67070598696438, 7.47661609213652, 7.57843950342207, 
7.71580910452386, 8.62355288825641, 7.12598241170518, 7.59054814756187, 
7.96030030731492, 7.58496328740144, 8.06764109654317, 7.60520079502218, 
8.65848152779187, 7.86725655180167, 9.27586390949648, 8.04926442401442, 
7.68282822962307, 9.73572159353416, 7.84879600319253, 8.0746098636086, 
8.03386288885777, 7.70091078157089, 7.93894019642752, 7.82547527353532, 
9.23494583731828, 8.00864463053588, 9.04990770716983, 7.9510025002555, 
7.44220548485721, 8.47599269254766, 7.50972781370592, 8.73198215279082, 
8.51452245463633, 9.18055000624456, 7.87160853320174, 7.6503548041357, 
7.82964169455555, 8.64788498129336, 9.11985582587718, 7.64570794915662, 
7.62427530350394, 7.67070598696438, 7.47661609213652, 7.57843950342207, 
7.71580910452386, 8.62355288825641, 7.12598241170518, 7.59054814756187, 
7.96030030731492, 7.58496328740144, 8.06764109654317, 7.60520079502218, 
8.65848152779187, 7.86725655180167, 9.27586390949648, 8.04926442401442, 
7.68282822962307, 9.73572159353416, 7.84879600319253, 8.0746098636086, 
8.03386288885777, 7.70091078157089, 7.93894019642753, 7.82547527353532, 
9.23494583731828, 8.00864463053588, 9.04990770716983, 7.9510025002555, 
7.44220548485721, 8.47599269254766, 7.50972781370592, 8.73198215279082, 
8.51452245463633, 9.18055000624456, 7.87160853320174, 0.281646515602814, 
0.275665792050359, 0.271134264435977, 0.274949001069725, 0.284245086471926, 
0.274340357813358, 0.286582846404159, 0.277530105425034, 0.281018057940323, 
