tmp <-
structure(c(4, 4, 4, 4, 4, 4, 4, 4, 4, 4, 4, 4, 4, 4, 4, 4, 4, 
4, 4, 4, 4, 4, 4, 4, 4, 4, 4, 4, 4, 4, 4, 4, 4, 4, 4, 4, 4, 4, 
4, 4, 6, 6, 6, 6, 6, 6, 6, 6, 6, 6, 6, 6, 6, 6, 6, 6, 6, 6, 6, 
6, 6, 6, 6, 6, 6, 6, 6, 6, 6, 6, 6, 6, 6, 6, 6, 6, 6, 6, 6, 6, 
0, 0, 0, 0, 0, 0, 0, 0, 0, 0, 0, 0, 0, 0, 0, 0, 0, 0, 0, 0, 0, 
0, 0, 0, 0, 0, 0, 0, 0, 0, 0, 0, 0, 0, 0, 0, 0, 0, 0, 0, 6, 6, 
6, 6, 6, 6, 6, 6, 6, 6, 6, 6, 6, 6, 6, 6, 6, 6, 6, 6, 6, 6, 6, 
6, 6, 6, 6, 6, 6, 6, 6, 6, 6, 6, 6, 6, 6, 6, 6, 6, 1728, 1728, 
1728, 1728, 1728, 1728, 1728, 1728, 1728, 1728, 1728, 1728, 1728, 
1728, 1728, 1728, 1728, 1728, 1728, 1728, 1728, 1728, 1728, 1728, 
1728, 1728, 1728, 1728, 1728, 1728, 1728, 1728, 1728, 1728, 1728, 
1728, 1728, 1728, 1728, 1728, 0.00347222222222222, 0.00347222222222222, 
0.00347222222222222, 0.00347222222222222, 0.00347222222222222, 
0.00347222222222222, 0.00347222222222222, 0.00347222222222222, 
0.00347222222222222, 0.00347222222222222, 0.00347222222222222, 
0.00347222222222222, 0.00347222222222222, 0.00347222222222222, 
0.00347222222222222, 0.00347222222222222, 0.00347222222222222, 
0.00347222222222222, 0.00347222222222222, 0.00347222222222222, 
0.00347222222222222, 0.00347222222222222, 0.00347222222222222, 
0.00347222222222222, 0.00347222222222222, 0.00347222222222222, 
0.00347222222222222, 0.00347222222222222, 0.00347222222222222, 
0.00347222222222222, 0.00347222222222222, 0.00347222222222222, 
0.00347222222222222, 0.00347222222222222, 0.00347222222222222, 
0.00347222222222222, 0.00347222222222222, 0.00347222222222222, 
0.00347222222222222, 0.00347222222222222, 0, 0, 0, 0, 0, 0, 0, 
0, 0, 0, 0, 0, 0, 0, 0, 0, 0, 0, 0, 0, 0, 0, 0, 0, 0, 0, 0, 0, 
0, 0, 0, 0, 0, 0, 0, 0, 0, 0, 0, 0, 1, 1, 1, 1, 1, 1, 1, 1, 1, 
1, 1, 1, 1, 1, 1, 1, 1, 1, 1, 1, 1, 1, 1, 1, 1, 1, 1, 1, 1, 1, 
1, 1, 1, 1, 1, 1, 1, 1, 1, 1, 3, 3, 3, 3, 3, 3, 3, 3, 3, 3, 3, 
3, 3, 3, 3, 3, 3, 3, 3, 3, 3, 3, 3, 3, 3, 3, 3, 3, 3, 3, 3, 3, 
3, 3, 3, 3, 3, 3, 3, 3, 4, 4, 4, 4, 4, 4, 4, 4, 4, 4, 4, 4, 4, 
4, 4, 4, 4, 4, 4, 4, 4, 4, 4, 4, 4, 4, 4, 4, 4, 4, 4, 4, 4, 4, 
4, 4, 4, 4, 4, 4, 3.57142857142857, 3.57142857142857, 3.57142857142857, 
3.57142857142857, 3.57142857142857, 3.57142857142857, 3.57142857142857, 
3.57142857142857, 3.57142857142857, 3.57142857142857, 3.57142857142857, 
3.57142857142857, 3.57142857142857, 3.57142857142857, 3.57142857142857, 
3.57142857142857, 3.57142857142857, 3.57142857142857, 3.57142857142857, 
3.57142857142857, 3.57142857142857, 3.57142857142857, 3.57142857142857, 
3.57142857142857, 3.57142857142857, 3.57142857142857, 3.57142857142857, 
3.57142857142857, 3.57142857142857, 3.57142857142857, 3.57142857142857, 
3.57142857142857, 3.57142857142857, 3.57142857142857, 3.57142857142857, 
3.57142857142857, 3.57142857142857, 3.57142857142857, 3.57142857142857, 
3.57142857142857, 0.534522483824849, 0.534522483824849, 0.534522483824849, 
0.534522483824849, 0.534522483824849, 0.534522483824849, 0.534522483824849, 
0.534522483824849, 0.534522483824849, 0.534522483824849, 0.534522483824849, 
0.534522483824849, 0.534522483824849, 0.534522483824849, 0.534522483824849, 
0.534522483824849, 0.534522483824849, 0.534522483824849, 0.534522483824849, 
0.534522483824849, 0.534522483824849, 0.534522483824849, 0.534522483824849, 
0.534522483824849, 0.534522483824849, 0.534522483824849, 0.534522483824849, 
0.534522483824849, 0.534522483824849, 0.534522483824849, 0.534522483824849, 
0.534522483824849, 0.534522483824849, 0.534522483824849, 0.534522483824849, 
0.534522483824849, 0.534522483824849, 0.534522483824849, 0.534522483824849, 
0.534522483824849, 25, 25, 25, 25, 25, 25, 25, 25, 25, 25, 25, 
25, 25, 25, 25, 25, 25, 25, 25, 25, 25, 25, 25, 25, 25, 25, 25, 
25, 25, 25, 25, 25, 25, 25, 25, 25, 25, 25, 25, 25, 0.0509259259259259, 
0.0486111111111111, 0.0491898148148148, 0.052662037037037, 0.0532407407407407, 
0.0509259259259259, 0.052662037037037, 0.0532407407407407, 0.0480324074074074, 
0.0520833333333333, 0.0642361111111111, 0.0590277777777778, 0.0671296296296296, 
0.0613425925925926, 0.0601851851851852, 0.0665509259259259, 0.0659722222222222, 
0.0619212962962963, 0.0659722222222222, 0.0625, 0.0752314814814815, 
0.0787037037037037, 0.0752314814814815, 0.0827546296296296, 0.0775462962962963, 
0.0769675925925926, 0.0740740740740741, 0.0815972222222222, 0.0810185185185185, 
0.0752314814814815, 0.0908564814814815, 0.0949074074074074, 0.0902777777777778, 
0.09375, 0.0862268518518518, 0.0920138888888889, 0.083912037037037, 
0.0868055555555556, 0.09375, 0.0902777777777778, 0.671296296296296, 
0.672453703703704, 0.663773148148148, 0.66724537037037, 0.662037037037037, 
0.673611111111111, 0.670717592592593, 0.671296296296296, 0.668402777777778, 
0.675925925925926, 0.644675925925926, 0.640046296296296, 0.641203703703704, 
0.647569444444444, 0.644675925925926, 0.631944444444444, 0.638888888888889, 
0.643518518518518, 0.640046296296296, 0.642939814814815, 0.609375, 
0.608217592592593, 0.615162037037037, 0.603009259259259, 0.608217592592593, 
0.609375, 0.616319444444444, 0.607060185185185, 0.608217592592593, 
0.620949074074074, 0.579282407407407, 0.575231481481482, 0.587962962962963, 
0.585069444444444, 0.592013888888889, 0.571180555555556, 0.591435185185185, 
0.590856481481482, 0.578703703703704, 0.576967592592593, 0.25, 
0.25, 0.25, 0.25, 0.25, 0.25, 0.25, 0.25, 0.25, 0.25, 0.25, 0.25, 
0.25, 0.25, 0.25, 0.25, 0.25, 0.25, 0.25, 0.25, 0.25, 0.25, 0.25, 
0.25, 0.25, 0.25, 0.25, 0.25, 0.25, 0.25, 0.25, 0.25, 0.25, 0.25, 
0.25, 0.25, 0.25, 0.25, 0.25, 0.25, 0.292169919058503, 0.292560908680681, 
0.28983062242418, 0.289535821145986, 0.287016812808024, 0.293913502517599, 
0.291645997944913, 0.29161039837895, 0.290606462145568, 0.294656241159745, 
0.273942710088248, 0.270323809119688, 0.270930590852052, 0.275988886754775, 
0.274076746003826, 0.265884386451581, 0.269747943809217, 0.272060914903333, 
0.270562806749147, 0.272070762460183, 0.250426965219647, 0.247597282342216, 
0.252703415072628, 0.245328965904506, 0.248246576636013, 0.248956064424234, 
0.254966545481364, 0.247619373684336, 0.247887468597962, 0.255517618991552, 
0.229283059823577, 0.225837343966685, 0.233400609422379, 0.231661292045944, 
0.235035411201689, 0.225520766508415, 0.237417617260622, 0.235675262665477, 
0.228864450306471, 0.226996973454189, 0, 0, 0, 0, 0, 0, 0, 0, 
0, 0, 0, 0, 0, 0, 0, 0, 0, 0, 0, 0, 0, 0, 0, 0, 0, 0, 0, 0, 0, 
0, 0, 0, 0, 0, 0, 0, 0, 0, 0, 0, 1.55946237811679, 1.47877884357915, 
1.65360822302931, 1.59077854420007, 1.49989398783431, 1.57754605970075, 
1.60877636149631, 1.4748384018467, 1.49544131140496, 1.61929619057833, 
1.28281880484472, 1.29203009505411, 1.26333902417946, 1.29510363339703, 
1.26841718169014, 1.2533570695091, 1.25319372262361, 1.31820791644682, 
1.28078848976923, 1.28703271313401, 1.17474306350562, 1.18781106508887, 
1.17249004351472, 1.17654061943288, 1.1797799135551, 1.17290180835783, 
1.19300399765285, 1.16493738699509, 1.16609625017706, 1.17675524471237, 
1.11848493288953, 1.12158840568934, 1.11617182461458, 1.11413498275958, 
1.12459070715484, 1.11852891112823, 1.11081921256017, 1.12467367240347, 
1.11188716495389, 1.12126525125356, 3, 3, 3, 3, 3, 3, 3, 3, 3, 
3, 3, 3, 3, 3, 3, 3, 3, 3, 3, 3, 3, 3, 3, 3, 3, 3, 3, 3, 3, 3, 
3, 3, 3, 3, 3, 3, 3, 3, 3, 3, 5.43706679885343, 4.90857590699486, 
6.33067281125221, 6.52562296719577, 4.85730768227076, 5.85566392528661, 
6.31373698138261, 4.61544762419867, 4.7132942187097, 6.09073589525703, 
3.37413586667416, 3.35584764632832, 3.2652751031871, 3.38332061440451, 
3.24573208274155, 3.1544173458462, 3.26265998529577, 3.68211203624207, 
3.45156340987501, 3.4428439433535, 2.80188242662216, 2.85285178159206, 
2.75596160243091, 2.79511370129458, 2.80116195192956, 2.80767089884853, 
2.82719473800394, 2.74231295570726, 2.77443805116984, 2.80131932174891, 
2.4965543701166, 2.55414418508782, 2.50159005516984, 2.51750726371921, 
2.54483202985146, 2.488955631629, 2.48191424573721, 2.55613781674305, 
