tmp <-
structure(c(10, 10, 10, 10, 10, 10, 10, 10, 10, 10, 10, 10, 10, 
10, 10, 10, 10, 10, 10, 10, 10, 10, 10, 10, 10, 10, 10, 10, 10, 
10, 10, 10, 10, 10, 10, 10, 10, 10, 10, 10, 20, 20, 20, 20, 20, 
20, 20, 20, 20, 20, 20, 20, 20, 20, 20, 20, 20, 20, 20, 20, 20, 
20, 20, 20, 20, 20, 20, 20, 20, 20, 20, 20, 20, 20, 20, 20, 20, 
20, 20, 20, 20, 20, 20, 20, 20, 20, 20, 20, 20, 20, 20, 20, 20, 
20, 20, 20, 20, 20, 20, 20, 20, 20, 20, 20, 20, 20, 20, 20, 20, 
20, 20, 20, 20, 20, 20, 20, 20, 20, 20, 20, 0, 0, 0, 0, 0, 0, 
0, 0, 0, 0, 0, 0, 0, 0, 0, 0, 0, 0, 0, 0, 0, 0, 0, 0, 0, 0, 0, 
0, 0, 0, 0, 0, 0, 0, 0, 0, 0, 0, 0, 0, 2126, 2126, 2126, 2126, 
2126, 2126, 2126, 2126, 2126, 2126, 2126, 2126, 2126, 2126, 2126, 
2126, 2126, 2126, 2126, 2126, 2126, 2126, 2126, 2126, 2126, 2126, 
2126, 2126, 2126, 2126, 2126, 2126, 2126, 2126, 2126, 2126, 2126, 
2126, 2126, 2126, 0.00940733772342427, 0.00940733772342427, 0.00940733772342427, 
0.00940733772342427, 0.00940733772342427, 0.00940733772342427, 
0.00940733772342427, 0.00940733772342427, 0.00940733772342427, 
0.00940733772342427, 0.00940733772342427, 0.00940733772342427, 
0.00940733772342427, 0.00940733772342427, 0.00940733772342427, 
0.00940733772342427, 0.00940733772342427, 0.00940733772342427, 
0.00940733772342427, 0.00940733772342427, 0.00940733772342427, 
0.00940733772342427, 0.00940733772342427, 0.00940733772342427, 
0.00940733772342427, 0.00940733772342427, 0.00940733772342427, 
0.00940733772342427, 0.00940733772342427, 0.00940733772342427, 
0.00940733772342427, 0.00940733772342427, 0.00940733772342427, 
0.00940733772342427, 0.00940733772342427, 0.00940733772342427, 
0.00940733772342427, 0.00940733772342427, 0.00940733772342427, 
0.00940733772342427, 1, 1, 1, 1, 1, 1, 1, 1, 1, 1, 1, 1, 1, 1, 
1, 1, 1, 1, 1, 1, 1, 1, 1, 1, 1, 1, 1, 1, 1, 1, 1, 1, 1, 1, 1, 
1, 1, 1, 1, 1, 0, 0, 0, 0, 0, 0, 0, 0, 0, 0, 0, 0, 0, 0, 0, 0, 
0, 0, 0, 0, 0, 0, 0, 0, 0, 0, 0, 0, 0, 0, 0, 0, 0, 0, 0, 0, 0, 
0, 0, 0, 10, 10, 10, 10, 10, 10, 10, 10, 10, 10, 10, 10, 10, 
10, 10, 10, 10, 10, 10, 10, 10, 10, 10, 10, 10, 10, 10, 10, 10, 
10, 10, 10, 10, 10, 10, 10, 10, 10, 10, 10, 10, 10, 10, 10, 10, 
10, 10, 10, 10, 10, 10, 10, 10, 10, 10, 10, 10, 10, 10, 10, 10, 
10, 10, 10, 10, 10, 10, 10, 10, 10, 10, 10, 10, 10, 10, 10, 10, 
10, 10, 10, 10, 10, 10, 10, 10, 10, 10, 10, 10, 10, 10, 10, 10, 
10, 10, 10, 10, 10, 10, 10, 10, 10, 10, 10, 10, 10, 10, 10, 10, 
10, 10, 10, 10, 10, 10, 10, 10, 10, 10, 10, 0, 0, 0, 0, 0, 0, 
0, 0, 0, 0, 0, 0, 0, 0, 0, 0, 0, 0, 0, 0, 0, 0, 0, 0, 0, 0, 0, 
0, 0, 0, 0, 0, 0, 0, 0, 0, 0, 0, 0, 0, 10, 10, 10, 10, 10, 10, 
10, 10, 10, 10, 10, 10, 10, 10, 10, 10, 10, 10, 10, 10, 10, 10, 
10, 10, 10, 10, 10, 10, 10, 10, 10, 10, 10, 10, 10, 10, 10, 10, 
10, 10, 0.0305738476011289, 0.0277516462841016, 0.0301034807149577, 
0.0343367826904986, 0.0291627469426152, 0.0310442144873001, 0.028692380056444, 
0.028692380056444, 0.0305738476011289, 0.0291627469426152, 0.0338664158043274, 
0.0315145813734713, 0.0301034807149577, 0.0315145813734713, 0.0315145813734713, 
0.0329256820319849, 0.0315145813734713, 0.0291627469426152, 0.0357478833490122, 
0.0329256820319849, 0.0362182502351834, 0.0366886171213547, 0.0380997177798683, 
0.0362182502351834, 0.0380997177798683, 0.0404515522107244, 0.0395108184383819, 
0.0404515522107244, 0.0366886171213547, 0.0366886171213547, 0.0357478833490122, 
0.0437441204139229, 0.0432737535277516, 0.0423330197554092, 0.0442144873000941, 
0.0404515522107244, 0.041862652869238, 0.0432737535277516, 0.041862652869238, 
0.0409219190968956, 0.26340545625588, 0.259172154280339, 0.261994355597366, 
0.262935089369708, 0.260112888052681, 0.266698024459078, 0.259172154280339, 
0.265757290686736, 0.261994355597366, 0.262464722483537, 0.253527751646284, 
0.256820319849483, 0.254468485418627, 0.246942615239887, 0.25211665098777, 
0.244590780809031, 0.253057384760113, 0.253527751646284, 0.259172154280339, 
0.259172154280339, 0.24788334901223, 0.245531514581373, 0.249294449670743, 
0.238946378174976, 0.246001881467545, 0.248353715898401, 0.247412982126058, 
0.241768579492004, 0.251175917215428, 0.24788334901223, 0.227187206020696, 
0.237535277516463, 0.236124176857949, 0.24412041392286, 0.240827845719661, 
0.231890874882408, 0.227657572906867, 0.232831608654751, 0.240827845719661, 
0.227657572906867, 0.1, 0.1, 0.1, 0.1, 0.1, 0.1, 0.1, 0.1, 0.1, 
0.1, 0.1, 0.1, 0.1, 0.1, 0.1, 0.1, 0.1, 0.1, 0.1, 0.1, 0.1, 0.1, 
0.1, 0.1, 0.1, 0.1, 0.1, 0.1, 0.1, 0.1, 0.1, 0.1, 0.1, 0.1, 0.1, 
0.1, 0.1, 0.1, 0.1, 0.1, 0.0781146463689032, 0.077347731065737, 
0.0774899843248386, 0.077637043279776, 0.0770292538180899, 0.0775182133776225, 
0.076667461797862, 0.0790020980587737, 0.0761585174945237, 0.0769778558356566, 
0.0726794891152256, 0.0739103898862841, 0.073106777381312, 0.0727450771953395, 
0.074069535134651, 0.0701459167501617, 0.0743877956090687, 0.0729226119887873, 
0.0732109433201549, 0.0750648176737183, 0.069781199389946, 0.0686943958236027, 
0.0703397992279963, 0.0669201298594715, 0.0679043564096967, 0.0690723268950249, 
0.0672850107782217, 0.0684283506603321, 0.0701126159031473, 0.0692255494587522, 
0.0631982835331525, 0.0648834326916054, 0.0642713125880804, 0.0660229364579466, 
0.0646287068486916, 0.0631449709810215, 0.0620639555708156, 0.0631815552402373, 
0.0651088512413222, 0.0625822508648998, 1.95665584200297, 1.9476110842149, 
1.85679121317114, 1.87344591851332, 1.79073199982894, 2.09551037714075, 
2.00032829231811, 2.01626883709213, 1.9992364608955, 1.96346636806209, 
1.72746386074409, 1.87598435883446, 1.82499157015708, 1.75374106156178, 
1.83224980106846, 1.79297671121483, 1.73099641859554, 1.86234749946737, 
1.8708801702596, 1.74181008065889, 1.72077163065031, 1.75838850348897, 
1.70539112830117, 1.6056146407652, 1.78590758747902, 1.77833813898002, 
1.70216396584182, 1.84603578849732, 1.71329827405771, 1.69149196005679, 
1.61593650989799, 1.62060221762491, 1.67221528024435, 1.60013333993539, 
1.67097045180224, 1.69586305847434, 1.63361527602272, 1.62569513108026, 
1.6324439257051, 1.63759567256013, 1.95665584200297, 1.9476110842149, 
1.85679121317114, 1.87344591851332, 1.79073199982894, 2.09551037714074, 
2.00032829231811, 2.01626883709213, 1.9992364608955, 1.96346636806209, 
1.72746386074409, 1.87598435883446, 1.82499157015708, 1.75374106156178, 
1.83224980106846, 1.79297671121483, 1.73099641859554, 1.86234749946738, 
1.8708801702596, 1.74181008065889, 1.72077163065031, 1.75838850348897, 
1.70539112830117, 1.6056146407652, 1.78590758747902, 1.77833813898002, 
1.70216396584182, 1.84603578849732, 1.71329827405771, 1.69149196005679, 
1.61593650989799, 1.62060221762491, 1.67221528024435, 1.60013333993539, 
1.67097045180224, 1.69586305847433, 1.63361527602272, 1.62569513108026, 
1.6324439257051, 1.63759567256013, 14.1863613395613, 14.0839234264325, 
13.3737823021443, 13.2809339469563, 11.7843582236376, 16.6675428996454, 
14.5771274330939, 15.4645971443265, 14.771853671986, 13.9884952363876, 
10.84982862075, 13.5668287053486, 13.2050659049159, 11.4581430850131, 
12.6393238124708, 12.4067245536995, 11.3246922683021, 13.3959987499166, 
13.1396495327174, 10.7357361345183, 11.5907853937784, 11.3327567982602, 
10.9082543499398, 9.50927481424183, 12.4795602439586, 11.8137744788005, 
11.3145646533373, 13.6008234649073, 11.443484313211, 11.0013583984096, 
10.0510394498847, 9.63039390414723, 10.5211469940673, 9.71507428618828, 
11.2639452186074, 12.1793848813052, 10.4843058565572, 10.396955249507, 
10.4593266285767, 11.1222489761535, 14.1863613395613, 14.0839234264325, 
13.3737823021443, 13.2809339469563, 11.7843582236376, 16.6675428996454, 
14.5771274330939, 15.4645971443265, 14.771853671986, 13.9884952363876, 
10.84982862075, 13.5668287053486, 13.2050659049159, 11.4581430850131, 
12.6393238124708, 12.4067245536995, 11.3246922683021, 13.3959987499166, 
13.1396495327174, 10.7357361345183, 11.5907853937784, 11.3327567982602, 
10.9082543499398, 9.50927481424183, 12.4795602439586, 11.8137744788005, 
