tmp <-
structure(c(3, 3, 3, 3, 3, 3, 3, 3, 3, 3, 3, 3, 3, 3, 3, 3, 3, 
3, 3, 3, 3, 3, 3, 3, 3, 3, 3, 3, 3, 3, 3, 3, 3, 3, 3, 3, 3, 3, 
3, 3, 9, 9, 9, 9, 9, 9, 9, 9, 9, 9, 9, 9, 9, 9, 9, 9, 9, 9, 9, 
9, 9, 9, 9, 9, 9, 9, 9, 9, 9, 9, 9, 9, 9, 9, 9, 9, 9, 9, 9, 9, 
2, 2, 2, 2, 2, 2, 2, 2, 2, 2, 2, 2, 2, 2, 2, 2, 2, 2, 2, 2, 2, 
2, 2, 2, 2, 2, 2, 2, 2, 2, 2, 2, 2, 2, 2, 2, 2, 2, 2, 2, 7, 7, 
7, 7, 7, 7, 7, 7, 7, 7, 7, 7, 7, 7, 7, 7, 7, 7, 7, 7, 7, 7, 7, 
7, 7, 7, 7, 7, 7, 7, 7, 7, 7, 7, 7, 7, 7, 7, 7, 7, 1473, 1473, 
1473, 1473, 1473, 1473, 1473, 1473, 1473, 1473, 1473, 1473, 1473, 
1473, 1473, 1473, 1473, 1473, 1473, 1473, 1473, 1473, 1473, 1473, 
1473, 1473, 1473, 1473, 1473, 1473, 1473, 1473, 1473, 1473, 1473, 
1473, 1473, 1473, 1473, 1473, 0.00610997963340122, 0.00610997963340122, 
0.00610997963340122, 0.00610997963340122, 0.00610997963340122, 
0.00610997963340122, 0.00610997963340122, 0.00610997963340122, 
0.00610997963340122, 0.00610997963340122, 0.00610997963340122, 
0.00610997963340122, 0.00610997963340122, 0.00610997963340122, 
0.00610997963340122, 0.00610997963340122, 0.00610997963340122, 
0.00610997963340122, 0.00610997963340122, 0.00610997963340122, 
0.00610997963340122, 0.00610997963340122, 0.00610997963340122, 
0.00610997963340122, 0.00610997963340122, 0.00610997963340122, 
0.00610997963340122, 0.00610997963340122, 0.00610997963340122, 
0.00610997963340122, 0.00610997963340122, 0.00610997963340122, 
0.00610997963340122, 0.00610997963340122, 0.00610997963340122, 
0.00610997963340122, 0.00610997963340122, 0.00610997963340122, 
0.00610997963340122, 0.00610997963340122, 0.222222222222222, 
0.222222222222222, 0.222222222222222, 0.222222222222222, 0.222222222222222, 
0.222222222222222, 0.222222222222222, 0.222222222222222, 0.222222222222222, 
0.222222222222222, 0.222222222222222, 0.222222222222222, 0.222222222222222, 
0.222222222222222, 0.222222222222222, 0.222222222222222, 0.222222222222222, 
0.222222222222222, 0.222222222222222, 0.222222222222222, 0.222222222222222, 
0.222222222222222, 0.222222222222222, 0.222222222222222, 0.222222222222222, 
0.222222222222222, 0.222222222222222, 0.222222222222222, 0.222222222222222, 
0.222222222222222, 0.222222222222222, 0.222222222222222, 0.222222222222222, 
0.222222222222222, 0.222222222222222, 0.222222222222222, 0.222222222222222, 
0.222222222222222, 0.222222222222222, 0.222222222222222, 0.777777777777778, 
0.777777777777778, 0.777777777777778, 0.777777777777778, 0.777777777777778, 
0.777777777777778, 0.777777777777778, 0.777777777777778, 0.777777777777778, 
0.777777777777778, 0.777777777777778, 0.777777777777778, 0.777777777777778, 
0.777777777777778, 0.777777777777778, 0.777777777777778, 0.777777777777778, 
0.777777777777778, 0.777777777777778, 0.777777777777778, 0.777777777777778, 
0.777777777777778, 0.777777777777778, 0.777777777777778, 0.777777777777778, 
0.777777777777778, 0.777777777777778, 0.777777777777778, 0.777777777777778, 
0.777777777777778, 0.777777777777778, 0.777777777777778, 0.777777777777778, 
0.777777777777778, 0.777777777777778, 0.777777777777778, 0.777777777777778, 
0.777777777777778, 0.777777777777778, 0.777777777777778, 2, 2, 
2, 2, 2, 2, 2, 2, 2, 2, 2, 2, 2, 2, 2, 2, 2, 2, 2, 2, 2, 2, 2, 
2, 2, 2, 2, 2, 2, 2, 2, 2, 2, 2, 2, 2, 2, 2, 2, 2, 4, 4, 4, 4, 
4, 4, 4, 4, 4, 4, 4, 4, 4, 4, 4, 4, 4, 4, 4, 4, 4, 4, 4, 4, 4, 
4, 4, 4, 4, 4, 4, 4, 4, 4, 4, 4, 4, 4, 4, 4, 3.125, 3.125, 3.125, 
3.125, 3.125, 3.125, 3.125, 3.125, 3.125, 3.125, 3.125, 3.125, 
3.125, 3.125, 3.125, 3.125, 3.125, 3.125, 3.125, 3.125, 3.125, 
3.125, 3.125, 3.125, 3.125, 3.125, 3.125, 3.125, 3.125, 3.125, 
3.125, 3.125, 3.125, 3.125, 3.125, 3.125, 3.125, 3.125, 3.125, 
3.125, 0.991031208965115, 0.991031208965115, 0.991031208965115, 
0.991031208965115, 0.991031208965115, 0.991031208965115, 0.991031208965115, 
0.991031208965115, 0.991031208965115, 0.991031208965115, 0.991031208965115, 
0.991031208965115, 0.991031208965115, 0.991031208965115, 0.991031208965115, 
0.991031208965115, 0.991031208965115, 0.991031208965115, 0.991031208965115, 
0.991031208965115, 0.991031208965115, 0.991031208965115, 0.991031208965115, 
0.991031208965115, 0.991031208965115, 0.991031208965115, 0.991031208965115, 
0.991031208965115, 0.991031208965115, 0.991031208965115, 0.991031208965115, 
0.991031208965115, 0.991031208965115, 0.991031208965115, 0.991031208965115, 
0.991031208965115, 0.991031208965115, 0.991031208965115, 0.991031208965115, 
0.991031208965115, 25, 25, 25, 25, 25, 25, 25, 25, 25, 25, 25, 
25, 25, 25, 25, 25, 25, 25, 25, 25, 25, 25, 25, 25, 25, 25, 25, 
25, 25, 25, 25, 25, 25, 25, 25, 25, 25, 25, 25, 25, 0.233536999321113, 
0.234215885947047, 0.236931432450781, 0.238968092328581, 0.235573659198914, 
0.23489477257298, 0.233536999321113, 0.237610319076714, 0.227427019687712, 
0.228105906313646, 0.244399185336049, 0.242362525458248, 0.240325865580448, 
0.240325865580448, 0.238289205702648, 0.245756958587916, 0.241004752206382, 
0.251188051595384, 0.245078071961982, 0.251188051595384, 0.247114731839783, 
0.255261371350984, 0.257298031228785, 0.24847250509165, 0.259334691106585, 
0.246435845213849, 0.246435845213849, 0.249830278343517, 0.262729124236253, 
0.251188051595384, 0.25050916496945, 0.255940257976918, 0.254582484725051, 
0.249151391717583, 0.263408010862186, 0.253903598099117, 0.246435845213849, 
0.260013577732519, 0.265444670739986, 0.263408010862186, 0.419551934826884, 
0.412763068567549, 0.41887304820095, 0.420909708078751, 0.417515274949084, 
0.415478615071283, 0.41887304820095, 0.413441955193483, 0.430414120841819, 
0.421588594704684, 0.412763068567549, 0.421588594704684, 0.411405295315682, 
0.413441955193483, 0.410726408689749, 0.412763068567549, 0.41887304820095, 
0.404616429056348, 0.410726408689749, 0.403937542430414, 0.410726408689749, 
0.405295315682281, 0.404616429056348, 0.40122199592668, 0.390359809911745, 
0.398506449422946, 0.401900882552614, 0.404616429056348, 0.394433129667346, 
0.408689748811948, 0.405974202308215, 0.412084181941616, 0.40122199592668, 
0.415478615071283, 0.410726408689749, 0.403258655804481, 0.405974202308215, 
0.401900882552614, 0.395112016293279, 0.398506449422946, 0.333333333333333, 
0.333333333333333, 0.333333333333333, 0.333333333333333, 0.333333333333333, 
0.333333333333333, 0.333333333333333, 0.333333333333333, 0.333333333333333, 
0.333333333333333, 0.333333333333333, 0.333333333333333, 0.333333333333333, 
0.333333333333333, 0.333333333333333, 0.333333333333333, 0.333333333333333, 
0.333333333333333, 0.333333333333333, 0.333333333333333, 0.333333333333333, 
0.333333333333333, 0.333333333333333, 0.333333333333333, 0.333333333333333, 
0.333333333333333, 0.333333333333333, 0.333333333333333, 0.333333333333333, 
0.333333333333333, 0.333333333333333, 0.333333333333333, 0.333333333333333, 
0.333333333333333, 0.333333333333333, 0.333333333333333, 0.333333333333333, 
0.333333333333333, 0.333333333333333, 0.333333333333333, 0.0937478275645116, 
0.0908871751831184, 0.0914558811625195, 0.0911605968292274, 0.0917276076255508, 
0.0913878233072622, 0.0934869036051202, 0.0889496936605637, 0.101780932607414, 
0.0978515635125565, 0.0845833889760611, 0.089643887794944, 0.0865121079335114, 
0.08727588607256, 0.0875632170394364, 0.0838005727553604, 0.0891282739023832, 
0.0772887900432094, 0.0833566624747906, 0.0770259631933716, 0.0821621119136575, 
0.0752033576460659, 0.0737740820596199, 0.0777762337908323, 0.0671411665416418, 
0.0783283372809556, 0.0793368417177654, 0.0781132745856013, 0.0663644231356412, 
0.0789700113039119, 0.0782311903815888, 0.0780808165231765, 0.0739207472576576, 
0.083182313593283, 0.073942566120514, 0.0751297791293251, 0.0807190202998525, 
0.0710629257517389, 0.0650492429936712, 0.0676744754283948, 0.70729551144845, 
0.670446714029314, 0.700028117194514, 0.686999125465172, 0.691230737441186, 
0.677613339506755, 0.700824192494032, 0.696445270173396, 0.681310517810125, 
0.688307261656143, 0.673886628531117, 0.696424272027941, 0.694710887237762, 
