tmp <-
structure(c(13, 13, 13, 13, 13, 13, 13, 13, 13, 13, 13, 13, 13, 
13, 13, 13, 13, 13, 13, 13, 13, 13, 13, 13, 13, 13, 13, 13, 13, 
13, 13, 13, 13, 13, 13, 13, 13, 13, 13, 13, 21, 21, 21, 21, 21, 
21, 21, 21, 21, 21, 21, 21, 21, 21, 21, 21, 21, 21, 21, 21, 21, 
21, 21, 21, 21, 21, 21, 21, 21, 21, 21, 21, 21, 21, 21, 21, 21, 
21, 21, 21, 20, 20, 20, 20, 20, 20, 20, 20, 20, 20, 20, 20, 20, 
20, 20, 20, 20, 20, 20, 20, 20, 20, 20, 20, 20, 20, 20, 20, 20, 
20, 20, 20, 20, 20, 20, 20, 20, 20, 20, 20, 1, 1, 1, 1, 1, 1, 
1, 1, 1, 1, 1, 1, 1, 1, 1, 1, 1, 1, 1, 1, 1, 1, 1, 1, 1, 1, 1, 
1, 1, 1, 1, 1, 1, 1, 1, 1, 1, 1, 1, 1, 485, 485, 485, 485, 485, 
485, 485, 485, 485, 485, 485, 485, 485, 485, 485, 485, 485, 485, 
485, 485, 485, 485, 485, 485, 485, 485, 485, 485, 485, 485, 485, 
485, 485, 485, 485, 485, 485, 485, 485, 485, 0.0432989690721649, 
0.0432989690721649, 0.0432989690721649, 0.0432989690721649, 0.0432989690721649, 
0.0432989690721649, 0.0432989690721649, 0.0432989690721649, 0.0432989690721649, 
0.0432989690721649, 0.0432989690721649, 0.0432989690721649, 0.0432989690721649, 
0.0432989690721649, 0.0432989690721649, 0.0432989690721649, 0.0432989690721649, 
0.0432989690721649, 0.0432989690721649, 0.0432989690721649, 0.0432989690721649, 
0.0432989690721649, 0.0432989690721649, 0.0432989690721649, 0.0432989690721649, 
0.0432989690721649, 0.0432989690721649, 0.0432989690721649, 0.0432989690721649, 
0.0432989690721649, 0.0432989690721649, 0.0432989690721649, 0.0432989690721649, 
0.0432989690721649, 0.0432989690721649, 0.0432989690721649, 0.0432989690721649, 
0.0432989690721649, 0.0432989690721649, 0.0432989690721649, 0.952380952380952, 
0.952380952380952, 0.952380952380952, 0.952380952380952, 0.952380952380952, 
0.952380952380952, 0.952380952380952, 0.952380952380952, 0.952380952380952, 
0.952380952380952, 0.952380952380952, 0.952380952380952, 0.952380952380952, 
0.952380952380952, 0.952380952380952, 0.952380952380952, 0.952380952380952, 
0.952380952380952, 0.952380952380952, 0.952380952380952, 0.952380952380952, 
0.952380952380952, 0.952380952380952, 0.952380952380952, 0.952380952380952, 
0.952380952380952, 0.952380952380952, 0.952380952380952, 0.952380952380952, 
0.952380952380952, 0.952380952380952, 0.952380952380952, 0.952380952380952, 
0.952380952380952, 0.952380952380952, 0.952380952380952, 0.952380952380952, 
0.952380952380952, 0.952380952380952, 0.952380952380952, 0.0476190476190476, 
0.0476190476190476, 0.0476190476190476, 0.0476190476190476, 0.0476190476190476, 
0.0476190476190476, 0.0476190476190476, 0.0476190476190476, 0.0476190476190476, 
0.0476190476190476, 0.0476190476190476, 0.0476190476190476, 0.0476190476190476, 
0.0476190476190476, 0.0476190476190476, 0.0476190476190476, 0.0476190476190476, 
0.0476190476190476, 0.0476190476190476, 0.0476190476190476, 0.0476190476190476, 
0.0476190476190476, 0.0476190476190476, 0.0476190476190476, 0.0476190476190476, 
0.0476190476190476, 0.0476190476190476, 0.0476190476190476, 0.0476190476190476, 
0.0476190476190476, 0.0476190476190476, 0.0476190476190476, 0.0476190476190476, 
0.0476190476190476, 0.0476190476190476, 0.0476190476190476, 0.0476190476190476, 
0.0476190476190476, 0.0476190476190476, 0.0476190476190476, 13, 
13, 13, 13, 13, 13, 13, 13, 13, 13, 13, 13, 13, 13, 13, 13, 13, 
13, 13, 13, 13, 13, 13, 13, 13, 13, 13, 13, 13, 13, 13, 13, 13, 
13, 13, 13, 13, 13, 13, 13, 15, 15, 15, 15, 15, 15, 15, 15, 15, 
15, 15, 15, 15, 15, 15, 15, 15, 15, 15, 15, 15, 15, 15, 15, 15, 
15, 15, 15, 15, 15, 15, 15, 15, 15, 15, 15, 15, 15, 15, 15, 14, 
14, 14, 14, 14, 14, 14, 14, 14, 14, 14, 14, 14, 14, 14, 14, 14, 
14, 14, 14, 14, 14, 14, 14, 14, 14, 14, 14, 14, 14, 14, 14, 14, 
14, 14, 14, 14, 14, 14, 14, 1.4142135623731, 1.4142135623731, 
1.4142135623731, 1.4142135623731, 1.4142135623731, 1.4142135623731, 
1.4142135623731, 1.4142135623731, 1.4142135623731, 1.4142135623731, 
1.4142135623731, 1.4142135623731, 1.4142135623731, 1.4142135623731, 
1.4142135623731, 1.4142135623731, 1.4142135623731, 1.4142135623731, 
1.4142135623731, 1.4142135623731, 1.4142135623731, 1.4142135623731, 
1.4142135623731, 1.4142135623731, 1.4142135623731, 1.4142135623731, 
1.4142135623731, 1.4142135623731, 1.4142135623731, 1.4142135623731, 
1.4142135623731, 1.4142135623731, 1.4142135623731, 1.4142135623731, 
1.4142135623731, 1.4142135623731, 1.4142135623731, 1.4142135623731, 
1.4142135623731, 1.4142135623731, 28, 28, 28, 28, 28, 28, 28, 
28, 28, 28, 28, 28, 28, 28, 28, 28, 28, 28, 28, 28, 28, 28, 28, 
28, 28, 28, 28, 28, 28, 28, 28, 28, 28, 28, 28, 28, 28, 28, 28, 
28, 0.0371134020618557, 0.0391752577319588, 0.0350515463917526, 
0.0309278350515464, 0.0329896907216495, 0.0350515463917526, 0.0371134020618557, 
0.0329896907216495, 0.0350515463917526, 0.0350515463917526, 0.0391752577319588, 
0.0329896907216495, 0.0391752577319588, 0.0329896907216495, 0.0309278350515464, 
0.0391752577319588, 0.0391752577319588, 0.0329896907216495, 0.0391752577319588, 
0.0309278350515464, 0.0309278350515464, 0.0288659793814433, 0.0432989690721649, 
0.045360824742268, 0.0371134020618557, 0.0329896907216495, 0.0412371134020619, 
0.045360824742268, 0.0412371134020619, 0.0391752577319588, 0.045360824742268, 
0.0412371134020619, 0.0371134020618557, 0.0412371134020619, 0.0391752577319588, 
0.0391752577319588, 0.0412371134020619, 0.0391752577319588, 0.0350515463917526, 
0.0432989690721649, 0.158762886597938, 0.154639175257732, 0.167010309278351, 
0.156701030927835, 0.156701030927835, 0.160824742268041, 0.160824742268041, 
0.160824742268041, 0.152577319587629, 0.167010309278351, 0.167010309278351, 
0.152577319587629, 0.156701030927835, 0.156701030927835, 0.150515463917526, 
0.156701030927835, 0.152577319587629, 0.167010309278351, 0.154639175257732, 
0.156701030927835, 0.144329896907216, 0.148453608247423, 0.14020618556701, 
0.150515463917526, 0.154639175257732, 0.144329896907216, 0.144329896907216, 
0.142268041237113, 0.142268041237113, 0.142268041237113, 0.14020618556701, 
0.14020618556701, 0.150515463917526, 0.142268041237113, 0.14639175257732, 
0.14639175257732, 0.148453608247423, 0.154639175257732, 0.142268041237113, 
0.138144329896907, 0.0769230769230769, 0.0769230769230769, 0.0769230769230769, 
0.0769230769230769, 0.0769230769230769, 0.0769230769230769, 0.0769230769230769, 
0.0769230769230769, 0.0769230769230769, 0.0769230769230769, 0.0769230769230769, 
0.0769230769230769, 0.0769230769230769, 0.0769230769230769, 0.0769230769230769, 
0.0769230769230769, 0.0769230769230769, 0.0769230769230769, 0.0769230769230769, 
0.0769230769230769, 0.0769230769230769, 0.0769230769230769, 0.0769230769230769, 
0.0769230769230769, 0.0769230769230769, 0.0769230769230769, 0.0769230769230769, 
0.0769230769230769, 0.0769230769230769, 0.0769230769230769, 0.0769230769230769, 
0.0769230769230769, 0.0769230769230769, 0.0769230769230769, 0.0769230769230769, 
0.0769230769230769, 0.0769230769230769, 0.0769230769230769, 0.0769230769230769, 
0.0769230769230769, 0.0393051258089558, 0.0373644109642595, 0.0403810157426972, 
0.0403634655285839, 0.0383562850423415, 0.0399488160088616, 0.0378823044100077, 
0.0380781874335907, 0.0379196934755813, 0.040477405901975, 0.0387331228073894, 
0.0370215033984312, 0.0370502002461825, 0.0354073773634932, 0.033684527683187, 
0.0363064683671276, 0.0372504591796853, 0.0403019795941273, 0.0367429450551499, 
0.0390519366199801, 0.0333568976337776, 0.0362869475480986, 0.0313531422861898, 
0.0322444235273204, 0.0352066974084906, 0.0331865327545993, 0.0311604609444797, 
0.0318464339570885, 0.0320017958297132, 0.0335475239945265, 0.0304706717718708, 
0.0320460465923054, 0.0317126608498014, 0.0327891738532505, 0.0330688977761704, 
0.0323322003635436, 0.0353071799650852, 0.0350251023695865, 0.0309551381818824, 
0.0295258957669015, 0.987593526060483, 1.01203629944385, 0.941875854947485, 
0.989619549355437, 0.99602069549796, 0.96058191860957, 0.945005455924276, 
0.980321147776154, 0.9796349531286, 0.974245713597778, 1.02485795281809, 
