tmp <-
structure(c(2, 2, 2, 2, 2, 2, 2, 2, 2, 2, 2, 2, 2, 2, 2, 2, 2, 
2, 2, 2, 2, 2, 2, 2, 2, 2, 2, 2, 2, 2, 2, 2, 2, 2, 2, 2, 2, 2, 
2, 2, 60, 60, 60, 60, 60, 60, 60, 60, 60, 60, 60, 60, 60, 60, 
60, 60, 60, 60, 60, 60, 60, 60, 60, 60, 60, 60, 60, 60, 60, 60, 
60, 60, 60, 60, 60, 60, 60, 60, 60, 60, 60, 60, 60, 60, 60, 60, 
60, 60, 60, 60, 60, 60, 60, 60, 60, 60, 60, 60, 60, 60, 60, 60, 
60, 60, 60, 60, 60, 60, 60, 60, 60, 60, 60, 60, 60, 60, 60, 60, 
60, 60, 0, 0, 0, 0, 0, 0, 0, 0, 0, 0, 0, 0, 0, 0, 0, 0, 0, 0, 
0, 0, 0, 0, 0, 0, 0, 0, 0, 0, 0, 0, 0, 0, 0, 0, 0, 0, 0, 0, 0, 
0, 208, 208, 208, 208, 208, 208, 208, 208, 208, 208, 208, 208, 
208, 208, 208, 208, 208, 208, 208, 208, 208, 208, 208, 208, 208, 
208, 208, 208, 208, 208, 208, 208, 208, 208, 208, 208, 208, 208, 
208, 208, 0.288461538461538, 0.288461538461538, 0.288461538461538, 
0.288461538461538, 0.288461538461538, 0.288461538461538, 0.288461538461538, 
0.288461538461538, 0.288461538461538, 0.288461538461538, 0.288461538461538, 
0.288461538461538, 0.288461538461538, 0.288461538461538, 0.288461538461538, 
0.288461538461538, 0.288461538461538, 0.288461538461538, 0.288461538461538, 
0.288461538461538, 0.288461538461538, 0.288461538461538, 0.288461538461538, 
0.288461538461538, 0.288461538461538, 0.288461538461538, 0.288461538461538, 
0.288461538461538, 0.288461538461538, 0.288461538461538, 0.288461538461538, 
0.288461538461538, 0.288461538461538, 0.288461538461538, 0.288461538461538, 
0.288461538461538, 0.288461538461538, 0.288461538461538, 0.288461538461538, 
0.288461538461538, 1, 1, 1, 1, 1, 1, 1, 1, 1, 1, 1, 1, 1, 1, 
1, 1, 1, 1, 1, 1, 1, 1, 1, 1, 1, 1, 1, 1, 1, 1, 1, 1, 1, 1, 1, 
1, 1, 1, 1, 1, 0, 0, 0, 0, 0, 0, 0, 0, 0, 0, 0, 0, 0, 0, 0, 0, 
0, 0, 0, 0, 0, 0, 0, 0, 0, 0, 0, 0, 0, 0, 0, 0, 0, 0, 0, 0, 0, 
0, 0, 0, 2, 2, 2, 2, 2, 2, 2, 2, 2, 2, 2, 2, 2, 2, 2, 2, 2, 2, 
2, 2, 2, 2, 2, 2, 2, 2, 2, 2, 2, 2, 2, 2, 2, 2, 2, 2, 2, 2, 2, 
2, 2, 2, 2, 2, 2, 2, 2, 2, 2, 2, 2, 2, 2, 2, 2, 2, 2, 2, 2, 2, 
2, 2, 2, 2, 2, 2, 2, 2, 2, 2, 2, 2, 2, 2, 2, 2, 2, 2, 2, 2, 2, 
2, 2, 2, 2, 2, 2, 2, 2, 2, 2, 2, 2, 2, 2, 2, 2, 2, 2, 2, 2, 2, 
2, 2, 2, 2, 2, 2, 2, 2, 2, 2, 2, 2, 2, 2, 2, 2, 2, 2, 0, 0, 0, 
0, 0, 0, 0, 0, 0, 0, 0, 0, 0, 0, 0, 0, 0, 0, 0, 0, 0, 0, 0, 0, 
0, 0, 0, 0, 0, 0, 0, 0, 0, 0, 0, 0, 0, 0, 0, 0, 2, 2, 2, 2, 2, 
2, 2, 2, 2, 2, 2, 2, 2, 2, 2, 2, 2, 2, 2, 2, 2, 2, 2, 2, 2, 2, 
2, 2, 2, 2, 2, 2, 2, 2, 2, 2, 2, 2, 2, 2, 0.475961538461538, 
0.485576923076923, 0.466346153846154, 0.495192307692308, 0.466346153846154, 
0.456730769230769, 0.475961538461538, 0.475961538461538, 0.475961538461538, 
0.456730769230769, 0.456730769230769, 0.475961538461538, 0.495192307692308, 
0.466346153846154, 0.475961538461538, 0.485576923076923, 0.485576923076923, 
0.447115384615385, 0.466346153846154, 0.475961538461538, 0.423076923076923, 
0.480769230769231, 0.480769230769231, 0.480769230769231, 0.461538461538462, 
0.471153846153846, 0.5, 0.451923076923077, 0.451923076923077, 
0.490384615384615, 0.461538461538462, 0.442307692307692, 0.471153846153846, 
0.480769230769231, 0.490384615384615, 0.490384615384615, 0.413461538461538, 
0.451923076923077, 0.480769230769231, 0.490384615384615, 0.524038461538462, 
0.514423076923077, 0.533653846153846, 0.504807692307692, 0.533653846153846, 
0.543269230769231, 0.524038461538462, 0.524038461538462, 0.524038461538462, 
0.543269230769231, 0.543269230769231, 0.524038461538462, 0.504807692307692, 
0.533653846153846, 0.524038461538462, 0.514423076923077, 0.514423076923077, 
0.552884615384615, 0.533653846153846, 0.524038461538462, 0.576923076923077, 
0.519230769230769, 0.519230769230769, 0.519230769230769, 0.538461538461538, 
0.528846153846154, 0.5, 0.548076923076923, 0.548076923076923, 
0.509615384615385, 0.538461538461538, 0.557692307692308, 0.528846153846154, 
0.519230769230769, 0.509615384615385, 0.509615384615385, 0.586538461538462, 
0.548076923076923, 0.519230769230769, 0.509615384615385, 0.5, 
0.5, 0.5, 0.5, 0.5, 0.5, 0.5, 0.5, 0.5, 0.5, 0.5, 0.5, 0.5, 0.5, 
0.5, 0.5, 0.5, 0.5, 0.5, 0.5, 0.5, 0.5, 0.5, 0.5, 0.5, 0.5, 0.5, 
0.5, 0.5, 0.5, 0.5, 0.5, 0.5, 0.5, 0.5, 0.5, 0.5, 0.5, 0.5, 0.5, 
0.0339955183262764, 0.0203973109957658, 0.0475937256567868, 0.00679910366525524, 
0.0475937256567868, 0.0611919329872974, 0.0339955183262764, 0.0339955183262764, 
0.0339955183262764, 0.0611919329872974, 0.0611919329872974, 0.0339955183262764, 
0.00679910366525524, 0.0475937256567868, 0.0339955183262764, 
0.0203973109957658, 0.0203973109957658, 0.0747901403178079, 0.0475937256567868, 
0.0339955183262764, 0.108785658644084, 0.0271964146610211, 0.0271964146610211, 
0.0271964146610211, 0.0543928293220421, 0.0407946219915316, 0, 
0.0679910366525527, 0.0679910366525527, 0.0135982073305105, 0.0543928293220421, 
0.0815892439830632, 0.0407946219915316, 0.0271964146610211, 0.0135982073305105, 
0.0135982073305105, 0.122383865974595, 0.0679910366525527, 0.0271964146610211, 
0.0135982073305105, 1.07243326936264, 1.06036056772989, 1.06501856376976, 
1.08581961201077, 1.08210982046513, 1.07301688228948, 1.12228207232377, 
1.06048922805981, 1.13851503834598, 1.06678534377937, 1.07957360429806, 
1.06857396480899, 1.06125467180015, 1.08183971750845, 1.05911052504323, 
1.05304379806985, 1.09506256054239, 1.05119420819226, 1.11386772147939, 
1.07691770883332, 1.08455029934479, 1.05771064535321, 1.05015701344358, 
1.07697239608018, 1.02671881405629, 1.05574825836763, 1.07639755376038, 
1.05997326789532, 1.0590411061053, 1.12552890919861, 1.03809233304375, 
1.10372767486715, 1.07538731736524, 1.07728708861767, 1.08589063222378, 
1.07230141759404, 1.05915139111947, 1.07015237979034, 1.09063419528337, 
1.08077447095219, 1.07243326936264, 1.06036056772989, 1.06501856376976, 
1.08581961201077, 1.08210982046513, 1.07301688228948, 1.12228207232377, 
1.06048922805981, 1.13851503834598, 1.06678534377937, 1.07957360429806, 
1.06857396480899, 1.06125467180015, 1.08183971750845, 1.05911052504323, 
1.05304379806985, 1.09506256054239, 1.05119420819226, 1.11386772147939, 
1.07691770883332, 1.08455029934479, 1.05771064535321, 1.05015701344358, 
1.07697239608018, 1.02671881405629, 1.05574825836763, 1.07639755376038, 
1.05997326789532, 1.0590411061053, 1.12552890919861, 1.03809233304375, 
1.10372767486715, 1.07538731736524, 1.07728708861767, 1.08589063222378, 
1.07230141759404, 1.05915139111947, 1.07015237979034, 1.09063419528337, 
1.08077447095219, 4.62494707710509, 4.59642814878773, 4.58991396471296, 
4.76251989618057, 4.6787661287296, 4.6655430755571, 5.01929341488747, 
4.55963699340382, 5.07755300589549, 4.63084441060341, 4.67096008992693, 
4.60578214489997, 4.61625800969684, 4.62778660653231, 4.54673943781589, 
4.53610685672307, 4.75207989490071, 4.49919297267018, 4.92604916521842, 
4.64836637995749, 4.77390186143799, 4.47386129948393, 4.52253939301325, 
4.68881036339622, 4.42306528506533, 4.5272418615991, 4.67996581467013, 
4.54111982668716, 4.56309902399142, 5.08679249641495, 4.5507452381833, 
4.81198617620866, 4.65410110466568, 4.76297296001135, 4.83012099510987, 
4.65700766023099, 4.56386898759403, 4.68522340587193, 4.70463747719211, 
4.68258445492123, 4.62494707710509, 4.59642814878773, 4.58991396471296, 
4.76251989618057, 4.6787661287296, 4.6655430755571, 5.01929341488747, 
4.55963699340382, 5.07755300589549, 4.63084441060341, 4.67096008992694, 
4.60578214489997, 4.61625800969684, 4.62778660653231, 4.54673943781589, 
4.53610685672307, 4.75207989490071, 4.49919297267018, 4.92604916521842, 
4.64836637995749, 4.77390186143799, 4.47386129948393, 4.52253939301325, 
4.68881036339622, 4.42306528506533, 4.5272418615991, 4.67996581467013, 
4.54111982668716, 4.56309902399142, 5.08679249641495, 4.5507452381833, 
4.81198617620866, 4.65410110466568, 4.76297296001135, 4.83012099510987, 
4.65700766023099, 4.56386898759403, 4.68522340587193, 4.70463747719211, 
4.68258445492123, 0.235837638961206, 0.235971664165289, 0.236070137695892, 
0.240606623713215, 0.237191371878602, 0.237521951795896, 0.240024078372088, 
