tmp <-
structure(c(2, 2, 2, 2, 2, 2, 2, 2, 2, 2, 2, 2, 2, 2, 2, 2, 2, 
2, 2, 2, 2, 2, 2, 2, 2, 2, 2, 2, 2, 2, 2, 2, 2, 2, 2, 2, 2, 2, 
2, 2, 5, 5, 5, 5, 5, 5, 5, 5, 5, 5, 5, 5, 5, 5, 5, 5, 5, 5, 5, 
5, 5, 5, 5, 5, 5, 5, 5, 5, 5, 5, 5, 5, 5, 5, 5, 5, 5, 5, 5, 5, 
5, 5, 5, 5, 5, 5, 5, 5, 5, 5, 5, 5, 5, 5, 5, 5, 5, 5, 5, 5, 5, 
5, 5, 5, 5, 5, 5, 5, 5, 5, 5, 5, 5, 5, 5, 5, 5, 5, 5, 5, 0, 0, 
0, 0, 0, 0, 0, 0, 0, 0, 0, 0, 0, 0, 0, 0, 0, 0, 0, 0, 0, 0, 0, 
0, 0, 0, 0, 0, 0, 0, 0, 0, 0, 0, 0, 0, 0, 0, 0, 0, 200, 200, 
200, 200, 200, 200, 200, 200, 200, 200, 200, 200, 200, 200, 200, 
200, 200, 200, 200, 200, 200, 200, 200, 200, 200, 200, 200, 200, 
200, 200, 200, 200, 200, 200, 200, 200, 200, 200, 200, 200, 0.025, 
0.025, 0.025, 0.025, 0.025, 0.025, 0.025, 0.025, 0.025, 0.025, 
0.025, 0.025, 0.025, 0.025, 0.025, 0.025, 0.025, 0.025, 0.025, 
0.025, 0.025, 0.025, 0.025, 0.025, 0.025, 0.025, 0.025, 0.025, 
0.025, 0.025, 0.025, 0.025, 0.025, 0.025, 0.025, 0.025, 0.025, 
0.025, 0.025, 0.025, 1, 1, 1, 1, 1, 1, 1, 1, 1, 1, 1, 1, 1, 1, 
1, 1, 1, 1, 1, 1, 1, 1, 1, 1, 1, 1, 1, 1, 1, 1, 1, 1, 1, 1, 1, 
1, 1, 1, 1, 1, 0, 0, 0, 0, 0, 0, 0, 0, 0, 0, 0, 0, 0, 0, 0, 0, 
0, 0, 0, 0, 0, 0, 0, 0, 0, 0, 0, 0, 0, 0, 0, 0, 0, 0, 0, 0, 0, 
0, 0, 0, 2, 2, 2, 2, 2, 2, 2, 2, 2, 2, 2, 2, 2, 2, 2, 2, 2, 2, 
2, 2, 2, 2, 2, 2, 2, 2, 2, 2, 2, 2, 2, 2, 2, 2, 2, 2, 2, 2, 2, 
2, 2, 2, 2, 2, 2, 2, 2, 2, 2, 2, 2, 2, 2, 2, 2, 2, 2, 2, 2, 2, 
2, 2, 2, 2, 2, 2, 2, 2, 2, 2, 2, 2, 2, 2, 2, 2, 2, 2, 2, 2, 2, 
2, 2, 2, 2, 2, 2, 2, 2, 2, 2, 2, 2, 2, 2, 2, 2, 2, 2, 2, 2, 2, 
2, 2, 2, 2, 2, 2, 2, 2, 2, 2, 2, 2, 2, 2, 2, 2, 2, 2, 0, 0, 0, 
0, 0, 0, 0, 0, 0, 0, 0, 0, 0, 0, 0, 0, 0, 0, 0, 0, 0, 0, 0, 0, 
0, 0, 0, 0, 0, 0, 0, 0, 0, 0, 0, 0, 0, 0, 0, 0, 2, 2, 2, 2, 2, 
2, 2, 2, 2, 2, 2, 2, 2, 2, 2, 2, 2, 2, 2, 2, 2, 2, 2, 2, 2, 2, 
2, 2, 2, 2, 2, 2, 2, 2, 2, 2, 2, 2, 2, 2, 0.49, 0.48, 0.49, 0.48, 
0.49, 0.49, 0.49, 0.47, 0.48, 0.5, 0.49, 0.49, 0.5, 0.49, 0.48, 
0.49, 0.49, 0.49, 0.49, 0.49, 0.49, 0.5, 0.48, 0.45, 0.48, 0.44, 
0.47, 0.5, 0.49, 0.46, 0.48, 0.5, 0.49, 0.48, 0.49, 0.48, 0.48, 
0.45, 0.48, 0.48, 0.51, 0.52, 0.51, 0.52, 0.51, 0.51, 0.51, 0.53, 
0.52, 0.5, 0.51, 0.51, 0.5, 0.51, 0.52, 0.51, 0.51, 0.51, 0.51, 
0.51, 0.51, 0.5, 0.52, 0.55, 0.52, 0.56, 0.53, 0.5, 0.51, 0.54, 
0.52, 0.5, 0.51, 0.52, 0.51, 0.52, 0.52, 0.55, 0.52, 0.52, 0.5, 
0.5, 0.5, 0.5, 0.5, 0.5, 0.5, 0.5, 0.5, 0.5, 0.5, 0.5, 0.5, 0.5, 
0.5, 0.5, 0.5, 0.5, 0.5, 0.5, 0.5, 0.5, 0.5, 0.5, 0.5, 0.5, 0.5, 
0.5, 0.5, 0.5, 0.5, 0.5, 0.5, 0.5, 0.5, 0.5, 0.5, 0.5, 0.5, 0.5, 
0.014142135623731, 0.0282842712474619, 0.014142135623731, 0.0282842712474619, 
0.014142135623731, 0.014142135623731, 0.014142135623731, 0.0424264068711929, 
0.0282842712474619, 0, 0.014142135623731, 0.014142135623731, 
0, 0.014142135623731, 0.0282842712474619, 0.014142135623731, 
0.014142135623731, 0.014142135623731, 0.014142135623731, 0.014142135623731, 
0.014142135623731, 0, 0.0282842712474619, 0.0707106781186548, 
0.0282842712474619, 0.0848528137423857, 0.0424264068711929, 0, 
0.014142135623731, 0.0565685424949238, 0.0282842712474619, 0, 
0.014142135623731, 0.0282842712474619, 0.014142135623731, 0.0282842712474619, 
0.0282842712474619, 0.0707106781186548, 0.0282842712474619, 0.0282842712474619, 
0.0859815399813626, 0.0856680109825513, 0.0869872848630237, 0.080601485531984, 
0.0744236423698628, 0.139814268091322, 0.0878689716613396, 0.0838466298609824, 
0.0990939710550498, 0.115507781496567, 0.0834399652902086, 0.0766917009857168, 
0.0861748105716073, 0.0840786749286802, 0.0608305456015513, 0.0739849442251222, 
0.0812312861508403, 0.0770871388549064, 0.112996977348424, 0.106466722383654, 
0.109741747048291, 0.0787287218210312, 0.0650776334810615, 0.0813454991720455, 
0.136880452438437, 0.0655119868219501, 0.108990210433481, 0.162170415028862, 
0.0574709111029873, 0.0673884352507857, 0.0566682341127385, 0.0708278258226092, 
0.0700320821138296, 0.0567061080640322, 0.172175565479924, 0.0794020180261633, 
0.0815798118896963, 0.0968316148121306, 0.0541943559691381, 0.093017443087, 
0.0859815399813626, 0.0856680109825512, 0.0869872848630241, 0.080601485531984, 
0.0744236423698629, 0.139814268091322, 0.0878689716613396, 0.0838466298609825, 
0.0990939710550499, 0.115507781496568, 0.0834399652902087, 0.0766917009857165, 
0.0861748105716072, 0.08407867492868, 0.0608305456015511, 0.0739849442251226, 
0.0812312861508396, 0.0770871388549061, 0.112996977348423, 0.106466722383653, 
0.109741747048291, 0.0787287218210311, 0.0650776334810618, 0.0813454991720454, 
0.136880452438437, 0.0655119868219501, 0.108990210433482, 0.162170415028862, 
0.0574709111029869, 0.0673884352507856, 0.0566682341127381, 0.0708278258226092, 
0.0700320821138292, 0.0567061080640321, 0.172175565479925, 0.0794020180261633, 
0.0815798118896962, 0.0968316148121303, 0.0541943559691386, 0.093017443087, 
2.43653761754087, 2.44992509436001, 2.44296067292016, 2.43740861228648, 
2.44094229097615, 2.46590468170419, 2.43216135103251, 2.43468956023886, 
2.43564232980753, 2.49624386751017, 2.48363643578792, 2.42378536353607, 
2.42070803992143, 2.46063897589463, 2.46904177329708, 2.45544259686132, 
2.48238351768161, 2.42350231913971, 2.43063789865945, 2.42762927365351, 
2.54447561029278, 2.40823512025158, 2.47340505261864, 2.46389805173621, 
2.46157992246429, 2.47424961207379, 2.54068364040894, 2.49415688723555, 
2.44156117350567, 2.43060826993068, 2.44731173243878, 2.47744181163224, 
2.48160257863749, 2.44891873926045, 2.52803781785017, 2.48577775432255, 
2.45814723836902, 2.39828531325969, 2.42062183175221, 2.46576743067123, 
2.43653761754087, 2.44992509436001, 2.44296067292016, 2.43740861228648, 
2.44094229097615, 2.46590468170419, 2.43216135103251, 2.43468956023886, 
2.43564232980753, 2.49624386751017, 2.48363643578792, 2.42378536353607, 
2.42070803992143, 2.46063897589463, 2.46904177329708, 2.45544259686132, 
2.48238351768161, 2.42350231913971, 2.43063789865945, 2.42762927365351, 
2.54447561029278, 2.40823512025158, 2.47340505261864, 2.46389805173621, 
2.46157992246429, 2.47424961207379, 2.54068364040894, 2.49415688723555, 
2.44156117350566, 2.43060826993068, 2.44731173243878, 2.47744181163224, 
2.48160257863749, 2.44891873926045, 2.52803781785017, 2.48577775432255, 
2.45814723836902, 2.39828531325969, 2.42062183175221, 2.46576743067123, 
0.973014530467807, 0.972353900855797, 0.97556259158507, 0.971097637350183, 
0.971031141905867, 0.972246979373705, 0.972285983201105, 0.971970252052309, 
0.972476194141665, 0.970085647307465, 0.96708181551285, 0.966969808848767, 
0.969011495749405, 0.965958222198575, 0.965613268830459, 0.966920636901346, 
0.967114149949703, 0.967965298410603, 0.968568461966707, 0.964479933674464, 
0.959702482099746, 0.964738164776111, 0.961457556698597, 0.960494841211968, 
0.961490118038386, 0.961084371736884, 0.962417581082214, 0.963503939278121, 
0.960595210783042, 0.965009987079008, 0.956888657927174, 0.953784266053191, 
0.958020048593812, 0.95753520828677, 0.956707096529784, 0.957146740224617, 
0.955339028465338, 0.957888493393948, 0.95878068060886, 0.957903710397346, 
0.781973202107775, 0.777609398196194, 0.808260837002655, 0.763194904752925, 
0.75592117300036, 0.773751790574646, 0.780862240814974, 0.759017628064871, 
0.762634498350933, 0.769177116396346, 0.716934769992493, 0.705371536153998, 
0.711227187689239, 0.680187953667968, 0.693822181194409, 0.698929902917016, 
0.712705178511599, 0.703157739190571, 0.720411005065326, 0.681917276654662, 
0.598596583157969, 0.640291408005321, 0.611851109324107, 0.625299671937189, 
0.586775442022902, 0.595724529425999, 0.618017250709356, 0.632467728735356, 
0.593348005162729, 0.655596770194994, 0.484074275331184, 0.453583815803339, 
0.5359096011394, 0.521131492805299, 0.532220857375003, 0.552929480081345, 
0.471003401678137, 0.539919215998944, 0.555431785264834, 0.523879333997739, 
1, 1, 1, 1, 1, 1, 1, 1, 1, 1, 1, 1, 1, 1, 1, 1, 1, 1, 1, 1, 1, 
1, 1, 1, 1, 1, 1, 1, 1, 1, 1, 1, 1, 1, 1, 1, 1, 1, 1, 1, 0.692947167224478, 
