tmp <-
structure(c(5, 5, 5, 5, 5, 5, 5, 5, 5, 5, 5, 5, 5, 5, 5, 5, 5, 
5, 5, 5, 5, 5, 5, 5, 5, 5, 5, 5, 5, 5, 5, 5, 5, 5, 5, 5, 5, 5, 
5, 5, 79, 79, 79, 79, 79, 79, 79, 79, 79, 79, 79, 79, 79, 79, 
79, 79, 79, 79, 79, 79, 79, 79, 79, 79, 79, 79, 79, 79, 79, 79, 
79, 79, 79, 79, 79, 79, 79, 79, 79, 79, 79, 79, 79, 79, 79, 79, 
79, 79, 79, 79, 79, 79, 79, 79, 79, 79, 79, 79, 79, 79, 79, 79, 
79, 79, 79, 79, 79, 79, 79, 79, 79, 79, 79, 79, 79, 79, 79, 79, 
79, 79, 0, 0, 0, 0, 0, 0, 0, 0, 0, 0, 0, 0, 0, 0, 0, 0, 0, 0, 
0, 0, 0, 0, 0, 0, 0, 0, 0, 0, 0, 0, 0, 0, 0, 0, 0, 0, 0, 0, 0, 
0, 207, 207, 207, 207, 207, 207, 207, 207, 207, 207, 207, 207, 
207, 207, 207, 207, 207, 207, 207, 207, 207, 207, 207, 207, 207, 
207, 207, 207, 207, 207, 207, 207, 207, 207, 207, 207, 207, 207, 
207, 207, 0.381642512077295, 0.381642512077295, 0.381642512077295, 
0.381642512077295, 0.381642512077295, 0.381642512077295, 0.381642512077295, 
0.381642512077295, 0.381642512077295, 0.381642512077295, 0.381642512077295, 
0.381642512077295, 0.381642512077295, 0.381642512077295, 0.381642512077295, 
0.381642512077295, 0.381642512077295, 0.381642512077295, 0.381642512077295, 
0.381642512077295, 0.381642512077295, 0.381642512077295, 0.381642512077295, 
0.381642512077295, 0.381642512077295, 0.381642512077295, 0.381642512077295, 
0.381642512077295, 0.381642512077295, 0.381642512077295, 0.381642512077295, 
0.381642512077295, 0.381642512077295, 0.381642512077295, 0.381642512077295, 
0.381642512077295, 0.381642512077295, 0.381642512077295, 0.381642512077295, 
0.381642512077295, 1, 1, 1, 1, 1, 1, 1, 1, 1, 1, 1, 1, 1, 1, 
1, 1, 1, 1, 1, 1, 1, 1, 1, 1, 1, 1, 1, 1, 1, 1, 1, 1, 1, 1, 1, 
1, 1, 1, 1, 1, 0, 0, 0, 0, 0, 0, 0, 0, 0, 0, 0, 0, 0, 0, 0, 0, 
0, 0, 0, 0, 0, 0, 0, 0, 0, 0, 0, 0, 0, 0, 0, 0, 0, 0, 0, 0, 0, 
0, 0, 0, 5, 5, 5, 5, 5, 5, 5, 5, 5, 5, 5, 5, 5, 5, 5, 5, 5, 5, 
5, 5, 5, 5, 5, 5, 5, 5, 5, 5, 5, 5, 5, 5, 5, 5, 5, 5, 5, 5, 5, 
5, 5, 5, 5, 5, 5, 5, 5, 5, 5, 5, 5, 5, 5, 5, 5, 5, 5, 5, 5, 5, 
5, 5, 5, 5, 5, 5, 5, 5, 5, 5, 5, 5, 5, 5, 5, 5, 5, 5, 5, 5, 5, 
5, 5, 5, 5, 5, 5, 5, 5, 5, 5, 5, 5, 5, 5, 5, 5, 5, 5, 5, 5, 5, 
5, 5, 5, 5, 5, 5, 5, 5, 5, 5, 5, 5, 5, 5, 5, 5, 5, 5, 0, 0, 0, 
0, 0, 0, 0, 0, 0, 0, 0, 0, 0, 0, 0, 0, 0, 0, 0, 0, 0, 0, 0, 0, 
0, 0, 0, 0, 0, 0, 0, 0, 0, 0, 0, 0, 0, 0, 0, 0, 5, 5, 5, 5, 5, 
5, 5, 5, 5, 5, 5, 5, 5, 5, 5, 5, 5, 5, 5, 5, 5, 5, 5, 5, 5, 5, 
5, 5, 5, 5, 5, 5, 5, 5, 5, 5, 5, 5, 5, 5, 0.0628019323671498, 
0.0579710144927536, 0.0531400966183575, 0.0579710144927536, 0.0628019323671498, 
0.0628019323671498, 0.0628019323671498, 0.0579710144927536, 0.0483091787439614, 
0.0676328502415459, 0.0628019323671498, 0.0579710144927536, 0.0676328502415459, 
0.0676328502415459, 0.072463768115942, 0.072463768115942, 0.0628019323671498, 
0.0676328502415459, 0.0772946859903382, 0.0676328502415459, 0.0917874396135266, 
0.0917874396135266, 0.0966183574879227, 0.0821256038647343, 0.0821256038647343, 
0.0966183574879227, 0.072463768115942, 0.0821256038647343, 0.0772946859903382, 
0.072463768115942, 0.0917874396135266, 0.0821256038647343, 0.0869565217391304, 
0.0772946859903382, 0.0917874396135266, 0.0821256038647343, 0.0917874396135266, 
0.0676328502415459, 0.0821256038647343, 0.106280193236715, 0.565217391304348, 
0.560386473429952, 0.565217391304348, 0.570048309178744, 0.565217391304348, 
0.57487922705314, 0.550724637681159, 0.550724637681159, 0.579710144927536, 
0.57487922705314, 0.560386473429952, 0.536231884057971, 0.545893719806763, 
0.526570048309179, 0.545893719806763, 0.531400966183575, 0.541062801932367, 
0.541062801932367, 0.545893719806763, 0.541062801932367, 0.51207729468599, 
0.483091787439614, 0.516908212560386, 0.492753623188406, 0.541062801932367, 
0.502415458937198, 0.497584541062802, 0.526570048309179, 0.507246376811594, 
0.48792270531401, 0.497584541062802, 0.502415458937198, 0.483091787439614, 
0.48792270531401, 0.478260869565217, 0.541062801932367, 0.478260869565217, 
0.468599033816425, 0.497584541062802, 0.502415458937198, 0.2, 
0.2, 0.2, 0.2, 0.2, 0.2, 0.2, 0.2, 0.2, 0.2, 0.2, 0.2, 0.2, 0.2, 
0.2, 0.2, 0.2, 0.2, 0.2, 0.2, 0.2, 0.2, 0.2, 0.2, 0.2, 0.2, 0.2, 
0.2, 0.2, 0.2, 0.2, 0.2, 0.2, 0.2, 0.2, 0.2, 0.2, 0.2, 0.2, 0.2, 
0.208699006951028, 0.205657569899216, 0.209257385000953, 0.211338163754279, 
0.208195186291045, 0.214271766737409, 0.201183225421844, 0.201791319808317, 
0.21684310913067, 0.21378107987656, 0.205203152794438, 0.193194439820093, 
0.196962866882255, 0.187181704131312, 0.197790544960079, 0.18907351022957, 
0.194998011791594, 0.196577403181717, 0.197967454340688, 0.196755403341801, 
0.176695402808772, 0.162127503976244, 0.178894048490472, 0.168515267869549, 
0.192892204974317, 0.171330802756018, 0.172112254936646, 0.184355067257697, 
0.176199410093892, 0.166565116440657, 0.168964762580709, 0.173328324617016, 
0.163738899820791, 0.167508202414876, 0.160136001383403, 0.193435887692631, 
0.160172431531833, 0.157157116781087, 0.170545769946564, 0.169619573709205, 
0.756937777185882, 0.752631039365502, 0.717342479515404, 0.774559341352232, 
0.73054256711728, 0.72929782859277, 0.687503563216364, 0.695873894514508, 
0.741326684217358, 0.729805336548074, 0.720311574161026, 0.718731873511327, 
0.675834107647169, 0.695813325567406, 0.706195494508135, 0.690325361928416, 
0.672710629517007, 0.716196606795836, 0.68075629948609, 0.661763345980661, 
0.665048901084722, 0.652378081176691, 0.635689978349993, 0.67744212370884, 
0.686111094680243, 0.673698806789959, 0.672610406667718, 0.654553067328681, 
0.699486775020037, 0.627555096702938, 0.628267721745388, 0.636794577242215, 
0.600510885643718, 0.594916797258719, 0.645823969175852, 0.692347824495792, 
0.655186073027885, 0.644493589493774, 0.643669970837209, 0.660858812748474, 
0.756937777185882, 0.752631039365502, 0.717342479515404, 0.774559341352232, 
0.73054256711728, 0.72929782859277, 0.687503563216364, 0.695873894514508, 
0.741326684217358, 0.729805336548074, 0.720311574161026, 0.718731873511327, 
0.675834107647169, 0.695813325567406, 0.706195494508135, 0.690325361928416, 
0.672710629517007, 0.716196606795836, 0.68075629948609, 0.661763345980661, 
0.665048901084722, 0.652378081176691, 0.635689978349993, 0.67744212370884, 
0.686111094680243, 0.673698806789959, 0.672610406667718, 0.654553067328681, 
0.699486775020037, 0.627555096702938, 0.628267721745388, 0.636794577242215, 
0.600510885643718, 0.594916797258719, 0.645823969175852, 0.692347824495792, 
0.655186073027885, 0.644493589493774, 0.643669970837209, 0.660858812748474, 
4.18520803877904, 4.09313111501051, 4.1465819106802, 4.28515895237347, 
4.12393476207773, 4.05165935284417, 3.75751657816931, 3.93881096835302, 
4.0941494417913, 4.04133573667117, 4.00813982309753, 4.02854778452835, 
3.88655077491972, 3.93394044763428, 4.01733617210036, 3.92316507743319, 
3.85952726974284, 3.93905267170864, 4.01221222111285, 3.87443673650115, 
3.94237414366878, 3.8929647838592, 3.77948174464658, 3.88843359773594, 
4.07223798856012, 4.00146669014318, 3.9397642036877, 3.90360245268727, 
4.0489056560797, 3.79309515007579, 3.82464089166033, 3.80181105623441, 
3.81729250571662, 3.70978997063931, 3.93619039145027, 3.93518041841896, 
3.93980620419648, 3.89030496051572, 3.83269328123787, 3.98486322372371, 
4.18520803877904, 4.09313111501051, 4.1465819106802, 4.28515895237347, 
4.12393476207773, 4.05165935284417, 3.75751657816931, 3.93881096835302, 
4.0941494417913, 4.04133573667117, 4.00813982309753, 4.02854778452835, 
3.88655077491972, 3.93394044763428, 4.01733617210036, 3.92316507743318, 
3.85952726974284, 3.93905267170864, 4.01221222111285, 3.87443673650115, 
3.94237414366878, 3.8929647838592, 3.77948174464658, 3.88843359773594, 
4.07223798856012, 4.00146669014318, 3.9397642036877, 3.90360245268727, 
4.04890565607969, 3.79309515007579, 3.82464089166033, 3.80181105623441, 
3.81729250571662, 3.70978997063931, 3.93619039145027, 3.93518041841896, 
3.93980620419648, 3.89030496051572, 3.83269328123787, 3.98486322372372, 
