tmp <-
structure(c(5, 5, 5, 5, 5, 5, 5, 5, 5, 5, 5, 5, 5, 5, 5, 5, 5, 
5, 5, 5, 5, 5, 5, 5, 5, 5, 5, 5, 5, 5, 5, 5, 5, 5, 5, 5, 5, 5, 
5, 5, 28, 28, 28, 28, 28, 28, 28, 28, 28, 28, 28, 28, 28, 28, 
28, 28, 28, 28, 28, 28, 28, 28, 28, 28, 28, 28, 28, 28, 28, 28, 
28, 28, 28, 28, 28, 28, 28, 28, 28, 28, 2, 2, 2, 2, 2, 2, 2, 
2, 2, 2, 2, 2, 2, 2, 2, 2, 2, 2, 2, 2, 2, 2, 2, 2, 2, 2, 2, 2, 
2, 2, 2, 2, 2, 2, 2, 2, 2, 2, 2, 2, 26, 26, 26, 26, 26, 26, 26, 
26, 26, 26, 26, 26, 26, 26, 26, 26, 26, 26, 26, 26, 26, 26, 26, 
26, 26, 26, 26, 26, 26, 26, 26, 26, 26, 26, 26, 26, 26, 26, 26, 
26, 178, 178, 178, 178, 178, 178, 178, 178, 178, 178, 178, 178, 
178, 178, 178, 178, 178, 178, 178, 178, 178, 178, 178, 178, 178, 
178, 178, 178, 178, 178, 178, 178, 178, 178, 178, 178, 178, 178, 
178, 178, 0.157303370786517, 0.157303370786517, 0.157303370786517, 
0.157303370786517, 0.157303370786517, 0.157303370786517, 0.157303370786517, 
0.157303370786517, 0.157303370786517, 0.157303370786517, 0.157303370786517, 
0.157303370786517, 0.157303370786517, 0.157303370786517, 0.157303370786517, 
0.157303370786517, 0.157303370786517, 0.157303370786517, 0.157303370786517, 
0.157303370786517, 0.157303370786517, 0.157303370786517, 0.157303370786517, 
0.157303370786517, 0.157303370786517, 0.157303370786517, 0.157303370786517, 
0.157303370786517, 0.157303370786517, 0.157303370786517, 0.157303370786517, 
0.157303370786517, 0.157303370786517, 0.157303370786517, 0.157303370786517, 
0.157303370786517, 0.157303370786517, 0.157303370786517, 0.157303370786517, 
0.157303370786517, 0.0714285714285714, 0.0714285714285714, 0.0714285714285714, 
0.0714285714285714, 0.0714285714285714, 0.0714285714285714, 0.0714285714285714, 
0.0714285714285714, 0.0714285714285714, 0.0714285714285714, 0.0714285714285714, 
0.0714285714285714, 0.0714285714285714, 0.0714285714285714, 0.0714285714285714, 
0.0714285714285714, 0.0714285714285714, 0.0714285714285714, 0.0714285714285714, 
0.0714285714285714, 0.0714285714285714, 0.0714285714285714, 0.0714285714285714, 
0.0714285714285714, 0.0714285714285714, 0.0714285714285714, 0.0714285714285714, 
0.0714285714285714, 0.0714285714285714, 0.0714285714285714, 0.0714285714285714, 
0.0714285714285714, 0.0714285714285714, 0.0714285714285714, 0.0714285714285714, 
0.0714285714285714, 0.0714285714285714, 0.0714285714285714, 0.0714285714285714, 
0.0714285714285714, 0.928571428571429, 0.928571428571429, 0.928571428571429, 
0.928571428571429, 0.928571428571429, 0.928571428571429, 0.928571428571429, 
0.928571428571429, 0.928571428571429, 0.928571428571429, 0.928571428571429, 
0.928571428571429, 0.928571428571429, 0.928571428571429, 0.928571428571429, 
0.928571428571429, 0.928571428571429, 0.928571428571429, 0.928571428571429, 
0.928571428571429, 0.928571428571429, 0.928571428571429, 0.928571428571429, 
0.928571428571429, 0.928571428571429, 0.928571428571429, 0.928571428571429, 
0.928571428571429, 0.928571428571429, 0.928571428571429, 0.928571428571429, 
0.928571428571429, 0.928571428571429, 0.928571428571429, 0.928571428571429, 
0.928571428571429, 0.928571428571429, 0.928571428571429, 0.928571428571429, 
0.928571428571429, 2, 2, 2, 2, 2, 2, 2, 2, 2, 2, 2, 2, 2, 2, 
2, 2, 2, 2, 2, 2, 2, 2, 2, 2, 2, 2, 2, 2, 2, 2, 2, 2, 2, 2, 2, 
2, 2, 2, 2, 2, 14, 14, 14, 14, 14, 14, 14, 14, 14, 14, 14, 14, 
14, 14, 14, 14, 14, 14, 14, 14, 14, 14, 14, 14, 14, 14, 14, 14, 
14, 14, 14, 14, 14, 14, 14, 14, 14, 14, 14, 14, 4.55555555555556, 
4.55555555555556, 4.55555555555556, 4.55555555555556, 4.55555555555556, 
4.55555555555556, 4.55555555555556, 4.55555555555556, 4.55555555555556, 
4.55555555555556, 4.55555555555556, 4.55555555555556, 4.55555555555556, 
4.55555555555556, 4.55555555555556, 4.55555555555556, 4.55555555555556, 
4.55555555555556, 4.55555555555556, 4.55555555555556, 4.55555555555556, 
4.55555555555556, 4.55555555555556, 4.55555555555556, 4.55555555555556, 
4.55555555555556, 4.55555555555556, 4.55555555555556, 4.55555555555556, 
4.55555555555556, 4.55555555555556, 4.55555555555556, 4.55555555555556, 
4.55555555555556, 4.55555555555556, 4.55555555555556, 4.55555555555556, 
4.55555555555556, 4.55555555555556, 4.55555555555556, 3.44554710776023, 
3.44554710776023, 3.44554710776023, 3.44554710776023, 3.44554710776023, 
3.44554710776023, 3.44554710776023, 3.44554710776023, 3.44554710776023, 
3.44554710776023, 3.44554710776023, 3.44554710776023, 3.44554710776023, 
3.44554710776023, 3.44554710776023, 3.44554710776023, 3.44554710776023, 
3.44554710776023, 3.44554710776023, 3.44554710776023, 3.44554710776023, 
3.44554710776023, 3.44554710776023, 3.44554710776023, 3.44554710776023, 
3.44554710776023, 3.44554710776023, 3.44554710776023, 3.44554710776023, 
3.44554710776023, 3.44554710776023, 3.44554710776023, 3.44554710776023, 
3.44554710776023, 3.44554710776023, 3.44554710776023, 3.44554710776023, 
3.44554710776023, 3.44554710776023, 3.44554710776023, 123, 123, 
123, 123, 123, 123, 123, 123, 123, 123, 123, 123, 123, 123, 123, 
123, 123, 123, 123, 123, 123, 123, 123, 123, 123, 123, 123, 123, 
123, 123, 123, 123, 123, 123, 123, 123, 123, 123, 123, 123, 0.101123595505618, 
0.0898876404494382, 0.0842696629213483, 0.0955056179775281, 0.0898876404494382, 
0.0955056179775281, 0.0955056179775281, 0.0898876404494382, 0.0842696629213483, 
0.101123595505618, 0.0842696629213483, 0.0955056179775281, 0.101123595505618, 
0.0955056179775281, 0.0898876404494382, 0.106741573033708, 0.101123595505618, 
0.101123595505618, 0.0786516853932584, 0.101123595505618, 0.106741573033708, 
0.112359550561798, 0.106741573033708, 0.0955056179775281, 0.101123595505618, 
0.134831460674157, 0.0955056179775281, 0.112359550561798, 0.101123595505618, 
0.123595505617978, 0.123595505617978, 0.112359550561798, 0.112359550561798, 
0.112359550561798, 0.123595505617978, 0.123595505617978, 0.123595505617978, 
0.0898876404494382, 0.117977528089888, 0.0955056179775281, 0.331460674157303, 
0.325842696629214, 0.320224719101124, 0.337078651685393, 0.348314606741573, 
0.320224719101124, 0.337078651685393, 0.314606741573034, 0.342696629213483, 
0.325842696629214, 0.342696629213483, 0.325842696629214, 0.325842696629214, 
0.320224719101124, 0.308988764044944, 0.325842696629214, 0.314606741573034, 
0.320224719101124, 0.320224719101124, 0.337078651685393, 0.303370786516854, 
0.331460674157303, 0.297752808988764, 0.308988764044944, 0.325842696629214, 
0.320224719101124, 0.325842696629214, 0.342696629213483, 0.303370786516854, 
0.303370786516854, 0.292134831460674, 0.292134831460674, 0.258426966292135, 
0.325842696629214, 0.286516853932584, 0.331460674157303, 0.314606741573034, 
0.337078651685393, 0.314606741573034, 0.292134831460674, 0.2, 
0.2, 0.2, 0.2, 0.2, 0.2, 0.2, 0.2, 0.2, 0.2, 0.2, 0.2, 0.2, 0.2, 
0.2, 0.2, 0.2, 0.2, 0.2, 0.2, 0.2, 0.2, 0.2, 0.2, 0.2, 0.2, 0.2, 
0.2, 0.2, 0.2, 0.2, 0.2, 0.2, 0.2, 0.2, 0.2, 0.2, 0.2, 0.2, 0.2, 
0.0867245427771695, 0.0868154776273342, 0.0849782939379283, 0.0904651392611413, 
0.0967043084214154, 0.0821455133772325, 0.0911602331478051, 0.0850710954223231, 
0.0953071301606663, 0.0850710954223231, 0.0952243047950949, 0.0859936022846154, 
0.0839507072472725, 0.0817603939875344, 0.0781080732199532, 0.0843258239825115, 
0.0796089419501948, 0.0798069252003585, 0.0887924858432825, 0.0863598458596173, 
0.0704602790791602, 0.0874493739596436, 0.0698981169213294, 0.0797079950455571, 
0.0803979497528014, 0.0747000905105378, 0.0822415114389452, 0.0874493739596436, 
0.0739569988034338, 0.0652266304435955, 0.0655885342593091, 0.0738502324726067, 
0.0565437646745444, 0.0785111103293401, 0.0691034072884717, 0.0817603939875343, 
0.0707954337169589, 0.0909869575052164, 0.0747000905105378, 0.0760608597576463, 
2.94693312492726, 3.06114032618251, 2.84702595963751, 2.90746888335059, 
2.9346501022162, 3.06337775902678, 2.63220333416115, 3.2267253696521, 
2.90228470591234, 3.04583119186634, 3.3819686613695, 2.79605264340544, 
3.01532709920572, 3.05290004612556, 2.5917972338509, 3.0774532866178, 
