tmp <-
structure(c(6, 6, 6, 6, 6, 6, 6, 6, 6, 6, 6, 6, 6, 6, 6, 6, 6, 
6, 6, 6, 6, 6, 6, 6, 6, 6, 6, 6, 6, 6, 6, 6, 6, 6, 6, 6, 6, 6, 
6, 6, 11, 11, 11, 11, 11, 11, 11, 11, 11, 11, 11, 11, 11, 11, 
11, 11, 11, 11, 11, 11, 11, 11, 11, 11, 11, 11, 11, 11, 11, 11, 
11, 11, 11, 11, 11, 11, 11, 11, 11, 11, 0, 0, 0, 0, 0, 0, 0, 
0, 0, 0, 0, 0, 0, 0, 0, 0, 0, 0, 0, 0, 0, 0, 0, 0, 0, 0, 0, 0, 
0, 0, 0, 0, 0, 0, 0, 0, 0, 0, 0, 0, 11, 11, 11, 11, 11, 11, 11, 
11, 11, 11, 11, 11, 11, 11, 11, 11, 11, 11, 11, 11, 11, 11, 11, 
11, 11, 11, 11, 11, 11, 11, 11, 11, 11, 11, 11, 11, 11, 11, 11, 
11, 1066, 1066, 1066, 1066, 1066, 1066, 1066, 1066, 1066, 1066, 
1066, 1066, 1066, 1066, 1066, 1066, 1066, 1066, 1066, 1066, 1066, 
1066, 1066, 1066, 1066, 1066, 1066, 1066, 1066, 1066, 1066, 1066, 
1066, 1066, 1066, 1066, 1066, 1066, 1066, 1066, 0.0103189493433396, 
0.0103189493433396, 0.0103189493433396, 0.0103189493433396, 0.0103189493433396, 
0.0103189493433396, 0.0103189493433396, 0.0103189493433396, 0.0103189493433396, 
0.0103189493433396, 0.0103189493433396, 0.0103189493433396, 0.0103189493433396, 
0.0103189493433396, 0.0103189493433396, 0.0103189493433396, 0.0103189493433396, 
0.0103189493433396, 0.0103189493433396, 0.0103189493433396, 0.0103189493433396, 
0.0103189493433396, 0.0103189493433396, 0.0103189493433396, 0.0103189493433396, 
0.0103189493433396, 0.0103189493433396, 0.0103189493433396, 0.0103189493433396, 
0.0103189493433396, 0.0103189493433396, 0.0103189493433396, 0.0103189493433396, 
0.0103189493433396, 0.0103189493433396, 0.0103189493433396, 0.0103189493433396, 
0.0103189493433396, 0.0103189493433396, 0.0103189493433396, 0, 
0, 0, 0, 0, 0, 0, 0, 0, 0, 0, 0, 0, 0, 0, 0, 0, 0, 0, 0, 0, 0, 
0, 0, 0, 0, 0, 0, 0, 0, 0, 0, 0, 0, 0, 0, 0, 0, 0, 0, 1, 1, 1, 
1, 1, 1, 1, 1, 1, 1, 1, 1, 1, 1, 1, 1, 1, 1, 1, 1, 1, 1, 1, 1, 
1, 1, 1, 1, 1, 1, 1, 1, 1, 1, 1, 1, 1, 1, 1, 1, 2, 2, 2, 2, 2, 
2, 2, 2, 2, 2, 2, 2, 2, 2, 2, 2, 2, 2, 2, 2, 2, 2, 2, 2, 2, 2, 
2, 2, 2, 2, 2, 2, 2, 2, 2, 2, 2, 2, 2, 2, 8, 8, 8, 8, 8, 8, 8, 
8, 8, 8, 8, 8, 8, 8, 8, 8, 8, 8, 8, 8, 8, 8, 8, 8, 8, 8, 8, 8, 
8, 8, 8, 8, 8, 8, 8, 8, 8, 8, 8, 8, 3.91666666666667, 3.91666666666667, 
3.91666666666667, 3.91666666666667, 3.91666666666667, 3.91666666666667, 
3.91666666666667, 3.91666666666667, 3.91666666666667, 3.91666666666667, 
3.91666666666667, 3.91666666666667, 3.91666666666667, 3.91666666666667, 
3.91666666666667, 3.91666666666667, 3.91666666666667, 3.91666666666667, 
3.91666666666667, 3.91666666666667, 3.91666666666667, 3.91666666666667, 
3.91666666666667, 3.91666666666667, 3.91666666666667, 3.91666666666667, 
3.91666666666667, 3.91666666666667, 3.91666666666667, 3.91666666666667, 
3.91666666666667, 3.91666666666667, 3.91666666666667, 3.91666666666667, 
3.91666666666667, 3.91666666666667, 3.91666666666667, 3.91666666666667, 
3.91666666666667, 3.91666666666667, 2.06522432562458, 2.06522432562458, 
2.06522432562458, 2.06522432562458, 2.06522432562458, 2.06522432562458, 
2.06522432562458, 2.06522432562458, 2.06522432562458, 2.06522432562458, 
2.06522432562458, 2.06522432562458, 2.06522432562458, 2.06522432562458, 
2.06522432562458, 2.06522432562458, 2.06522432562458, 2.06522432562458, 
2.06522432562458, 2.06522432562458, 2.06522432562458, 2.06522432562458, 
2.06522432562458, 2.06522432562458, 2.06522432562458, 2.06522432562458, 
2.06522432562458, 2.06522432562458, 2.06522432562458, 2.06522432562458, 
2.06522432562458, 2.06522432562458, 2.06522432562458, 2.06522432562458, 
2.06522432562458, 2.06522432562458, 2.06522432562458, 2.06522432562458, 
2.06522432562458, 2.06522432562458, 47, 47, 47, 47, 47, 47, 47, 
47, 47, 47, 47, 47, 47, 47, 47, 47, 47, 47, 47, 47, 47, 47, 47, 
47, 47, 47, 47, 47, 47, 47, 47, 47, 47, 47, 47, 47, 47, 47, 47, 
47, 0.049718574108818, 0.0450281425891182, 0.050656660412758, 
0.0422138836772983, 0.049718574108818, 0.0469043151969981, 0.0515947467166979, 
0.0525328330206379, 0.0469043151969981, 0.0515947467166979, 0.0619136960600375, 
0.0544090056285178, 0.0534709193245779, 0.0581613508442777, 0.0534709193245779, 
0.0525328330206379, 0.0581613508442777, 0.0544090056285178, 0.0562851782363977, 
0.0515947467166979, 0.0684803001876173, 0.0731707317073171, 0.0609756097560976, 
0.0572232645403377, 0.0544090056285178, 0.0544090056285178, 0.0628517823639775, 
0.0656660412757974, 0.0703564727954972, 0.0609756097560976, 0.075984990619137, 
0.0628517823639775, 0.0722326454033771, 0.0684803001876173, 0.0684803001876173, 
0.075046904315197, 0.074108818011257, 0.0628517823639775, 0.075046904315197, 
0.0731707317073171, 0.293621013133208, 0.297373358348968, 0.299249530956848, 
0.304878048780488, 0.293621013133208, 0.308630393996248, 0.293621013133208, 
0.296435272045028, 0.299249530956848, 0.299249530956848, 0.292682926829268, 
0.295497185741088, 0.291744840525328, 0.282363977485929, 0.300187617260788, 
0.287054409005629, 0.304878048780488, 0.289868667917448, 0.288930581613508, 
0.301125703564728, 0.286116322701689, 0.287054409005629, 0.287992495309568, 
0.271106941838649, 0.292682926829268, 0.292682926829268, 0.287992495309568, 
0.277673545966229, 0.287054409005629, 0.297373358348968, 0.272045028142589, 
0.271106941838649, 0.275797373358349, 0.274859287054409, 0.270168855534709, 
0.274859287054409, 0.263602251407129, 0.272045028142589, 0.279549718574109, 
0.282363977485929, 0.166666666666667, 0.166666666666667, 0.166666666666667, 
0.166666666666667, 0.166666666666667, 0.166666666666667, 0.166666666666667, 
0.166666666666667, 0.166666666666667, 0.166666666666667, 0.166666666666667, 
0.166666666666667, 0.166666666666667, 0.166666666666667, 0.166666666666667, 
0.166666666666667, 0.166666666666667, 0.166666666666667, 0.166666666666667, 
0.166666666666667, 0.166666666666667, 0.166666666666667, 0.166666666666667, 
0.166666666666667, 0.166666666666667, 0.166666666666667, 0.166666666666667, 
0.166666666666667, 0.166666666666667, 0.166666666666667, 0.166666666666667, 
0.166666666666667, 0.166666666666667, 0.166666666666667, 0.166666666666667, 
0.166666666666667, 0.166666666666667, 0.166666666666667, 0.166666666666667, 
0.166666666666667, 0.0899500363437803, 0.0930109929077619, 0.0907913765735731, 
0.093062069961693, 0.0895499891440217, 0.0950067330417361, 0.0891955163105878, 
0.089971556973676, 0.0939336252934013, 0.0890592609822015, 0.0854280264835567, 
0.0896953105281326, 0.087202005520641, 0.0827723184833658, 0.0889148794860433, 
0.0840949593629284, 0.0887385349410955, 0.0864438597133503, 0.084768266198471, 
0.0899187244148854, 0.0816117113227914, 0.0764103782329019, 0.0808925623262317, 
0.0787225273482418, 0.0849321325598613, 0.0872786678215772, 0.0819818018336573, 
0.0796361054063862, 0.0774808557562995, 0.082437808896981, 0.0731001407376493, 
0.0751562680310095, 0.0735513903374358, 0.0734004827746121, 0.0729868924169793, 
0.0733429125054029, 0.0682980088501833, 0.075758044025942, 0.0760224276401282, 
0.0758393124799238, 0, 0, 0, 0, 0, 0, 0, 0, 0, 0, 0, 0, 0, 0, 
0, 0, 0, 0, 0, 0, 0, 0, 0, 0, 0, 0, 0, 0, 0, 0, 0, 0, 0, 0, 0, 
0, 0, 0, 0, 0, 5.0059053001175, 4.79908518647371, 5.11493723240326, 
5.13093439607761, 5.0986447246926, 5.21515672718613, 5.02757915807521, 
5.19800641137483, 5.29488903397641, 5.16813057643467, 4.99604271474935, 
4.89222384871215, 5.12313107100005, 4.72022056237465, 4.75416622510016, 
4.6582299055201, 4.89897615741169, 4.77032480720012, 4.92915193380855, 
4.72567083596163, 4.82670137661911, 4.63756291156957, 4.94995655570809, 
4.87960742106456, 4.61048651161107, 4.71643670409528, 4.68895013938761, 
4.77358402362352, 5.12349180085933, 4.77397185321578, 4.84324423049136, 
4.59394050966433, 4.71169280357558, 4.5978370697198, 4.5018535888633, 
4.58592484918727, 4.73258426921335, 4.49557988625929, 4.79046898038627, 
4.603382871287, 3, 3, 3, 3, 3, 3, 3, 3, 3, 3, 3, 3, 3, 3, 3, 
3, 3, 3, 3, 3, 3, 3, 3, 3, 3, 3, 3, 3, 3, 3, 3, 3, 3, 3, 3, 3, 
3, 3, 3, 3, 45.4925373892252, 40.4178178846383, 47.3979529119564, 
47.7878836380592, 47.5443045117383, 50.0093478013595, 45.0627033343377, 
