tmp <-
structure(c(5, 5, 5, 5, 5, 5, 5, 5, 5, 5, 5, 5, 5, 5, 5, 5, 5, 
5, 5, 5, 5, 5, 5, 5, 5, 5, 5, 5, 5, 5, 5, 5, 5, 5, 5, 5, 5, 5, 
5, 5, 9, 9, 9, 9, 9, 9, 9, 9, 9, 9, 9, 9, 9, 9, 9, 9, 9, 9, 9, 
9, 9, 9, 9, 9, 9, 9, 9, 9, 9, 9, 9, 9, 9, 9, 9, 9, 9, 9, 9, 9, 
9, 9, 9, 9, 9, 9, 9, 9, 9, 9, 9, 9, 9, 9, 9, 9, 9, 9, 9, 9, 9, 
9, 9, 9, 9, 9, 9, 9, 9, 9, 9, 9, 9, 9, 9, 9, 9, 9, 9, 9, 0, 0, 
0, 0, 0, 0, 0, 0, 0, 0, 0, 0, 0, 0, 0, 0, 0, 0, 0, 0, 0, 0, 0, 
0, 0, 0, 0, 0, 0, 0, 0, 0, 0, 0, 0, 0, 0, 0, 0, 0, 205, 205, 
205, 205, 205, 205, 205, 205, 205, 205, 205, 205, 205, 205, 205, 
205, 205, 205, 205, 205, 205, 205, 205, 205, 205, 205, 205, 205, 
205, 205, 205, 205, 205, 205, 205, 205, 205, 205, 205, 205, 0.0439024390243902, 
0.0439024390243902, 0.0439024390243902, 0.0439024390243902, 0.0439024390243902, 
0.0439024390243902, 0.0439024390243902, 0.0439024390243902, 0.0439024390243902, 
0.0439024390243902, 0.0439024390243902, 0.0439024390243902, 0.0439024390243902, 
0.0439024390243902, 0.0439024390243902, 0.0439024390243902, 0.0439024390243902, 
0.0439024390243902, 0.0439024390243902, 0.0439024390243902, 0.0439024390243902, 
0.0439024390243902, 0.0439024390243902, 0.0439024390243902, 0.0439024390243902, 
0.0439024390243902, 0.0439024390243902, 0.0439024390243902, 0.0439024390243902, 
0.0439024390243902, 0.0439024390243902, 0.0439024390243902, 0.0439024390243902, 
0.0439024390243902, 0.0439024390243902, 0.0439024390243902, 0.0439024390243902, 
0.0439024390243902, 0.0439024390243902, 0.0439024390243902, 1, 
1, 1, 1, 1, 1, 1, 1, 1, 1, 1, 1, 1, 1, 1, 1, 1, 1, 1, 1, 1, 1, 
1, 1, 1, 1, 1, 1, 1, 1, 1, 1, 1, 1, 1, 1, 1, 1, 1, 1, 0, 0, 0, 
0, 0, 0, 0, 0, 0, 0, 0, 0, 0, 0, 0, 0, 0, 0, 0, 0, 0, 0, 0, 0, 
0, 0, 0, 0, 0, 0, 0, 0, 0, 0, 0, 0, 0, 0, 0, 0, 5, 5, 5, 5, 5, 
5, 5, 5, 5, 5, 5, 5, 5, 5, 5, 5, 5, 5, 5, 5, 5, 5, 5, 5, 5, 5, 
5, 5, 5, 5, 5, 5, 5, 5, 5, 5, 5, 5, 5, 5, 5, 5, 5, 5, 5, 5, 5, 
5, 5, 5, 5, 5, 5, 5, 5, 5, 5, 5, 5, 5, 5, 5, 5, 5, 5, 5, 5, 5, 
5, 5, 5, 5, 5, 5, 5, 5, 5, 5, 5, 5, 5, 5, 5, 5, 5, 5, 5, 5, 5, 
5, 5, 5, 5, 5, 5, 5, 5, 5, 5, 5, 5, 5, 5, 5, 5, 5, 5, 5, 5, 5, 
5, 5, 5, 5, 5, 5, 5, 5, 5, 5, 0, 0, 0, 0, 0, 0, 0, 0, 0, 0, 0, 
0, 0, 0, 0, 0, 0, 0, 0, 0, 0, 0, 0, 0, 0, 0, 0, 0, 0, 0, 0, 0, 
0, 0, 0, 0, 0, 0, 0, 0, 5, 5, 5, 5, 5, 5, 5, 5, 5, 5, 5, 5, 5, 
5, 5, 5, 5, 5, 5, 5, 5, 5, 5, 5, 5, 5, 5, 5, 5, 5, 5, 5, 5, 5, 
5, 5, 5, 5, 5, 5, 0.0634146341463415, 0.0682926829268293, 0.0780487804878049, 
0.0634146341463415, 0.0634146341463415, 0.0731707317073171, 0.0682926829268293, 
0.0634146341463415, 0.0780487804878049, 0.0682926829268293, 0.0878048780487805, 
0.0829268292682927, 0.0682926829268293, 0.0878048780487805, 0.0780487804878049, 
0.0878048780487805, 0.0780487804878049, 0.0634146341463415, 0.0878048780487805, 
0.0926829268292683, 0.0926829268292683, 0.102439024390244, 0.0926829268292683, 
0.102439024390244, 0.0829268292682927, 0.0878048780487805, 0.0780487804878049, 
0.0878048780487805, 0.0878048780487805, 0.0731707317073171, 0.107317073170732, 
0.102439024390244, 0.0829268292682927, 0.117073170731707, 0.0975609756097561, 
0.107317073170732, 0.102439024390244, 0.107317073170732, 0.107317073170732, 
0.0780487804878049, 0.370731707317073, 0.365853658536585, 0.351219512195122, 
0.346341463414634, 0.35609756097561, 0.341463414634146, 0.365853658536585, 
0.365853658536585, 0.365853658536585, 0.341463414634146, 0.341463414634146, 
0.360975609756098, 0.346341463414634, 0.346341463414634, 0.341463414634146, 
0.35609756097561, 0.351219512195122, 0.351219512195122, 0.341463414634146, 
0.326829268292683, 0.317073170731707, 0.331707317073171, 0.346341463414634, 
0.346341463414634, 0.336585365853659, 0.336585365853659, 0.341463414634146, 
0.321951219512195, 0.346341463414634, 0.360975609756098, 0.341463414634146, 
0.336585365853659, 0.331707317073171, 0.292682926829268, 0.326829268292683, 
0.351219512195122, 0.331707317073171, 0.321951219512195, 0.336585365853659, 
0.390243902439024, 0.2, 0.2, 0.2, 0.2, 0.2, 0.2, 0.2, 0.2, 0.2, 
0.2, 0.2, 0.2, 0.2, 0.2, 0.2, 0.2, 0.2, 0.2, 0.2, 0.2, 0.2, 0.2, 
0.2, 0.2, 0.2, 0.2, 0.2, 0.2, 0.2, 0.2, 0.2, 0.2, 0.2, 0.2, 0.2, 
0.2, 0.2, 0.2, 0.2, 0.2, 0.139131323872699, 0.138874544834017, 
0.13098264958144, 0.137280461263125, 0.133234149109733, 0.128321428663082, 
0.133635390554173, 0.141673519331294, 0.137756304843346, 0.127763910767891, 
0.1245575154615, 0.133100133167241, 0.136105428568817, 0.132158216430674, 
0.130436506898741, 0.124652998431031, 0.137626692484545, 0.133501777399063, 
0.123405957469986, 0.119088347470573, 0.111290093137072, 0.110646792411842, 
0.124222747104847, 0.116869741958155, 0.123742935550886, 0.118236094083325, 
0.124270626369337, 0.109076486707307, 0.117832900772499, 0.12052828390835, 
0.103479041149251, 0.108912749081786, 0.118437176021258, 0.0842081780567418, 
0.10249707994854, 0.108748764924917, 0.100858893307977, 0.108420052540941, 
0.118386937556211, 0.131978041546036, 1.63584148978222, 1.52846175266565, 
1.58232878951047, 1.66966150104537, 1.64805950381147, 1.47669937729927, 
1.53317257866373, 1.67156493714693, 1.60490901236916, 1.64103092545795, 
1.42993445452626, 1.58970072351753, 1.66352984174527, 1.57029899419349, 
1.60996601319741, 1.4844721962998, 1.36535613265972, 1.46669962865841, 
1.56653006703206, 1.57158636430324, 1.7195816506026, 1.69714667155602, 
1.64370643396393, 1.50870931078153, 1.58535086302687, 1.54920402582013, 
1.56243909335957, 1.54196451966171, 1.62803519535457, 1.51814249560146, 
1.64315848830976, 1.55228839108692, 1.94075224948459, 1.45841144231124, 
1.64024732513281, 1.52741725453251, 1.60365535256748, 1.54225947558028, 
1.41164197524359, 1.44317310939031, 1.63584148978222, 1.52846175266564, 
1.58232878951047, 1.66966150104536, 1.64805950381147, 1.47669937729926, 
1.53317257866372, 1.67156493714692, 1.60490901236916, 1.64103092545795, 
1.42993445452626, 1.58970072351752, 1.66352984174527, 1.5702989941935, 
1.60996601319741, 1.4844721962998, 1.36535613265972, 1.46669962865841, 
1.56653006703206, 1.57158636430324, 1.71958165060261, 1.69714667155602, 
1.64370643396393, 1.50870931078153, 1.58535086302687, 1.54920402582013, 
1.56243909335957, 1.54196451966171, 1.62803519535457, 1.51814249560145, 
1.64315848830977, 1.55228839108692, 1.9407522494846, 1.45841144231124, 
1.64024732513282, 1.52741725453251, 1.60365535256747, 1.54225947558028, 
1.41164197524359, 1.44317310939032, 7.60545259690876, 7.42867515899081, 
7.7017478667346, 8.30764350998886, 7.68875503263236, 7.13217845343427, 
7.0356560736615, 8.24916471100816, 7.03189124791268, 7.77740513895002, 
6.97733726667655, 7.12150471507623, 7.80429956306804, 7.46847181910942, 
7.68545099247165, 7.04546024325495, 6.13266055894597, 7.16228326432087, 
7.84631057979617, 7.36222398596695, 8.71288841717267, 8.14730948995525, 
8.05456247728029, 7.26336365888724, 7.00276810823836, 7.2286519469079, 
7.42049342645023, 7.67248959414127, 7.62456053894759, 7.3349458574483, 
8.04836631799158, 7.66489281817283, 10.1062874523776, 7.52984059885737, 
8.8973838388347, 7.00584690402881, 7.7149135574295, 7.54627658560777, 
6.92476028288855, 6.93316531572026, 7.60545259690876, 7.42867515899081, 
7.7017478667346, 8.30764350998886, 7.68875503263236, 7.13217845343426, 
7.03565607366149, 8.24916471100816, 7.03189124791269, 7.77740513895002, 
6.97733726667655, 7.12150471507622, 7.80429956306804, 7.46847181910942, 
7.68545099247164, 7.04546024325494, 6.13266055894597, 7.16228326432087, 
7.84631057979617, 7.36222398596695, 8.71288841717268, 8.14730948995525, 
8.05456247728029, 7.26336365888724, 7.00276810823836, 7.2286519469079, 
7.42049342645023, 7.67248959414128, 7.6245605389476, 7.3349458574483, 
8.04836631799158, 7.66489281817283, 10.1062874523777, 7.52984059885737, 
8.89738383883471, 7.00584690402881, 7.71491355742949, 7.54627658560777, 
6.92476028288855, 6.93316531572026, 0.355770487155437, 0.364155634215277, 
0.352498324389447, 0.370713133017148, 0.349580028961162, 0.363294606322851, 
