tmp <-
structure(c(2, 2, 2, 2, 2, 2, 2, 2, 2, 2, 2, 2, 2, 2, 2, 2, 2, 
2, 2, 2, 2, 2, 2, 2, 2, 2, 2, 2, 2, 2, 2, 2, 2, 2, 2, 2, 2, 2, 
2, 2, 3, 3, 3, 3, 3, 3, 3, 3, 3, 3, 3, 3, 3, 3, 3, 3, 3, 3, 3, 
3, 3, 3, 3, 3, 3, 3, 3, 3, 3, 3, 3, 3, 3, 3, 3, 3, 3, 3, 3, 3, 
3, 3, 3, 3, 3, 3, 3, 3, 3, 3, 3, 3, 3, 3, 3, 3, 3, 3, 3, 3, 3, 
3, 3, 3, 3, 3, 3, 3, 3, 3, 3, 3, 3, 3, 3, 3, 3, 3, 3, 3, 0, 0, 
0, 0, 0, 0, 0, 0, 0, 0, 0, 0, 0, 0, 0, 0, 0, 0, 0, 0, 0, 0, 0, 
0, 0, 0, 0, 0, 0, 0, 0, 0, 0, 0, 0, 0, 0, 0, 0, 0, 306, 306, 
306, 306, 306, 306, 306, 306, 306, 306, 306, 306, 306, 306, 306, 
306, 306, 306, 306, 306, 306, 306, 306, 306, 306, 306, 306, 306, 
306, 306, 306, 306, 306, 306, 306, 306, 306, 306, 306, 306, 0.00980392156862745, 
0.00980392156862745, 0.00980392156862745, 0.00980392156862745, 
0.00980392156862745, 0.00980392156862745, 0.00980392156862745, 
0.00980392156862745, 0.00980392156862745, 0.00980392156862745, 
0.00980392156862745, 0.00980392156862745, 0.00980392156862745, 
0.00980392156862745, 0.00980392156862745, 0.00980392156862745, 
0.00980392156862745, 0.00980392156862745, 0.00980392156862745, 
0.00980392156862745, 0.00980392156862745, 0.00980392156862745, 
0.00980392156862745, 0.00980392156862745, 0.00980392156862745, 
0.00980392156862745, 0.00980392156862745, 0.00980392156862745, 
0.00980392156862745, 0.00980392156862745, 0.00980392156862745, 
0.00980392156862745, 0.00980392156862745, 0.00980392156862745, 
0.00980392156862745, 0.00980392156862745, 0.00980392156862745, 
0.00980392156862745, 0.00980392156862745, 0.00980392156862745, 
1, 1, 1, 1, 1, 1, 1, 1, 1, 1, 1, 1, 1, 1, 1, 1, 1, 1, 1, 1, 1, 
1, 1, 1, 1, 1, 1, 1, 1, 1, 1, 1, 1, 1, 1, 1, 1, 1, 1, 1, 0, 0, 
0, 0, 0, 0, 0, 0, 0, 0, 0, 0, 0, 0, 0, 0, 0, 0, 0, 0, 0, 0, 0, 
0, 0, 0, 0, 0, 0, 0, 0, 0, 0, 0, 0, 0, 0, 0, 0, 0, 2, 2, 2, 2, 
2, 2, 2, 2, 2, 2, 2, 2, 2, 2, 2, 2, 2, 2, 2, 2, 2, 2, 2, 2, 2, 
2, 2, 2, 2, 2, 2, 2, 2, 2, 2, 2, 2, 2, 2, 2, 2, 2, 2, 2, 2, 2, 
2, 2, 2, 2, 2, 2, 2, 2, 2, 2, 2, 2, 2, 2, 2, 2, 2, 2, 2, 2, 2, 
2, 2, 2, 2, 2, 2, 2, 2, 2, 2, 2, 2, 2, 2, 2, 2, 2, 2, 2, 2, 2, 
2, 2, 2, 2, 2, 2, 2, 2, 2, 2, 2, 2, 2, 2, 2, 2, 2, 2, 2, 2, 2, 
2, 2, 2, 2, 2, 2, 2, 2, 2, 2, 2, 0, 0, 0, 0, 0, 0, 0, 0, 0, 0, 
0, 0, 0, 0, 0, 0, 0, 0, 0, 0, 0, 0, 0, 0, 0, 0, 0, 0, 0, 0, 0, 
0, 0, 0, 0, 0, 0, 0, 0, 0, 2, 2, 2, 2, 2, 2, 2, 2, 2, 2, 2, 2, 
2, 2, 2, 2, 2, 2, 2, 2, 2, 2, 2, 2, 2, 2, 2, 2, 2, 2, 2, 2, 2, 
2, 2, 2, 2, 2, 2, 2, 0.274509803921569, 0.294117647058824, 0.281045751633987, 
0.281045751633987, 0.274509803921569, 0.274509803921569, 0.26797385620915, 
0.274509803921569, 0.274509803921569, 0.313725490196078, 0.323529411764706, 
0.290849673202614, 0.303921568627451, 0.264705882352941, 0.290849673202614, 
0.310457516339869, 0.297385620915033, 0.310457516339869, 0.330065359477124, 
0.297385620915033, 0.294117647058824, 0.326797385620915, 0.366013071895425, 
0.320261437908497, 0.30718954248366, 0.320261437908497, 0.359477124183007, 
0.333333333333333, 0.34640522875817, 0.333333333333333, 0.352941176470588, 
0.326797385620915, 0.366013071895425, 0.366013071895425, 0.34640522875817, 
0.379084967320261, 0.326797385620915, 0.326797385620915, 0.352941176470588, 
0.339869281045752, 0.725490196078431, 0.705882352941177, 0.718954248366013, 
0.718954248366013, 0.725490196078431, 0.725490196078431, 0.73202614379085, 
0.725490196078431, 0.725490196078431, 0.686274509803922, 0.676470588235294, 
0.709150326797386, 0.696078431372549, 0.735294117647059, 0.709150326797386, 
0.689542483660131, 0.702614379084967, 0.689542483660131, 0.669934640522876, 
0.702614379084967, 0.705882352941177, 0.673202614379085, 0.633986928104575, 
0.679738562091503, 0.69281045751634, 0.679738562091503, 0.640522875816993, 
0.666666666666667, 0.65359477124183, 0.666666666666667, 0.647058823529412, 
0.673202614379085, 0.633986928104575, 0.633986928104575, 0.65359477124183, 
0.620915032679739, 0.673202614379085, 0.673202614379085, 0.647058823529412, 
0.660130718954248, 0.5, 0.5, 0.5, 0.5, 0.5, 0.5, 0.5, 0.5, 0.5, 
0.5, 0.5, 0.5, 0.5, 0.5, 0.5, 0.5, 0.5, 0.5, 0.5, 0.5, 0.5, 0.5, 
0.5, 0.5, 0.5, 0.5, 0.5, 0.5, 0.5, 0.5, 0.5, 0.5, 0.5, 0.5, 0.5, 
0.5, 0.5, 0.5, 0.5, 0.5, 0.318891293476286, 0.291161615782696, 
0.309648067578423, 0.309648067578423, 0.318891293476286, 0.318891293476286, 
0.32813451937415, 0.318891293476286, 0.318891293476286, 0.263431938089106, 
0.249567099242311, 0.295783228731628, 0.277296776935901, 0.332756132323081, 
0.295783228731628, 0.268053551038038, 0.286540002833764, 0.268053551038038, 
0.240323873344447, 0.286540002833764, 0.291161615782696, 0.244945486293379, 
0.189486130906199, 0.254188712191243, 0.272675163986969, 0.254188712191243, 
0.198729356804062, 0.235702260395516, 0.217215808599789, 0.235702260395516, 
0.207972582701926, 0.244945486293379, 0.189486130906199, 0.189486130906199, 
0.217215808599789, 0.170999679110472, 0.244945486293379, 0.244945486293379, 
0.207972582701926, 0.226459034497652, 1.05339906162297, 1.08089658121081, 
1.0581171965406, 1.05154784943931, 1.08012637495773, 1.01057448188603, 
1.037411027699, 0.922232826623128, 1.05784670448607, 1.07404359385652, 
1.08965770541811, 1.06958706433267, 1.06825766012635, 1.04676166038373, 
1.06483493737465, 0.990397879726429, 1.06282712853048, 1.04951133430927, 
1.06304525478874, 1.04088289845881, 1.10347381181127, 1.05485320917891, 
1.07557033769038, 1.06360719418449, 1.01359229072654, 1.04928801443477, 
1.09141127395925, 1.05172958032368, 1.0682435259273, 1.04152891975003, 
1.03996470203062, 1.03986837498946, 1.07562266004333, 1.05183938205082, 
1.03199977611756, 1.0270348530005, 0.982102121512787, 1.06572664284643, 
1.0042551672609, 1.06594722084299, 1.05339906162297, 1.08089658121081, 
1.0581171965406, 1.05154784943931, 1.08012637495773, 1.01057448188603, 
1.037411027699, 0.922232826623128, 1.05784670448607, 1.07404359385652, 
1.08965770541811, 1.06958706433267, 1.06825766012635, 1.04676166038373, 
1.06483493737465, 0.990397879726428, 1.06282712853048, 1.04951133430927, 
1.06304525478874, 1.04088289845881, 1.10347381181127, 1.05485320917891, 
1.07557033769038, 1.06360719418448, 1.01359229072654, 1.04928801443477, 
1.09141127395925, 1.05172958032368, 1.0682435259273, 1.04152891975003, 
1.03996470203062, 1.03986837498946, 1.07562266004333, 1.05183938205082, 
1.03199977611756, 1.0270348530005, 0.982102121512787, 1.06572664284643, 
1.0042551672609, 1.06594722084299, 6.18612252237237, 6.25622711604818, 
6.2539772722557, 6.20390016845282, 6.20423928201433, 6.37017942016399, 
6.34503230198902, 5.16657677122481, 6.17256283595294, 6.50794482214455, 
6.44852822996435, 5.98655901422699, 6.03978908307962, 5.94943924249046, 
6.13743821257342, 5.95372677581776, 6.23038828086059, 6.3217706653102, 
6.35971143612492, 6.11506397017339, 6.51984245995713, 6.00014042700885, 
6.23373626955429, 6.02838882778178, 6.12128461035791, 6.08649376935795, 
6.52163895344956, 6.18163983566378, 6.16789712621623, 6.15866232947754, 
6.31170277245134, 5.95788780081482, 6.23086010713558, 6.57556924258513, 
6.07033846869439, 6.03567541016057, 5.7182939130758, 6.1062975961308, 
5.14130289933547, 6.69390266677091, 6.18612252237237, 6.25622711604818, 
6.2539772722557, 6.20390016845282, 6.20423928201433, 6.37017942016399, 
6.34503230198902, 5.16657677122482, 6.17256283595294, 6.50794482214454, 
6.44852822996435, 5.986559014227, 6.03978908307962, 5.94943924249046, 
6.13743821257342, 5.95372677581776, 6.23038828086059, 6.3217706653102, 
6.35971143612492, 6.11506397017339, 6.51984245995713, 6.00014042700885, 
6.23373626955429, 6.02838882778177, 6.12128461035791, 6.08649376935795, 
6.52163895344956, 6.18163983566378, 6.16789712621623, 6.15866232947754, 
6.31170277245134, 5.95788780081482, 6.23086010713558, 6.57556924258513, 
6.07033846869439, 6.03567541016057, 5.7182939130758, 6.1062975961308, 
5.14130289933547, 6.69390266677091, 0.0946947975818051, 0.0876055127268497, 
0.0994252024554806, 0.0802237841661051, 0.122113439198314, 0.0917895443547987, 
