tmp <-
structure(c(3, 3, 3, 3, 3, 3, 3, 3, 3, 3, 3, 3, 3, 3, 3, 3, 3, 
3, 3, 3, 3, 3, 3, 3, 3, 3, 3, 3, 3, 3, 3, 3, 3, 3, 3, 3, 3, 3, 
3, 3, 4, 4, 4, 4, 4, 4, 4, 4, 4, 4, 4, 4, 4, 4, 4, 4, 4, 4, 4, 
4, 4, 4, 4, 4, 4, 4, 4, 4, 4, 4, 4, 4, 4, 4, 4, 4, 4, 4, 4, 4, 
4, 4, 4, 4, 4, 4, 4, 4, 4, 4, 4, 4, 4, 4, 4, 4, 4, 4, 4, 4, 4, 
4, 4, 4, 4, 4, 4, 4, 4, 4, 4, 4, 4, 4, 4, 4, 4, 4, 4, 4, 0, 0, 
0, 0, 0, 0, 0, 0, 0, 0, 0, 0, 0, 0, 0, 0, 0, 0, 0, 0, 0, 0, 0, 
0, 0, 0, 0, 0, 0, 0, 0, 0, 0, 0, 0, 0, 0, 0, 0, 0, 160, 160, 
160, 160, 160, 160, 160, 160, 160, 160, 160, 160, 160, 160, 160, 
160, 160, 160, 160, 160, 160, 160, 160, 160, 160, 160, 160, 160, 
160, 160, 160, 160, 160, 160, 160, 160, 160, 160, 160, 160, 0.025, 
0.025, 0.025, 0.025, 0.025, 0.025, 0.025, 0.025, 0.025, 0.025, 
0.025, 0.025, 0.025, 0.025, 0.025, 0.025, 0.025, 0.025, 0.025, 
0.025, 0.025, 0.025, 0.025, 0.025, 0.025, 0.025, 0.025, 0.025, 
0.025, 0.025, 0.025, 0.025, 0.025, 0.025, 0.025, 0.025, 0.025, 
0.025, 0.025, 0.025, 1, 1, 1, 1, 1, 1, 1, 1, 1, 1, 1, 1, 1, 1, 
1, 1, 1, 1, 1, 1, 1, 1, 1, 1, 1, 1, 1, 1, 1, 1, 1, 1, 1, 1, 1, 
1, 1, 1, 1, 1, 0, 0, 0, 0, 0, 0, 0, 0, 0, 0, 0, 0, 0, 0, 0, 0, 
0, 0, 0, 0, 0, 0, 0, 0, 0, 0, 0, 0, 0, 0, 0, 0, 0, 0, 0, 0, 0, 
0, 0, 0, 3, 3, 3, 3, 3, 3, 3, 3, 3, 3, 3, 3, 3, 3, 3, 3, 3, 3, 
3, 3, 3, 3, 3, 3, 3, 3, 3, 3, 3, 3, 3, 3, 3, 3, 3, 3, 3, 3, 3, 
3, 3, 3, 3, 3, 3, 3, 3, 3, 3, 3, 3, 3, 3, 3, 3, 3, 3, 3, 3, 3, 
3, 3, 3, 3, 3, 3, 3, 3, 3, 3, 3, 3, 3, 3, 3, 3, 3, 3, 3, 3, 3, 
3, 3, 3, 3, 3, 3, 3, 3, 3, 3, 3, 3, 3, 3, 3, 3, 3, 3, 3, 3, 3, 
3, 3, 3, 3, 3, 3, 3, 3, 3, 3, 3, 3, 3, 3, 3, 3, 3, 3, 0, 0, 0, 
0, 0, 0, 0, 0, 0, 0, 0, 0, 0, 0, 0, 0, 0, 0, 0, 0, 0, 0, 0, 0, 
0, 0, 0, 0, 0, 0, 0, 0, 0, 0, 0, 0, 0, 0, 0, 0, 3, 3, 3, 3, 3, 
3, 3, 3, 3, 3, 3, 3, 3, 3, 3, 3, 3, 3, 3, 3, 3, 3, 3, 3, 3, 3, 
3, 3, 3, 3, 3, 3, 3, 3, 3, 3, 3, 3, 3, 3, 0.1875, 0.1875, 0.2125, 
0.1875, 0.18125, 0.21875, 0.20625, 0.2125, 0.2, 0.20625, 0.20625, 
0.225, 0.2125, 0.225, 0.1875, 0.19375, 0.2375, 0.23125, 0.2375, 
0.2125, 0.21875, 0.23125, 0.2375, 0.21875, 0.23125, 0.225, 0.26875, 
0.225, 0.18125, 0.25, 0.175, 0.2375, 0.21875, 0.16875, 0.20625, 
0.25625, 0.25625, 0.26875, 0.2375, 0.2125, 0.40625, 0.40625, 
0.4125, 0.41875, 0.45, 0.4, 0.4, 0.425, 0.4125, 0.41875, 0.40625, 
0.39375, 0.4125, 0.4, 0.4125, 0.40625, 0.3875, 0.40625, 0.39375, 
0.40625, 0.39375, 0.3875, 0.38125, 0.39375, 0.425, 0.40625, 0.36875, 
0.39375, 0.4375, 0.3875, 0.4125, 0.39375, 0.4375, 0.45625, 0.40625, 
0.40625, 0.375, 0.3875, 0.4125, 0.40625, 0.333333333333333, 0.333333333333333, 
0.333333333333333, 0.333333333333333, 0.333333333333333, 0.333333333333333, 
0.333333333333333, 0.333333333333333, 0.333333333333333, 0.333333333333333, 
0.333333333333333, 0.333333333333333, 0.333333333333333, 0.333333333333333, 
0.333333333333333, 0.333333333333333, 0.333333333333333, 0.333333333333333, 
0.333333333333333, 0.333333333333333, 0.333333333333333, 0.333333333333333, 
0.333333333333333, 0.333333333333333, 0.333333333333333, 0.333333333333333, 
0.333333333333333, 0.333333333333333, 0.333333333333333, 0.333333333333333, 
0.333333333333333, 0.333333333333333, 0.333333333333333, 0.333333333333333, 
0.333333333333333, 0.333333333333333, 0.333333333333333, 0.333333333333333, 
0.333333333333333, 0.333333333333333, 0.126295371385231, 0.126295371385231, 
0.106311256851442, 0.126912453420984, 0.137831040891859, 0.0996739476158807, 
0.110101752181032, 0.109211186850676, 0.11614466553972, 0.112210275079127, 
0.11045596784843, 0.094027367469973, 0.106311256851442, 0.0946484724300046, 
0.126449924212446, 0.120923098841095, 0.0832291014809924, 0.0910728874766433, 
0.083930154493682, 0.105388665582848, 0.0992812713120321, 0.0884619739398423, 
0.0829941011960087, 0.0992812713120321, 0.0972941202402968, 0.0956746875267086, 
0.0560180402489531, 0.094027367469973, 0.13467746965745, 0.0732433159635289, 
0.137120688932536, 0.083930154493682, 0.109746393258883, 0.148209803431937, 
0.11045596784843, 0.0750867553789171, 0.0668292288847727, 0.0600563971058316, 
0.0886824860574698, 0.105388665582848, 0.336744954420458, 0.37024726148484, 
0.313410775666191, 0.354332858696415, 0.325377838576771, 0.257658692459571, 
0.33290436959605, 0.314641936345111, 0.327296751717675, 0.301070873769619, 
0.313987375042643, 0.315798589776276, 0.322601354405036, 0.359125122486306, 
0.380077734071855, 0.365383931756764, 0.338074401532021, 0.318690755390283, 
0.338140389358389, 0.346375323733503, 0.394486709476902, 0.343533947790648, 
0.309821795167237, 0.338234533840827, 0.37114078642202, 0.429023231715026, 
0.419828311117821, 0.317233980983141, 0.416428770489414, 0.331154774023861, 
0.401193314492251, 0.421001806420743, 0.418876979533393, 0.415805878993454, 
0.410727591458892, 0.400864406945988, 0.398308740233036, 0.442093566521693, 
0.378902281326425, 0.390680725116381, 0.336744954420458, 0.37024726148484, 
0.313410775666191, 0.354332858696415, 0.325377838576771, 0.257658692459571, 
0.33290436959605, 0.314641936345111, 0.327296751717675, 0.301070873769619, 
0.313987375042643, 0.315798589776276, 0.322601354405036, 0.359125122486306, 
0.380077734071855, 0.365383931756764, 0.338074401532021, 0.318690755390283, 
0.338140389358389, 0.346375323733503, 0.394486709476902, 0.343533947790648, 
0.309821795167237, 0.338234533840827, 0.37114078642202, 0.429023231715026, 
0.419828311117821, 0.317233980983141, 0.416428770489414, 0.331154774023861, 
0.401193314492251, 0.421001806420743, 0.418876979533393, 0.415805878993454, 
0.410727591458892, 0.400864406945988, 0.398308740233036, 0.442093566521693, 
0.378902281326426, 0.390680725116381, 1.90683790762124, 1.88524462868223, 
1.78240933608044, 1.91067948375302, 1.89614222561904, 1.74205764565467, 
1.89577589021445, 1.87458790616204, 1.83348643086505, 1.84773498944971, 
1.85064144552823, 1.86064816899622, 1.89448394383682, 1.91068879270852, 
1.98299671652221, 1.95527740211776, 1.90848659826636, 1.84164212459969, 
1.89109003326184, 1.90405310752342, 1.99344158284409, 1.9185598909915, 
1.79839260291361, 1.87895861535624, 1.94478517849614, 2.06769286975117, 
2.04175685685774, 1.87367850770993, 2.05204216493679, 1.85301185119049, 
2.00593648541969, 2.07743777875983, 2.07440902987453, 2.07493431081094, 
2.02403531211311, 1.96819857407563, 1.96986992274949, 2.13104093377727, 
1.99694180082777, 2.04712295689975, 1.90683790762124, 1.88524462868223, 
1.78240933608044, 1.91067948375302, 1.89614222561904, 1.74205764565467, 
1.89577589021445, 1.87458790616204, 1.83348643086505, 1.84773498944971, 
1.85064144552823, 1.86064816899622, 1.89448394383682, 1.91068879270852, 
1.98299671652221, 1.95527740211776, 1.90848659826636, 1.84164212459969, 
1.89109003326184, 1.90405310752342, 1.99344158284409, 1.9185598909915, 
1.79839260291361, 1.87895861535624, 1.94478517849614, 2.06769286975117, 
2.04175685685774, 1.87367850770993, 2.05204216493679, 1.85301185119049, 
2.00593648541969, 2.07743777875983, 2.07440902987453, 2.07493431081094, 
2.02403531211311, 1.96819857407563, 1.96986992274949, 2.13104093377727, 
1.99694180082777, 2.04712295689975, 0.118945616693755, 0.137194715180288, 
0.12477127185688, 0.118537376851485, 0.129394024054174, 0.104177282727901, 
0.121230270023506, 0.1229381034883, 0.139291831897831, 0.118310743741737, 
0.126060058806915, 0.115021888628879, 0.105654806618517, 0.106955593797619, 
0.111494408975813, 0.0910830633613883, 0.117788421459881, 0.0953727215569495, 
0.10387753888425, 0.117001338785051, 0.110490880360115, 0.110271427207324, 
0.0952977859674109, 0.0854904727339309, 0.0814806819297351, 0.0794528026799135, 
0.0895243951576069, 0.105151067174833, 0.11508455404203, 0.102784751800798, 
0.10571679407985, 0.128775576595899, 0.0883868426817654, 0.120867977561428, 
0.1019032607933, 0.0830839867258524, 0.0898867970179665, 0.11912428061832, 
0.0978262353160808, 0.0843880295194777, 0.632466788828459, 0.700909623057604, 
0.697042566053811, 0.660468294039299, 0.630639595642179, 0.628783039324302, 
