tmp <-
structure(c(2, 2, 2, 2, 2, 2, 2, 2, 2, 2, 2, 2, 2, 2, 2, 2, 2, 
2, 2, 2, 2, 2, 2, 2, 2, 2, 2, 2, 2, 2, 2, 2, 2, 2, 2, 2, 2, 2, 
2, 2, 33, 33, 33, 33, 33, 33, 33, 33, 33, 33, 33, 33, 33, 33, 
33, 33, 33, 33, 33, 33, 33, 33, 33, 33, 33, 33, 33, 33, 33, 33, 
33, 33, 33, 33, 33, 33, 33, 33, 33, 33, 33, 33, 33, 33, 33, 33, 
33, 33, 33, 33, 33, 33, 33, 33, 33, 33, 33, 33, 33, 33, 33, 33, 
33, 33, 33, 33, 33, 33, 33, 33, 33, 33, 33, 33, 33, 33, 33, 33, 
33, 33, 0, 0, 0, 0, 0, 0, 0, 0, 0, 0, 0, 0, 0, 0, 0, 0, 0, 0, 
0, 0, 0, 0, 0, 0, 0, 0, 0, 0, 0, 0, 0, 0, 0, 0, 0, 0, 0, 0, 0, 
0, 351, 351, 351, 351, 351, 351, 351, 351, 351, 351, 351, 351, 
351, 351, 351, 351, 351, 351, 351, 351, 351, 351, 351, 351, 351, 
351, 351, 351, 351, 351, 351, 351, 351, 351, 351, 351, 351, 351, 
351, 351, 0.094017094017094, 0.094017094017094, 0.094017094017094, 
0.094017094017094, 0.094017094017094, 0.094017094017094, 0.094017094017094, 
0.094017094017094, 0.094017094017094, 0.094017094017094, 0.094017094017094, 
0.094017094017094, 0.094017094017094, 0.094017094017094, 0.094017094017094, 
0.094017094017094, 0.094017094017094, 0.094017094017094, 0.094017094017094, 
0.094017094017094, 0.094017094017094, 0.094017094017094, 0.094017094017094, 
0.094017094017094, 0.094017094017094, 0.094017094017094, 0.094017094017094, 
0.094017094017094, 0.094017094017094, 0.094017094017094, 0.094017094017094, 
0.094017094017094, 0.094017094017094, 0.094017094017094, 0.094017094017094, 
0.094017094017094, 0.094017094017094, 0.094017094017094, 0.094017094017094, 
0.094017094017094, 1, 1, 1, 1, 1, 1, 1, 1, 1, 1, 1, 1, 1, 1, 
1, 1, 1, 1, 1, 1, 1, 1, 1, 1, 1, 1, 1, 1, 1, 1, 1, 1, 1, 1, 1, 
1, 1, 1, 1, 1, 0, 0, 0, 0, 0, 0, 0, 0, 0, 0, 0, 0, 0, 0, 0, 0, 
0, 0, 0, 0, 0, 0, 0, 0, 0, 0, 0, 0, 0, 0, 0, 0, 0, 0, 0, 0, 0, 
0, 0, 0, 2, 2, 2, 2, 2, 2, 2, 2, 2, 2, 2, 2, 2, 2, 2, 2, 2, 2, 
2, 2, 2, 2, 2, 2, 2, 2, 2, 2, 2, 2, 2, 2, 2, 2, 2, 2, 2, 2, 2, 
2, 2, 2, 2, 2, 2, 2, 2, 2, 2, 2, 2, 2, 2, 2, 2, 2, 2, 2, 2, 2, 
2, 2, 2, 2, 2, 2, 2, 2, 2, 2, 2, 2, 2, 2, 2, 2, 2, 2, 2, 2, 2, 
2, 2, 2, 2, 2, 2, 2, 2, 2, 2, 2, 2, 2, 2, 2, 2, 2, 2, 2, 2, 2, 
2, 2, 2, 2, 2, 2, 2, 2, 2, 2, 2, 2, 2, 2, 2, 2, 2, 2, 0, 0, 0, 
0, 0, 0, 0, 0, 0, 0, 0, 0, 0, 0, 0, 0, 0, 0, 0, 0, 0, 0, 0, 0, 
0, 0, 0, 0, 0, 0, 0, 0, 0, 0, 0, 0, 0, 0, 0, 0, 2, 2, 2, 2, 2, 
2, 2, 2, 2, 2, 2, 2, 2, 2, 2, 2, 2, 2, 2, 2, 2, 2, 2, 2, 2, 2, 
2, 2, 2, 2, 2, 2, 2, 2, 2, 2, 2, 2, 2, 2, 0.373219373219373, 
0.367521367521368, 0.367521367521368, 0.373219373219373, 0.367521367521368, 
0.373219373219373, 0.39031339031339, 0.384615384615385, 0.367521367521368, 
0.361823361823362, 0.384615384615385, 0.373219373219373, 0.378917378917379, 
0.378917378917379, 0.401709401709402, 0.39031339031339, 0.396011396011396, 
0.384615384615385, 0.378917378917379, 0.378917378917379, 0.393162393162393, 
0.427350427350427, 0.421652421652422, 0.398860398860399, 0.398860398860399, 
0.398860398860399, 0.381766381766382, 0.404558404558405, 0.415954415954416, 
0.421652421652422, 0.433048433048433, 0.404558404558405, 0.415954415954416, 
0.41025641025641, 0.404558404558405, 0.455840455840456, 0.376068376068376, 
0.393162393162393, 0.433048433048433, 0.421652421652422, 0.626780626780627, 
0.632478632478632, 0.632478632478632, 0.626780626780627, 0.632478632478632, 
0.626780626780627, 0.60968660968661, 0.615384615384615, 0.632478632478632, 
0.638176638176638, 0.615384615384615, 0.626780626780627, 0.621082621082621, 
0.621082621082621, 0.598290598290598, 0.60968660968661, 0.603988603988604, 
0.615384615384615, 0.621082621082621, 0.621082621082621, 0.606837606837607, 
0.572649572649573, 0.578347578347578, 0.601139601139601, 0.601139601139601, 
0.601139601139601, 0.618233618233618, 0.595441595441595, 0.584045584045584, 
0.578347578347578, 0.566951566951567, 0.595441595441595, 0.584045584045584, 
0.58974358974359, 0.595441595441595, 0.544159544159544, 0.623931623931624, 
0.606837606837607, 0.566951566951567, 0.578347578347578, 0.5, 
0.5, 0.5, 0.5, 0.5, 0.5, 0.5, 0.5, 0.5, 0.5, 0.5, 0.5, 0.5, 0.5, 
0.5, 0.5, 0.5, 0.5, 0.5, 0.5, 0.5, 0.5, 0.5, 0.5, 0.5, 0.5, 0.5, 
0.5, 0.5, 0.5, 0.5, 0.5, 0.5, 0.5, 0.5, 0.5, 0.5, 0.5, 0.5, 0.5, 
0.179294881839324, 0.187353078775923, 0.187353078775923, 0.179294881839324, 
0.187353078775923, 0.179294881839324, 0.155120291029528, 0.163178487966126, 
0.187353078775923, 0.195411275712522, 0.163178487966126, 0.179294881839324, 
0.171236684902725, 0.171236684902725, 0.13900389715633, 0.155120291029528, 
0.147062094092929, 0.163178487966126, 0.171236684902725, 0.171236684902725, 
0.151091192561228, 0.102742010941635, 0.110800207878234, 0.143032995624629, 
0.143032995624629, 0.143032995624629, 0.167207586434426, 0.13497479868803, 
0.118858404814833, 0.110800207878234, 0.0946838140050362, 0.13497479868803, 
0.118858404814833, 0.126916601751432, 0.13497479868803, 0.0624510262586409, 
0.175265783371025, 0.151091192561228, 0.0946838140050362, 0.110800207878234, 
0.74541375912474, 0.689709427118546, 0.717152571957244, 0.655402203164352, 
0.677634096903324, 0.611232690954956, 0.739246538033989, 0.651949602201087, 
0.604833059904193, 0.717626897227275, 0.736857410690372, 0.582563532174096, 
0.610249025883661, 0.638159933300147, 0.663311445896011, 0.662211412916747, 
0.611535261158638, 0.631237740199779, 0.632891760762757, 0.615632141514091, 
0.640667686398726, 0.641683860002906, 0.668650647766757, 0.640703904782485, 
0.62934901162452, 0.600283145344015, 0.654422490382654, 0.611441542670242, 
0.642822127371946, 0.671791215440047, 0.644624292851642, 0.620075378819057, 
0.598040610163893, 0.644216646659924, 0.626133170819487, 0.678467735026668, 
0.630619453667195, 0.613941629947238, 0.589640393006111, 0.616882989173844, 
0.74541375912474, 0.689709427118546, 0.717152571957244, 0.655402203164352, 
0.677634096903324, 0.611232690954956, 0.739246538033989, 0.651949602201087, 
0.604833059904193, 0.717626897227274, 0.736857410690372, 0.582563532174096, 
0.61024902588366, 0.638159933300147, 0.663311445896011, 0.662211412916747, 
0.611535261158637, 0.631237740199779, 0.632891760762757, 0.615632141514091, 
0.640667686398726, 0.641683860002906, 0.668650647766757, 0.640703904782485, 
0.62934901162452, 0.600283145344015, 0.654422490382654, 0.611441542670242, 
0.642822127371946, 0.671791215440047, 0.644624292851642, 0.620075378819057, 
0.598040610163893, 0.644216646659924, 0.626133170819487, 0.678467735026668, 
0.630619453667195, 0.613941629947238, 0.589640393006111, 0.616882989173844, 
6.39297329182802, 4.82031086496034, 6.21909017897045, 4.32981871296073, 
4.78842533071183, 3.82487732603943, 6.26299543111744, 4.56536124800424, 
3.92951305481915, 6.28350269771552, 6.33646499335204, 3.51779183286525, 
3.79293743468187, 3.83415887982944, 4.31737719404246, 4.53531232624513, 
3.71553889780498, 4.01821470054439, 3.90074498253032, 3.7510380668546, 
3.6926099209325, 4.02994644424455, 4.08586544401889, 3.75558702424582, 
3.65196863424894, 3.58380365583079, 3.94249935998043, 3.6315298394172, 
3.80481551352816, 4.29220500540883, 3.60438597683071, 3.66756678216813, 
3.47110218233396, 3.7515871839817, 3.60743942844962, 4.04459531974863, 
3.53761529421436, 3.49749543571493, 3.44561892951686, 3.69335767491464, 
6.39297329182802, 4.82031086496034, 6.21909017897045, 4.32981871296073, 
4.78842533071183, 3.82487732603943, 6.26299543111744, 4.56536124800424, 
3.92951305481915, 6.28350269771552, 6.33646499335204, 3.51779183286525, 
3.79293743468187, 3.83415887982943, 4.31737719404246, 4.53531232624513, 
3.71553889780498, 4.01821470054439, 3.90074498253032, 3.7510380668546, 
3.6926099209325, 4.02994644424455, 4.08586544401889, 3.75558702424582, 
3.65196863424894, 3.58380365583079, 3.94249935998043, 3.6315298394172, 
3.80481551352816, 4.29220500540883, 3.60438597683071, 3.66756678216813, 
3.47110218233396, 3.7515871839817, 3.60743942844962, 4.04459531974863, 
3.53761529421436, 3.49749543571493, 3.44561892951686, 3.69335767491464, 
0.263999687429797, 0.265320253984325, 0.2673577864449, 0.262067528989054, 
