tmp <-
structure(c(3, 3, 3, 3, 3, 3, 3, 3, 3, 3, 3, 3, 3, 3, 3, 3, 3, 
3, 3, 3, 3, 3, 3, 3, 3, 3, 3, 3, 3, 3, 3, 3, 3, 3, 3, 3, 3, 3, 
3, 3, 4, 4, 4, 4, 4, 4, 4, 4, 4, 4, 4, 4, 4, 4, 4, 4, 4, 4, 4, 
4, 4, 4, 4, 4, 4, 4, 4, 4, 4, 4, 4, 4, 4, 4, 4, 4, 4, 4, 4, 4, 
4, 4, 4, 4, 4, 4, 4, 4, 4, 4, 4, 4, 4, 4, 4, 4, 4, 4, 4, 4, 4, 
4, 4, 4, 4, 4, 4, 4, 4, 4, 4, 4, 4, 4, 4, 4, 4, 4, 4, 4, 0, 0, 
0, 0, 0, 0, 0, 0, 0, 0, 0, 0, 0, 0, 0, 0, 0, 0, 0, 0, 0, 0, 0, 
0, 0, 0, 0, 0, 0, 0, 0, 0, 0, 0, 0, 0, 0, 0, 0, 0, 150, 150, 
150, 150, 150, 150, 150, 150, 150, 150, 150, 150, 150, 150, 150, 
150, 150, 150, 150, 150, 150, 150, 150, 150, 150, 150, 150, 150, 
150, 150, 150, 150, 150, 150, 150, 150, 150, 150, 150, 150, 0.0266666666666667, 
0.0266666666666667, 0.0266666666666667, 0.0266666666666667, 0.0266666666666667, 
0.0266666666666667, 0.0266666666666667, 0.0266666666666667, 0.0266666666666667, 
0.0266666666666667, 0.0266666666666667, 0.0266666666666667, 0.0266666666666667, 
0.0266666666666667, 0.0266666666666667, 0.0266666666666667, 0.0266666666666667, 
0.0266666666666667, 0.0266666666666667, 0.0266666666666667, 0.0266666666666667, 
0.0266666666666667, 0.0266666666666667, 0.0266666666666667, 0.0266666666666667, 
0.0266666666666667, 0.0266666666666667, 0.0266666666666667, 0.0266666666666667, 
0.0266666666666667, 0.0266666666666667, 0.0266666666666667, 0.0266666666666667, 
0.0266666666666667, 0.0266666666666667, 0.0266666666666667, 0.0266666666666667, 
0.0266666666666667, 0.0266666666666667, 0.0266666666666667, 1, 
1, 1, 1, 1, 1, 1, 1, 1, 1, 1, 1, 1, 1, 1, 1, 1, 1, 1, 1, 1, 1, 
1, 1, 1, 1, 1, 1, 1, 1, 1, 1, 1, 1, 1, 1, 1, 1, 1, 1, 0, 0, 0, 
0, 0, 0, 0, 0, 0, 0, 0, 0, 0, 0, 0, 0, 0, 0, 0, 0, 0, 0, 0, 0, 
0, 0, 0, 0, 0, 0, 0, 0, 0, 0, 0, 0, 0, 0, 0, 0, 3, 3, 3, 3, 3, 
3, 3, 3, 3, 3, 3, 3, 3, 3, 3, 3, 3, 3, 3, 3, 3, 3, 3, 3, 3, 3, 
3, 3, 3, 3, 3, 3, 3, 3, 3, 3, 3, 3, 3, 3, 3, 3, 3, 3, 3, 3, 3, 
3, 3, 3, 3, 3, 3, 3, 3, 3, 3, 3, 3, 3, 3, 3, 3, 3, 3, 3, 3, 3, 
3, 3, 3, 3, 3, 3, 3, 3, 3, 3, 3, 3, 3, 3, 3, 3, 3, 3, 3, 3, 3, 
3, 3, 3, 3, 3, 3, 3, 3, 3, 3, 3, 3, 3, 3, 3, 3, 3, 3, 3, 3, 3, 
3, 3, 3, 3, 3, 3, 3, 3, 3, 3, 0, 0, 0, 0, 0, 0, 0, 0, 0, 0, 0, 
0, 0, 0, 0, 0, 0, 0, 0, 0, 0, 0, 0, 0, 0, 0, 0, 0, 0, 0, 0, 0, 
0, 0, 0, 0, 0, 0, 0, 0, 3, 3, 3, 3, 3, 3, 3, 3, 3, 3, 3, 3, 3, 
3, 3, 3, 3, 3, 3, 3, 3, 3, 3, 3, 3, 3, 3, 3, 3, 3, 3, 3, 3, 3, 
3, 3, 3, 3, 3, 3, 0.32, 0.32, 0.306666666666667, 0.32, 0.32, 
0.313333333333333, 0.32, 0.313333333333333, 0.32, 0.313333333333333, 
0.32, 0.286666666666667, 0.326666666666667, 0.3, 0.273333333333333, 
0.306666666666667, 0.306666666666667, 0.313333333333333, 0.333333333333333, 
0.306666666666667, 0.32, 0.306666666666667, 0.293333333333333, 
0.293333333333333, 0.306666666666667, 0.313333333333333, 0.273333333333333, 
0.306666666666667, 0.32, 0.313333333333333, 0.3, 0.306666666666667, 
0.326666666666667, 0.326666666666667, 0.3, 0.32, 0.313333333333333, 
0.306666666666667, 0.326666666666667, 0.313333333333333, 0.346666666666667, 
0.36, 0.346666666666667, 0.353333333333333, 0.353333333333333, 
0.353333333333333, 0.346666666666667, 0.346666666666667, 0.353333333333333, 
0.366666666666667, 0.36, 0.36, 0.34, 0.353333333333333, 0.373333333333333, 
0.373333333333333, 0.373333333333333, 0.36, 0.333333333333333, 
0.346666666666667, 0.34, 0.353333333333333, 0.38, 0.36, 0.366666666666667, 
0.346666666666667, 0.366666666666667, 0.346666666666667, 0.353333333333333, 
0.346666666666667, 0.393333333333333, 0.353333333333333, 0.346666666666667, 
0.34, 0.353333333333333, 0.353333333333333, 0.346666666666667, 
0.36, 0.34, 0.346666666666667, 0.333333333333333, 0.333333333333333, 
0.333333333333333, 0.333333333333333, 0.333333333333333, 0.333333333333333, 
0.333333333333333, 0.333333333333333, 0.333333333333333, 0.333333333333333, 
0.333333333333333, 0.333333333333333, 0.333333333333333, 0.333333333333333, 
0.333333333333333, 0.333333333333333, 0.333333333333333, 0.333333333333333, 
0.333333333333333, 0.333333333333333, 0.333333333333333, 0.333333333333333, 
0.333333333333333, 0.333333333333333, 0.333333333333333, 0.333333333333333, 
0.333333333333333, 0.333333333333333, 0.333333333333333, 0.333333333333333, 
0.333333333333333, 0.333333333333333, 0.333333333333333, 0.333333333333333, 
0.333333333333333, 0.333333333333333, 0.333333333333333, 0.333333333333333, 
0.333333333333333, 0.333333333333333, 0.0133333333333333, 0.023094010767585, 
0.0230940107675851, 0.0176383420737639, 0.0176383420737639, 0.02, 
0.0133333333333333, 0.0176383420737639, 0.0176383420737639, 0.0290593262902711, 
0.023094010767585, 0.0405517502019881, 0.00666666666666668, 0.0290593262902712, 
0.0529150262212918, 0.0352766841475279, 0.0352766841475279, 0.0240370085030932, 
0, 0.0230940107675851, 0.0115470053837925, 0.0240370085030933, 
0.04371625682868, 0.0352766841475279, 0.0305505046330389, 0.0176383420737639, 
0.052068331172711, 0.0230940107675851, 0.0176383420737639, 0.0176383420737639, 
0.052068331172711, 0.0240370085030933, 0.0115470053837925, 0.00666666666666668, 
0.0290593262902712, 0.0176383420737639, 0.0176383420737639, 0.0266666666666667, 
0.00666666666666668, 0.0176383420737639, 1.43870064291877, 1.39309685671411, 
1.5233779292751, 1.11570165357706, 1.36815998113631, 1.70139878193807, 
1.34969654332826, 0.94219200852799, 1.18237053639883, 0.935162508180205, 
1.1062907731882, 1.12797145986189, 1.1339286446454, 1.10031692456168, 
1.05520504189662, 1.28775908008352, 1.32797423596823, 1.34047486137461, 
1.38334608551746, 1.3698797437449, 1.15920959277686, 1.04187825837528, 
1.03907325683364, 1.00486169961393, 0.981312512740273, 0.915202511539334, 
0.988761645767344, 1.13942114072856, 0.995834154423017, 1.06686234267822, 
1.02852288732725, 0.988942779366452, 0.957830386294844, 0.872293762893788, 
0.891257756867561, 0.894881355394181, 0.8899077936372, 0.877271509062546, 
1.01845191638729, 0.941048918379364, 1.43870064291877, 1.39309685671411, 
1.5233779292751, 1.11570165357706, 1.36815998113631, 1.70139878193807, 
1.34969654332826, 0.942192008527991, 1.18237053639883, 0.935162508180205, 
1.1062907731882, 1.12797145986189, 1.13392864464541, 1.10031692456168, 
1.05520504189662, 1.28775908008352, 1.32797423596823, 1.34047486137461, 
1.38334608551746, 1.3698797437449, 1.15920959277686, 1.04187825837528, 
1.03907325683364, 1.00486169961393, 0.981312512740273, 0.915202511539334, 
0.988761645767344, 1.13942114072856, 0.995834154423017, 1.06686234267822, 
1.02852288732725, 0.988942779366451, 0.957830386294844, 0.872293762893789, 
0.891257756867561, 0.894881355394181, 0.8899077936372, 0.877271509062545, 
1.01845191638729, 0.941048918379364, 9.2300766093393, 9.5351372132815, 
8.70024247820985, 6.0201544569871, 8.54856346401041, 10.7583852967626, 
7.14922506207968, 4.78205860410384, 5.69153577151469, 5.46320143388152, 
5.46041754610126, 5.87783207468549, 5.86637584919066, 5.78931153590825, 
6.12903695166358, 5.15229597162065, 8.29576702699067, 5.83178637664913, 
6.24810798686139, 6.44346714234269, 5.57550091284491, 5.18093798303451, 
4.61669298977292, 4.85949257024364, 5.16667271491446, 4.6372225721938, 
4.77787534489076, 5.01325727839245, 4.2338350395256, 5.00760926645269, 
4.37330685097445, 4.60524604419493, 4.05768205944633, 3.88373589396242, 
4.42084243673454, 4.25600640220646, 3.97385971381564, 3.91492519493382, 
4.55701899286038, 4.24522289895415, 9.2300766093393, 9.5351372132815, 
8.70024247820985, 6.0201544569871, 8.54856346401041, 10.7583852967626, 
7.14922506207968, 4.78205860410384, 5.69153577151469, 5.46320143388152, 
5.46041754610126, 5.87783207468549, 5.86637584919066, 5.78931153590825, 
6.12903695166358, 5.15229597162065, 8.29576702699067, 5.83178637664913, 
6.24810798686139, 6.44346714234268, 5.57550091284491, 5.18093798303451, 
4.61669298977292, 4.85949257024364, 5.16667271491446, 4.6372225721938, 
4.77787534489076, 5.01325727839245, 4.2338350395256, 5.00760926645269, 
4.37330685097445, 4.60524604419493, 4.05768205944633, 3.88373589396242, 
