tmp <-
structure(c(2, 2, 2, 2, 2, 2, 2, 2, 2, 2, 2, 2, 2, 2, 2, 2, 2, 
2, 2, 2, 2, 2, 2, 2, 2, 2, 2, 2, 2, 2, 2, 2, 2, 2, 2, 2, 2, 2, 
2, 2, 36, 36, 36, 36, 36, 36, 36, 36, 36, 36, 36, 36, 36, 36, 
36, 36, 36, 36, 36, 36, 36, 36, 36, 36, 36, 36, 36, 36, 36, 36, 
36, 36, 36, 36, 36, 36, 36, 36, 36, 36, 0, 0, 0, 0, 0, 0, 0, 
0, 0, 0, 0, 0, 0, 0, 0, 0, 0, 0, 0, 0, 0, 0, 0, 0, 0, 0, 0, 0, 
0, 0, 0, 0, 0, 0, 0, 0, 0, 0, 0, 0, 36, 36, 36, 36, 36, 36, 36, 
36, 36, 36, 36, 36, 36, 36, 36, 36, 36, 36, 36, 36, 36, 36, 36, 
36, 36, 36, 36, 36, 36, 36, 36, 36, 36, 36, 36, 36, 36, 36, 36, 
36, 3196, 3196, 3196, 3196, 3196, 3196, 3196, 3196, 3196, 3196, 
3196, 3196, 3196, 3196, 3196, 3196, 3196, 3196, 3196, 3196, 3196, 
3196, 3196, 3196, 3196, 3196, 3196, 3196, 3196, 3196, 3196, 3196, 
3196, 3196, 3196, 3196, 3196, 3196, 3196, 3196, 0.0112640801001252, 
0.0112640801001252, 0.0112640801001252, 0.0112640801001252, 0.0112640801001252, 
0.0112640801001252, 0.0112640801001252, 0.0112640801001252, 0.0112640801001252, 
0.0112640801001252, 0.0112640801001252, 0.0112640801001252, 0.0112640801001252, 
0.0112640801001252, 0.0112640801001252, 0.0112640801001252, 0.0112640801001252, 
0.0112640801001252, 0.0112640801001252, 0.0112640801001252, 0.0112640801001252, 
0.0112640801001252, 0.0112640801001252, 0.0112640801001252, 0.0112640801001252, 
0.0112640801001252, 0.0112640801001252, 0.0112640801001252, 0.0112640801001252, 
0.0112640801001252, 0.0112640801001252, 0.0112640801001252, 0.0112640801001252, 
0.0112640801001252, 0.0112640801001252, 0.0112640801001252, 0.0112640801001252, 
0.0112640801001252, 0.0112640801001252, 0.0112640801001252, 0, 
0, 0, 0, 0, 0, 0, 0, 0, 0, 0, 0, 0, 0, 0, 0, 0, 0, 0, 0, 0, 0, 
0, 0, 0, 0, 0, 0, 0, 0, 0, 0, 0, 0, 0, 0, 0, 0, 0, 0, 1, 1, 1, 
1, 1, 1, 1, 1, 1, 1, 1, 1, 1, 1, 1, 1, 1, 1, 1, 1, 1, 1, 1, 1, 
1, 1, 1, 1, 1, 1, 1, 1, 1, 1, 1, 1, 1, 1, 1, 1, 2, 2, 2, 2, 2, 
2, 2, 2, 2, 2, 2, 2, 2, 2, 2, 2, 2, 2, 2, 2, 2, 2, 2, 2, 2, 2, 
2, 2, 2, 2, 2, 2, 2, 2, 2, 2, 2, 2, 2, 2, 3, 3, 3, 3, 3, 3, 3, 
3, 3, 3, 3, 3, 3, 3, 3, 3, 3, 3, 3, 3, 3, 3, 3, 3, 3, 3, 3, 3, 
3, 3, 3, 3, 3, 3, 3, 3, 3, 3, 3, 3, 2.02702702702703, 2.02702702702703, 
2.02702702702703, 2.02702702702703, 2.02702702702703, 2.02702702702703, 
2.02702702702703, 2.02702702702703, 2.02702702702703, 2.02702702702703, 
2.02702702702703, 2.02702702702703, 2.02702702702703, 2.02702702702703, 
2.02702702702703, 2.02702702702703, 2.02702702702703, 2.02702702702703, 
2.02702702702703, 2.02702702702703, 2.02702702702703, 2.02702702702703, 
2.02702702702703, 2.02702702702703, 2.02702702702703, 2.02702702702703, 
2.02702702702703, 2.02702702702703, 2.02702702702703, 2.02702702702703, 
2.02702702702703, 2.02702702702703, 2.02702702702703, 2.02702702702703, 
2.02702702702703, 2.02702702702703, 2.02702702702703, 2.02702702702703, 
2.02702702702703, 2.02702702702703, 0.164398987305357, 0.164398987305357, 
0.164398987305357, 0.164398987305357, 0.164398987305357, 0.164398987305357, 
0.164398987305357, 0.164398987305357, 0.164398987305357, 0.164398987305357, 
0.164398987305357, 0.164398987305357, 0.164398987305357, 0.164398987305357, 
0.164398987305357, 0.164398987305357, 0.164398987305357, 0.164398987305357, 
0.164398987305357, 0.164398987305357, 0.164398987305357, 0.164398987305357, 
0.164398987305357, 0.164398987305357, 0.164398987305357, 0.164398987305357, 
0.164398987305357, 0.164398987305357, 0.164398987305357, 0.164398987305357, 
0.164398987305357, 0.164398987305357, 0.164398987305357, 0.164398987305357, 
0.164398987305357, 0.164398987305357, 0.164398987305357, 0.164398987305357, 
0.164398987305357, 0.164398987305357, 75, 75, 75, 75, 75, 75, 
75, 75, 75, 75, 75, 75, 75, 75, 75, 75, 75, 75, 75, 75, 75, 75, 
75, 75, 75, 75, 75, 75, 75, 75, 75, 75, 75, 75, 75, 75, 75, 75, 
75, 75, 0.481226533166458, 0.481852315394243, 0.483103879849812, 
0.48936170212766, 0.480600750938673, 0.478723404255319, 0.476846057571965, 
0.47747183979975, 0.480600750938673, 0.483729662077597, 0.480600750938673, 
0.475594493116396, 0.471214017521902, 0.47622027534418, 0.484355444305382, 
0.483103879849812, 0.493116395494368, 0.474342928660826, 0.490613266583229, 
0.485607008760951, 0.474342928660826, 0.489987484355444, 0.483103879849812, 
0.473091364205257, 0.497496871088861, 0.47622027534418, 0.482478097622028, 
0.482478097622028, 0.478097622027534, 0.483729662077597, 0.482478097622028, 
0.483103879849812, 0.484981226533166, 0.484981226533166, 0.48811013767209, 
0.473717146433041, 0.483103879849812, 0.469336670838548, 0.478723404255319, 
0.48936170212766, 0.518773466833542, 0.518147684605757, 0.516896120150188, 
0.51063829787234, 0.519399249061327, 0.521276595744681, 0.523153942428035, 
0.52252816020025, 0.519399249061327, 0.516270337922403, 0.519399249061327, 
0.524405506883605, 0.528785982478098, 0.52377972465582, 0.515644555694618, 
0.516896120150188, 0.506883604505632, 0.525657071339174, 0.509386733416771, 
0.514392991239049, 0.525657071339174, 0.510012515644556, 0.516896120150188, 
0.526908635794743, 0.502503128911139, 0.52377972465582, 0.517521902377972, 
0.517521902377972, 0.521902377972466, 0.516270337922403, 0.517521902377972, 
0.516896120150188, 0.515018773466834, 0.515018773466834, 0.51188986232791, 
0.526282853566959, 0.516896120150188, 0.530663329161452, 0.521276595744681, 
0.51063829787234, 0.5, 0.5, 0.5, 0.5, 0.5, 0.5, 0.5, 0.5, 0.5, 
0.5, 0.5, 0.5, 0.5, 0.5, 0.5, 0.5, 0.5, 0.5, 0.5, 0.5, 0.5, 0.5, 
0.5, 0.5, 0.5, 0.5, 0.5, 0.5, 0.5, 0.5, 0.5, 0.5, 0.5, 0.5, 0.5, 
0.5, 0.5, 0.5, 0.5, 0.5, 0.0265496914087565, 0.0256647016951313, 
0.0238947222678808, 0.0150448251316287, 0.0274346811223817, 0.0300896502632573, 
0.032744619404133, 0.0318596296905078, 0.0274346811223817, 0.0230097325542556, 
0.0274346811223817, 0.0345145988313834, 0.0407095268267599, 0.0336296091177582, 
0.0221247428406304, 0.0238947222678808, 0.00973488684987739, 
0.0362845782586338, 0.0132748457043783, 0.02035476341338, 0.0362845782586338, 
0.0141598354180035, 0.0238947222678808, 0.0380545576858843, 0.00353995885450084, 
0.0336296091177582, 0.024779711981506, 0.024779711981506, 0.0309746399768826, 
0.0230097325542556, 0.024779711981506, 0.0238947222678808, 0.0212397531270052, 
0.0212397531270052, 0.0168148045588791, 0.0371695679722591, 0.0238947222678808, 
0.0433644959676356, 0.0300896502632573, 0.0150448251316287, 0, 
0, 0, 0, 0, 0, 0, 0, 0, 0, 0, 0, 0, 0, 0, 0, 0, 0, 0, 0, 0, 0, 
0, 0, 0, 0, 0, 0, 0, 0, 0, 0, 0, 0, 0, 0, 0, 0, 0, 0, 4.53065189926012, 
4.70495624660162, 4.18974230755567, 4.69776983231971, 4.23112151082131, 
4.67376119738841, 3.84018779944349, 3.88555146703077, 4.68537061485842, 
3.87936903559867, 3.75500523938228, 4.29513823013687, 4.5206613152741, 
4.30227180567568, 4.09185508771385, 4.3991042330649, 3.79308222576634, 
4.4847720054349, 4.31809560212749, 3.77509105792639, 3.92347070051363, 
4.09536001250305, 3.95251890706346, 4.05456712176895, 3.91020902613118, 
4.07965810835166, 3.95753061591969, 4.07510047500794, 3.95484067375094, 
3.96611991845668, 3.8185959363493, 4.03119698185993, 3.59275766077532, 
3.94380745005847, 3.97243008652182, 3.97140864386733, 4.03448604013575, 
3.91050306073064, 3.9388789442356, 4.02687272867737, 3, 3, 3, 
3, 3, 3, 3, 3, 3, 3, 3, 3, 3, 3, 3, 3, 3, 3, 3, 3, 3, 3, 3, 3, 
3, 3, 3, 3, 3, 3, 3, 3, 3, 3, 3, 3, 3, 3, 3, 3, 83.0947714853647, 
94.8636855577016, 72.833320348304, 94.1144374515504, 64.3034521266079, 
94.1704695968378, 52.7086551571046, 54.0989073729033, 94.3681616136468, 
53.2924419411644, 50.0279872553075, 73.3357011142281, 88.4267824038337, 
70.784276059005, 59.7495629545976, 78.4395794516305, 51.1461213553384, 
82.7421284136758, 74.7389279159541, 50.6423462613688, 63.9712575990378, 
61.3429940741137, 54.7843485077828, 61.2800471448203, 53.3317966534977, 
61.9930353955096, 55.1485872344396, 60.1885275313762, 55.6587531943238, 
55.3515570646094, 50.6441543511748, 61.9207317833534, 46.0090740827231, 
54.6521992197949, 56.0525762627033, 57.0320968643007, 58.9577260887406, 
