tmp <-
structure(c(10, 10, 10, 10, 10, 10, 10, 10, 10, 10, 10, 10, 10, 
10, 10, 10, 10, 10, 10, 10, 10, 10, 10, 10, 10, 10, 10, 10, 10, 
10, 10, 10, 10, 10, 10, 10, 10, 10, 10, 10, 7, 7, 7, 7, 7, 7, 
7, 7, 7, 7, 7, 7, 7, 7, 7, 7, 7, 7, 7, 7, 7, 7, 7, 7, 7, 7, 7, 
7, 7, 7, 7, 7, 7, 7, 7, 7, 7, 7, 7, 7, 7, 7, 7, 7, 7, 7, 7, 7, 
7, 7, 7, 7, 7, 7, 7, 7, 7, 7, 7, 7, 7, 7, 7, 7, 7, 7, 7, 7, 7, 
7, 7, 7, 7, 7, 7, 7, 7, 7, 7, 7, 0, 0, 0, 0, 0, 0, 0, 0, 0, 0, 
0, 0, 0, 0, 0, 0, 0, 0, 0, 0, 0, 0, 0, 0, 0, 0, 0, 0, 0, 0, 0, 
0, 0, 0, 0, 0, 0, 0, 0, 0, 500, 500, 500, 500, 500, 500, 500, 
500, 500, 500, 500, 500, 500, 500, 500, 500, 500, 500, 500, 500, 
500, 500, 500, 500, 500, 500, 500, 500, 500, 500, 500, 500, 500, 
500, 500, 500, 500, 500, 500, 500, 0.014, 0.014, 0.014, 0.014, 
0.014, 0.014, 0.014, 0.014, 0.014, 0.014, 0.014, 0.014, 0.014, 
0.014, 0.014, 0.014, 0.014, 0.014, 0.014, 0.014, 0.014, 0.014, 
0.014, 0.014, 0.014, 0.014, 0.014, 0.014, 0.014, 0.014, 0.014, 
0.014, 0.014, 0.014, 0.014, 0.014, 0.014, 0.014, 0.014, 0.014, 
1, 1, 1, 1, 1, 1, 1, 1, 1, 1, 1, 1, 1, 1, 1, 1, 1, 1, 1, 1, 1, 
1, 1, 1, 1, 1, 1, 1, 1, 1, 1, 1, 1, 1, 1, 1, 1, 1, 1, 1, 0, 0, 
0, 0, 0, 0, 0, 0, 0, 0, 0, 0, 0, 0, 0, 0, 0, 0, 0, 0, 0, 0, 0, 
0, 0, 0, 0, 0, 0, 0, 0, 0, 0, 0, 0, 0, 0, 0, 0, 0, 10, 10, 10, 
10, 10, 10, 10, 10, 10, 10, 10, 10, 10, 10, 10, 10, 10, 10, 10, 
10, 10, 10, 10, 10, 10, 10, 10, 10, 10, 10, 10, 10, 10, 10, 10, 
10, 10, 10, 10, 10, 10, 10, 10, 10, 10, 10, 10, 10, 10, 10, 10, 
10, 10, 10, 10, 10, 10, 10, 10, 10, 10, 10, 10, 10, 10, 10, 10, 
10, 10, 10, 10, 10, 10, 10, 10, 10, 10, 10, 10, 10, 10, 10, 10, 
10, 10, 10, 10, 10, 10, 10, 10, 10, 10, 10, 10, 10, 10, 10, 10, 
10, 10, 10, 10, 10, 10, 10, 10, 10, 10, 10, 10, 10, 10, 10, 10, 
10, 10, 10, 10, 10, 0, 0, 0, 0, 0, 0, 0, 0, 0, 0, 0, 0, 0, 0, 
0, 0, 0, 0, 0, 0, 0, 0, 0, 0, 0, 0, 0, 0, 0, 0, 0, 0, 0, 0, 0, 
0, 0, 0, 0, 0, 10, 10, 10, 10, 10, 10, 10, 10, 10, 10, 10, 10, 
10, 10, 10, 10, 10, 10, 10, 10, 10, 10, 10, 10, 10, 10, 10, 10, 
10, 10, 10, 10, 10, 10, 10, 10, 10, 10, 10, 10, 0.076, 0.076, 
0.086, 0.074, 0.074, 0.07, 0.084, 0.076, 0.07, 0.08, 0.08, 0.07, 
0.076, 0.074, 0.08, 0.07, 0.078, 0.076, 0.084, 0.078, 0.068, 
0.078, 0.072, 0.066, 0.07, 0.082, 0.074, 0.07, 0.056, 0.084, 
0.076, 0.088, 0.068, 0.088, 0.074, 0.082, 0.076, 0.072, 0.078, 
0.082, 0.12, 0.12, 0.112, 0.112, 0.118, 0.112, 0.12, 0.114, 0.114, 
0.114, 0.122, 0.122, 0.126, 0.116, 0.112, 0.114, 0.122, 0.12, 
0.114, 0.118, 0.116, 0.108, 0.124, 0.13, 0.114, 0.128, 0.112, 
0.116, 0.112, 0.128, 0.124, 0.114, 0.122, 0.12, 0.118, 0.122, 
0.114, 0.124, 0.134, 0.116, 0.1, 0.1, 0.1, 0.1, 0.1, 0.1, 0.1, 
0.1, 0.1, 0.1, 0.1, 0.1, 0.1, 0.1, 0.1, 0.1, 0.1, 0.1, 0.1, 0.1, 
0.1, 0.1, 0.1, 0.1, 0.1, 0.1, 0.1, 0.1, 0.1, 0.1, 0.1, 0.1, 0.1, 
0.1, 0.1, 0.1, 0.1, 0.1, 0.1, 0.1, 0.0124721912892465, 0.0118133634311129, 
0.00879393730551528, 0.0116237305161085, 0.0136950923894494, 
0.0117756811551038, 0.0104136662345422, 0.0119629056299509, 0.012328828005938, 
0.00993310961716756, 0.0131656117720877, 0.014047538337137, 0.0149071198499986, 
0.0122927259430572, 0.0108320512061813, 0.0146059348668044, 0.01329995822884, 
0.0124365054041184, 0.00788810637746615, 0.0118883696667513, 
0.0143294568401365, 0.00816496580927726, 0.0142361043360417, 
0.0189736659610103, 0.0116237305161085, 0.0119256958799989, 0.0111952370824978, 
0.0141106736590112, 0.0167066187815222, 0.0125786415094088, 0.0181352940116473, 
0.0100221975855819, 0.0157762127549323, 0.0101105005920687, 0.0126491106406735, 
0.0124007168251589, 0.0113137084989848, 0.0175878746110306, 0.0180369990112916, 
0.00914087280053472, 2.50722392053523, 2.57244989225742, 2.62149713989555, 
2.53299945890833, 2.55295378565645, 2.55345760037098, 2.58806460530053, 
2.52520387949105, 2.5187250206707, 2.56620677113819, 2.34220841247938, 
2.2759448138819, 2.39026609976095, 2.30487190433983, 2.33663740108437, 
2.48698911848718, 2.29159199300961, 2.35741869873307, 2.37866147023835, 
2.30777474527981, 2.12182637277259, 2.12296838948135, 2.14399420185976, 
2.20488307153463, 2.05313775963286, 2.19199857548567, 2.16191992166482, 
2.1254717990016, 2.13631530542116, 2.23189759160173, 1.93964414151719, 
2.02495526075223, 1.99604679558133, 1.93774291657776, 2.01964751022225, 
1.93546693565449, 1.89766700580032, 1.89184915087683, 1.93437098087623, 
1.95116056160172, 2.50722392053523, 2.57244989225742, 2.62149713989555, 
2.53299945890833, 2.55295378565645, 2.55345760037098, 2.58806460530053, 
2.52520387949105, 2.5187250206707, 2.56620677113819, 2.34220841247938, 
2.2759448138819, 2.39026609976095, 2.30487190433983, 2.33663740108437, 
2.48698911848718, 2.29159199300961, 2.35741869873307, 2.37866147023835, 
2.30777474527981, 2.12182637277259, 2.12296838948135, 2.14399420185976, 
2.20488307153463, 2.05313775963286, 2.19199857548567, 2.16191992166482, 
2.1254717990016, 2.13631530542116, 2.23189759160173, 1.93964414151719, 
2.02495526075223, 1.99604679558133, 1.93774291657776, 2.01964751022225, 
1.93546693565449, 1.89766700580032, 1.89184915087683, 1.93437098087623, 
1.95116056160172, 7.8722723033566, 8.5136962395234, 8.80534231010486, 
8.00521535353459, 8.14453437170505, 8.2587479840473, 8.64067032157175, 
7.96647061579721, 8.05558961491206, 8.29569266346583, 7.04638271908888, 
6.54299659610993, 7.57505767690484, 6.92144094644199, 7.27307046967679, 
8.11532009562839, 6.82677367485399, 7.06540107485914, 7.46202433169508, 
6.96051563627698, 6.07386542873844, 6.28868349184109, 6.12998880302078, 
6.72959788349838, 5.78855592692689, 6.4202752860772, 6.55868911460704, 
5.8971866447869, 6.30332900496184, 6.80858489722046, 5.47112354406046, 
5.80906151610998, 5.81281771498414, 5.25037100952237, 5.70240572048375, 
5.33948986037673, 5.13773654292491, 4.98238413490081, 5.19313650288811, 
5.30530433467806, 7.8722723033566, 8.5136962395234, 8.80534231010486, 
8.00521535353459, 8.14453437170505, 8.2587479840473, 8.64067032157175, 
7.96647061579721, 8.05558961491206, 8.29569266346583, 7.04638271908888, 
6.54299659610993, 7.57505767690484, 6.92144094644199, 7.27307046967679, 
8.11532009562839, 6.82677367485399, 7.06540107485914, 7.46202433169508, 
6.96051563627698, 6.07386542873844, 6.28868349184109, 6.12998880302078, 
6.72959788349838, 5.78855592692689, 6.4202752860772, 6.55868911460704, 
5.8971866447869, 6.30332900496184, 6.80858489722046, 5.47112354406046, 
5.80906151610998, 5.81281771498414, 5.25037100952237, 5.70240572048375, 
5.33948986037673, 5.13773654292491, 4.98238413490081, 5.19313650288811, 
5.30530433467806, 0.156259030656085, 0.146686123830721, 0.133111473804767, 
0.150241243316854, 0.136486169158749, 0.140615362145547, 0.142875210619022, 
0.155238444776508, 0.151279394056713, 0.147678765345915, 0.155594674664217, 
0.15723476622325, 0.163073075464759, 0.170681258183629, 0.165147072926446, 
0.156675653250768, 0.159464826953408, 0.144763200851866, 0.152015591581799, 
0.148578029088446, 0.176946877342053, 0.164828350076635, 0.177210158319323, 
0.177836308615556, 0.196786782829806, 0.166030640420689, 0.167062987067262, 
0.172505300691456, 0.181270823302392, 0.162706133040821, 0.185329877895129, 
0.162173107930998, 0.18474744090365, 0.166343067376392, 0.173650740976246, 
0.181206917163614, 0.187700966889335, 0.182581657962389, 0.174120046884647, 
0.175931307204143, 0.822408756726618, 0.82928043774021, 0.835025739120584, 
0.829401503966234, 0.839854739323229, 0.831731778237416, 0.827717127084085, 
0.844172283195531, 0.824892435297274, 0.841249978816474, 0.787451377310613, 
0.797286772502585, 0.798680485201113, 0.778386239034911, 0.777892880075265, 
0.805062470432603, 0.778604195919397, 0.819388929241068, 0.816081511204711, 
0.81211754426949, 0.742869456017449, 0.762470500333243, 0.752566340602943, 
0.755800026146595, 0.724428247971156, 0.753689253995722, 0.744228454540148, 
0.774174525757358, 0.75366857886986, 0.767796221362207, 0.718560005377203, 
0.753999892698278, 0.706555615509565, 0.697857512481317, 0.727950230503808, 
