tmp <-
structure(c(2, 2, 2, 2, 2, 2, 2, 2, 2, 2, 2, 2, 2, 2, 2, 2, 2, 
2, 2, 2, 2, 2, 2, 2, 2, 2, 2, 2, 2, 2, 2, 2, 2, 2, 2, 2, 2, 2, 
2, 2, 50, 50, 50, 50, 50, 50, 50, 50, 50, 50, 50, 50, 50, 50, 
50, 50, 50, 50, 50, 50, 50, 50, 50, 50, 50, 50, 50, 50, 50, 50, 
50, 50, 50, 50, 50, 50, 50, 50, 50, 50, 50, 50, 50, 50, 50, 50, 
50, 50, 50, 50, 50, 50, 50, 50, 50, 50, 50, 50, 50, 50, 50, 50, 
50, 50, 50, 50, 50, 50, 50, 50, 50, 50, 50, 50, 50, 50, 50, 50, 
50, 50, 0, 0, 0, 0, 0, 0, 0, 0, 0, 0, 0, 0, 0, 0, 0, 0, 0, 0, 
0, 0, 0, 0, 0, 0, 0, 0, 0, 0, 0, 0, 0, 0, 0, 0, 0, 0, 0, 0, 0, 
0, 100, 100, 100, 100, 100, 100, 100, 100, 100, 100, 100, 100, 
100, 100, 100, 100, 100, 100, 100, 100, 100, 100, 100, 100, 100, 
100, 100, 100, 100, 100, 100, 100, 100, 100, 100, 100, 100, 100, 
100, 100, 0.5, 0.5, 0.5, 0.5, 0.5, 0.5, 0.5, 0.5, 0.5, 0.5, 0.5, 
0.5, 0.5, 0.5, 0.5, 0.5, 0.5, 0.5, 0.5, 0.5, 0.5, 0.5, 0.5, 0.5, 
0.5, 0.5, 0.5, 0.5, 0.5, 0.5, 0.5, 0.5, 0.5, 0.5, 0.5, 0.5, 0.5, 
0.5, 0.5, 0.5, 1, 1, 1, 1, 1, 1, 1, 1, 1, 1, 1, 1, 1, 1, 1, 1, 
1, 1, 1, 1, 1, 1, 1, 1, 1, 1, 1, 1, 1, 1, 1, 1, 1, 1, 1, 1, 1, 
1, 1, 1, 0, 0, 0, 0, 0, 0, 0, 0, 0, 0, 0, 0, 0, 0, 0, 0, 0, 0, 
0, 0, 0, 0, 0, 0, 0, 0, 0, 0, 0, 0, 0, 0, 0, 0, 0, 0, 0, 0, 0, 
0, 2, 2, 2, 2, 2, 2, 2, 2, 2, 2, 2, 2, 2, 2, 2, 2, 2, 2, 2, 2, 
2, 2, 2, 2, 2, 2, 2, 2, 2, 2, 2, 2, 2, 2, 2, 2, 2, 2, 2, 2, 2, 
2, 2, 2, 2, 2, 2, 2, 2, 2, 2, 2, 2, 2, 2, 2, 2, 2, 2, 2, 2, 2, 
2, 2, 2, 2, 2, 2, 2, 2, 2, 2, 2, 2, 2, 2, 2, 2, 2, 2, 2, 2, 2, 
2, 2, 2, 2, 2, 2, 2, 2, 2, 2, 2, 2, 2, 2, 2, 2, 2, 2, 2, 2, 2, 
2, 2, 2, 2, 2, 2, 2, 2, 2, 2, 2, 2, 2, 2, 2, 2, 0, 0, 0, 0, 0, 
0, 0, 0, 0, 0, 0, 0, 0, 0, 0, 0, 0, 0, 0, 0, 0, 0, 0, 0, 0, 0, 
0, 0, 0, 0, 0, 0, 0, 0, 0, 0, 0, 0, 0, 0, 2, 2, 2, 2, 2, 2, 2, 
2, 2, 2, 2, 2, 2, 2, 2, 2, 2, 2, 2, 2, 2, 2, 2, 2, 2, 2, 2, 2, 
2, 2, 2, 2, 2, 2, 2, 2, 2, 2, 2, 2, 0.5, 0.44, 0.48, 0.5, 0.44, 
0.48, 0.48, 0.46, 0.48, 0.44, 0.49, 0.49, 0.49, 0.49, 0.47, 0.49, 
0.47, 0.47, 0.49, 0.49, 0.48, 0.46, 0.5, 0.46, 0.46, 0.48, 0.44, 
0.46, 0.48, 0.46, 0.43, 0.49, 0.49, 0.49, 0.47, 0.47, 0.49, 0.45, 
0.49, 0.45, 0.5, 0.56, 0.52, 0.5, 0.56, 0.52, 0.52, 0.54, 0.52, 
0.56, 0.51, 0.51, 0.51, 0.51, 0.53, 0.51, 0.53, 0.53, 0.51, 0.51, 
0.52, 0.54, 0.5, 0.54, 0.54, 0.52, 0.56, 0.54, 0.52, 0.54, 0.57, 
0.51, 0.51, 0.51, 0.53, 0.53, 0.51, 0.55, 0.51, 0.55, 0.5, 0.5, 
0.5, 0.5, 0.5, 0.5, 0.5, 0.5, 0.5, 0.5, 0.5, 0.5, 0.5, 0.5, 0.5, 
0.5, 0.5, 0.5, 0.5, 0.5, 0.5, 0.5, 0.5, 0.5, 0.5, 0.5, 0.5, 0.5, 
0.5, 0.5, 0.5, 0.5, 0.5, 0.5, 0.5, 0.5, 0.5, 0.5, 0.5, 0.5, 0, 
0.0848528137423857, 0.0282842712474619, 0, 0.0848528137423857, 
0.0282842712474619, 0.0282842712474619, 0.0565685424949238, 0.0282842712474619, 
0.0848528137423857, 0.014142135623731, 0.014142135623731, 0.014142135623731, 
0.014142135623731, 0.0424264068711929, 0.014142135623731, 0.0424264068711929, 
0.0424264068711929, 0.014142135623731, 0.014142135623731, 0.0282842712474619, 
0.0565685424949238, 0, 0.0565685424949238, 0.0565685424949238, 
0.0282842712474619, 0.0848528137423857, 0.0565685424949238, 0.0282842712474619, 
0.0565685424949238, 0.0989949493661166, 0.014142135623731, 0.014142135623731, 
0.014142135623731, 0.0424264068711929, 0.0424264068711929, 0.014142135623731, 
0.0707106781186548, 0.014142135623731, 0.0707106781186548, 1.01057673793525, 
1.00624653550434, 0.995868399775092, 0.975261753125258, 1.01193414664529, 
1.0014738413014, 1.00098491842447, 0.960054275879345, 0.986519967388986, 
0.973800228810913, 1.00142161054964, 0.97893295943792, 1.02094261619583, 
1.03917722755205, 0.984558643960905, 1.00321131244564, 0.98939290919449, 
0.989348837581532, 0.984075153549017, 0.981853763651087, 0.966116654251615, 
0.945132707252974, 0.950325094706878, 1.01598150693812, 0.959983070644532, 
0.97076211168661, 0.979405474415807, 0.97262209298229, 0.975680324011536, 
1.01997642706008, 0.975347890291785, 0.987648898663113, 0.948863016829609, 
0.953454579604806, 0.970698625189989, 0.951386675899651, 0.988285996577349, 
0.973042867556736, 0.956736219781676, 0.963171748745636, 1.01057673793525, 
1.00624653550434, 0.995868399775092, 0.975261753125258, 1.01193414664529, 
1.0014738413014, 1.00098491842447, 0.960054275879345, 0.986519967388986, 
0.973800228810913, 1.00142161054964, 0.97893295943792, 1.02094261619583, 
1.03917722755205, 0.984558643960905, 1.00321131244564, 0.989392909194489, 
0.989348837581532, 0.984075153549017, 0.981853763651087, 0.966116654251615, 
0.945132707252974, 0.950325094706878, 1.01598150693812, 0.959983070644532, 
0.970762111686609, 0.979405474415807, 0.97262209298229, 0.975680324011536, 
1.01997642706008, 0.975347890291785, 0.987648898663113, 0.948863016829609, 
0.953454579604805, 0.970698625189989, 0.951386675899651, 0.988285996577349, 
0.973042867556737, 0.956736219781676, 0.963171748745636, 4.76870235306323, 
4.85639583318319, 4.74554362377063, 4.50361499963317, 4.73539133708116, 
4.5750163110252, 4.67308655161158, 4.55824045408903, 4.63447312438697, 
4.56254453849471, 4.6308696716056, 4.47134733032494, 4.73442477071811, 
4.94207764798886, 4.49330741482321, 4.55963753344389, 4.66130671187477, 
4.58700224663292, 4.57682856137027, 4.50060137253723, 4.43555318881334, 
4.27049211246286, 4.29056261309109, 4.74165982946226, 4.36519026163046, 
4.48210402827712, 4.40956009819535, 4.48893611711603, 4.45748703788419, 
4.71636286659919, 4.46382571634914, 4.37315667985834, 4.32500778952656, 
4.22406111051663, 4.43330202365752, 4.37156704673664, 4.56475594719238, 
4.48588549461377, 4.35063173524817, 4.50538168276812, 4.76870235306323, 
4.85639583318319, 4.74554362377063, 4.50361499963317, 4.73539133708116, 
4.5750163110252, 4.67308655161158, 4.55824045408903, 4.63447312438697, 
4.56254453849471, 4.6308696716056, 4.47134733032494, 4.7344247707181, 
4.94207764798886, 4.49330741482321, 4.5596375334439, 4.66130671187477, 
4.58700224663292, 4.57682856137027, 4.50060137253723, 4.43555318881335, 
4.27049211246286, 4.29056261309109, 4.74165982946226, 4.36519026163046, 
4.48210402827712, 4.40956009819535, 4.48893611711603, 4.45748703788419, 
4.71636286659919, 4.46382571634914, 4.37315667985834, 4.32500778952656, 
4.22406111051663, 4.43330202365752, 4.37156704673664, 4.56475594719238, 
4.48588549461377, 4.35063173524817, 4.50538168276812, 0.17542223978459, 
0.178604503912437, 0.178610567871879, 0.170125888332542, 0.175288865792263, 
0.179230982041225, 0.177157480083604, 0.175387703033898, 0.176564678429025, 
0.184469705434872, 0.186173060904171, 0.200165678720126, 0.195279473684025, 
0.173969225850887, 0.188187000147807, 0.197341083741404, 0.202649183171765, 
0.193107726961935, 0.201893742336443, 0.183577011988673, 0.204747784012527, 
0.196365045153204, 0.195038947258662, 0.200783173353252, 0.187178898920272, 
0.198072758740195, 0.200357707693324, 0.208669448750833, 0.201731871708486, 
0.199074719125977, 0.207051210372499, 0.214266829738376, 0.20695504934231, 
0.213368662723778, 0.209011192535101, 0.206121055809674, 0.206630973975842, 
0.208304516692525, 0.213810017656893, 0.19242380005625, 0.866939705819794, 
0.865949153420598, 0.879660474654288, 0.884039939659769, 0.869513989975366, 
0.885780453696329, 0.846681794865607, 0.863589338436929, 0.869684377486991, 
0.873698316810193, 0.82598175032803, 0.796296438356611, 0.804644576673071, 
0.837227669878315, 0.843622852908672, 0.88736063331002, 0.854735520418654, 
0.831410939931746, 0.811068261095436, 0.871812581543838, 0.795947194508197, 
0.824787464681709, 0.865308006493267, 0.764983780533636, 0.8348617683757, 
0.852674364307904, 0.811506594184619, 0.790286576205644, 0.879548287876453, 
0.755402870518811, 0.760055433540271, 0.839333156118763, 0.792645565016443, 
0.733798126370541, 0.81049790757636, 0.70094782858537, 0.7700050511784, 
0.793842023669091, 0.782644846712663, 0.810404189449441, 1, 1, 
1, 1, 1, 1, 1, 1, 1, 1, 1, 1, 1, 1, 1, 1, 1, 1, 1, 1, 1, 1, 1, 
1, 1, 1, 1, 1, 1, 1, 1, 1, 1, 1, 1, 1, 1, 1, 1, 1, 0.693147180559946, 
0.685929800252373, 0.692346967089962, 0.693147180559946, 0.685929800252373, 
