tmp <-
structure(c(2, 2, 2, 2, 2, 2, 2, 2, 2, 2, 2, 2, 2, 2, 2, 2, 2, 
2, 2, 2, 2, 2, 2, 2, 2, 2, 2, 2, 2, 2, 2, 2, 2, 2, 2, 2, 2, 2, 
2, 2, 57, 57, 57, 57, 57, 57, 57, 57, 57, 57, 57, 57, 57, 57, 
57, 57, 57, 57, 57, 57, 57, 57, 57, 57, 57, 57, 57, 57, 57, 57, 
57, 57, 57, 57, 57, 57, 57, 57, 57, 57, 0, 0, 0, 0, 0, 0, 0, 
0, 0, 0, 0, 0, 0, 0, 0, 0, 0, 0, 0, 0, 0, 0, 0, 0, 0, 0, 0, 0, 
0, 0, 0, 0, 0, 0, 0, 0, 0, 0, 0, 0, 57, 57, 57, 57, 57, 57, 57, 
57, 57, 57, 57, 57, 57, 57, 57, 57, 57, 57, 57, 57, 57, 57, 57, 
57, 57, 57, 57, 57, 57, 57, 57, 57, 57, 57, 57, 57, 57, 57, 57, 
57, 106, 106, 106, 106, 106, 106, 106, 106, 106, 106, 106, 106, 
106, 106, 106, 106, 106, 106, 106, 106, 106, 106, 106, 106, 106, 
106, 106, 106, 106, 106, 106, 106, 106, 106, 106, 106, 106, 106, 
106, 106, 0.537735849056604, 0.537735849056604, 0.537735849056604, 
0.537735849056604, 0.537735849056604, 0.537735849056604, 0.537735849056604, 
0.537735849056604, 0.537735849056604, 0.537735849056604, 0.537735849056604, 
0.537735849056604, 0.537735849056604, 0.537735849056604, 0.537735849056604, 
0.537735849056604, 0.537735849056604, 0.537735849056604, 0.537735849056604, 
0.537735849056604, 0.537735849056604, 0.537735849056604, 0.537735849056604, 
0.537735849056604, 0.537735849056604, 0.537735849056604, 0.537735849056604, 
0.537735849056604, 0.537735849056604, 0.537735849056604, 0.537735849056604, 
0.537735849056604, 0.537735849056604, 0.537735849056604, 0.537735849056604, 
0.537735849056604, 0.537735849056604, 0.537735849056604, 0.537735849056604, 
0.537735849056604, 0, 0, 0, 0, 0, 0, 0, 0, 0, 0, 0, 0, 0, 0, 
0, 0, 0, 0, 0, 0, 0, 0, 0, 0, 0, 0, 0, 0, 0, 0, 0, 0, 0, 0, 0, 
0, 0, 0, 0, 0, 1, 1, 1, 1, 1, 1, 1, 1, 1, 1, 1, 1, 1, 1, 1, 1, 
1, 1, 1, 1, 1, 1, 1, 1, 1, 1, 1, 1, 1, 1, 1, 1, 1, 1, 1, 1, 1, 
1, 1, 1, 2, 2, 2, 2, 2, 2, 2, 2, 2, 2, 2, 2, 2, 2, 2, 2, 2, 2, 
2, 2, 2, 2, 2, 2, 2, 2, 2, 2, 2, 2, 2, 2, 2, 2, 2, 2, 2, 2, 2, 
2, 4, 4, 4, 4, 4, 4, 4, 4, 4, 4, 4, 4, 4, 4, 4, 4, 4, 4, 4, 4, 
4, 4, 4, 4, 4, 4, 4, 4, 4, 4, 4, 4, 4, 4, 4, 4, 4, 4, 4, 4, 3.96551724137931, 
3.96551724137931, 3.96551724137931, 3.96551724137931, 3.96551724137931, 
3.96551724137931, 3.96551724137931, 3.96551724137931, 3.96551724137931, 
3.96551724137931, 3.96551724137931, 3.96551724137931, 3.96551724137931, 
3.96551724137931, 3.96551724137931, 3.96551724137931, 3.96551724137931, 
3.96551724137931, 3.96551724137931, 3.96551724137931, 3.96551724137931, 
3.96551724137931, 3.96551724137931, 3.96551724137931, 3.96551724137931, 
3.96551724137931, 3.96551724137931, 3.96551724137931, 3.96551724137931, 
3.96551724137931, 3.96551724137931, 3.96551724137931, 3.96551724137931, 
3.96551724137931, 3.96551724137931, 3.96551724137931, 3.96551724137931, 
3.96551724137931, 3.96551724137931, 3.96551724137931, 0.262612865719445, 
0.262612865719445, 0.262612865719445, 0.262612865719445, 0.262612865719445, 
0.262612865719445, 0.262612865719445, 0.262612865719445, 0.262612865719445, 
0.262612865719445, 0.262612865719445, 0.262612865719445, 0.262612865719445, 
0.262612865719445, 0.262612865719445, 0.262612865719445, 0.262612865719445, 
0.262612865719445, 0.262612865719445, 0.262612865719445, 0.262612865719445, 
0.262612865719445, 0.262612865719445, 0.262612865719445, 0.262612865719445, 
0.262612865719445, 0.262612865719445, 0.262612865719445, 0.262612865719445, 
0.262612865719445, 0.262612865719445, 0.262612865719445, 0.262612865719445, 
0.262612865719445, 0.262612865719445, 0.262612865719445, 0.262612865719445, 
0.262612865719445, 0.262612865719445, 0.262612865719445, 230, 
230, 230, 230, 230, 230, 230, 230, 230, 230, 230, 230, 230, 230, 
230, 230, 230, 230, 230, 230, 230, 230, 230, 230, 230, 230, 230, 
230, 230, 230, 230, 230, 230, 230, 230, 230, 230, 230, 230, 230, 
0.452830188679245, 0.490566037735849, 0.490566037735849, 0.490566037735849, 
0.490566037735849, 0.490566037735849, 0.490566037735849, 0.490566037735849, 
0.490566037735849, 0.490566037735849, 0.481132075471698, 0.481132075471698, 
0.481132075471698, 0.443396226415094, 0.481132075471698, 0.481132075471698, 
0.5, 0.5, 0.462264150943396, 0.481132075471698, 0.471698113207547, 
0.490566037735849, 0.490566037735849, 0.490566037735849, 0.433962264150943, 
0.471698113207547, 0.471698113207547, 0.471698113207547, 0.471698113207547, 
0.471698113207547, 0.490566037735849, 0.490566037735849, 0.490566037735849, 
0.452830188679245, 0.471698113207547, 0.471698113207547, 0.452830188679245, 
0.471698113207547, 0.490566037735849, 0.490566037735849, 0.547169811320755, 
0.509433962264151, 0.509433962264151, 0.509433962264151, 0.509433962264151, 
0.509433962264151, 0.509433962264151, 0.509433962264151, 0.509433962264151, 
0.509433962264151, 0.518867924528302, 0.518867924528302, 0.518867924528302, 
0.556603773584906, 0.518867924528302, 0.518867924528302, 0.5, 
0.5, 0.537735849056604, 0.518867924528302, 0.528301886792453, 
0.509433962264151, 0.509433962264151, 0.509433962264151, 0.566037735849057, 
0.528301886792453, 0.528301886792453, 0.528301886792453, 0.528301886792453, 
0.528301886792453, 0.509433962264151, 0.509433962264151, 0.509433962264151, 
0.547169811320755, 0.528301886792453, 0.528301886792453, 0.547169811320755, 
0.528301886792453, 0.509433962264151, 0.509433962264151, 0.5, 
0.5, 0.5, 0.5, 0.5, 0.5, 0.5, 0.5, 0.5, 0.5, 0.5, 0.5, 0.5, 0.5, 
0.5, 0.5, 0.5, 0.5, 0.5, 0.5, 0.5, 0.5, 0.5, 0.5, 0.5, 0.5, 0.5, 
0.5, 0.5, 0.5, 0.5, 0.5, 0.5, 0.5, 0.5, 0.5, 0.5, 0.5, 0.5, 0.5, 
0.0667081869043913, 0.0133416373808783, 0.0133416373808783, 0.0133416373808783, 
0.0133416373808783, 0.0133416373808783, 0.0133416373808783, 0.0133416373808783, 
0.0133416373808783, 0.0133416373808783, 0.0266832747617565, 0.0266832747617565, 
0.0266832747617565, 0.0800498242852695, 0.0266832747617565, 0.0266832747617565, 
0, 0, 0.053366549523513, 0.0266832747617565, 0.0400249121426348, 
0.0133416373808783, 0.0133416373808783, 0.0133416373808783, 0.0933914616661478, 
0.0400249121426348, 0.0400249121426348, 0.0400249121426348, 0.0400249121426348, 
0.0400249121426348, 0.0133416373808783, 0.0133416373808783, 0.0133416373808783, 
0.0667081869043913, 0.0400249121426348, 0.0400249121426348, 0.0667081869043913, 
0.0400249121426348, 0.0133416373808783, 0.0133416373808783, 0, 
0, 0, 0, 0, 0, 0, 0, 0, 0, 0, 0, 0, 0, 0, 0, 0, 0, 0, 0, 0, 0, 
0, 0, 0, 0, 0, 0, 0, 0, 0, 0, 0, 0, 0, 0, 0, 0, 0, 0, 1.38294551386595, 
1.38614542717583, 1.36903412260712, 1.38571730635126, 1.37597094156634, 
1.36743723398629, 1.41080140264013, 1.41012592514562, 1.38305193807859, 
1.3757405148581, 1.37650445130934, 1.38352650895334, 1.36261504425551, 
1.35587212766625, 1.38186817599041, 1.37594742557345, 1.37693736816645, 
1.35322260556297, 1.36150325703403, 1.36428953495304, 1.37117877745235, 
1.36663397008098, 1.34411216772454, 1.34015462732313, 1.34126764527379, 
1.35205104215721, 1.37540357832531, 1.34259222763375, 1.33428931280299, 
1.35031108727393, 1.34096622834757, 1.34150418955311, 1.35472232047468, 
1.32950235134139, 1.33937844434169, 1.35024659622508, 1.32301381518213, 
1.3610678578995, 1.35952981759562, 1.33778855684703, 3, 3, 3, 
3, 3, 3, 3, 3, 3, 3, 3, 3, 3, 3, 3, 3, 3, 3, 3, 3, 3, 3, 3, 3, 
3, 3, 3, 3, 3, 3, 3, 3, 3, 3, 3, 3, 3, 3, 3, 3, 3.54420833667817, 
3.51014485190759, 3.36807980289765, 3.46505186085376, 3.40354857187864, 
3.35508814863559, 3.76885897563744, 3.74323248855331, 3.49714499190577, 
3.44016803021458, 3.44522003625504, 3.53163743933314, 3.31078399211789, 
3.26795502580885, 3.4952981234899, 3.44124170333546, 3.49794420137439, 
3.26929647578961, 3.32358393856845, 3.37367247301834, 3.35006006929214, 
3.33234679129726, 3.19689567115072, 3.18085350666702, 3.19141484262418, 
3.27595475042191, 3.45524506295091, 3.18522718277573, 3.13254790033144, 
3.2388308612147, 3.16819104811519, 3.17713896918631, 3.31670165393827, 
3.10169413905583, 3.20194170667978, 3.23850976357071, 3.05857354493728, 
3.31969660181608, 3.35641001964909, 3.15350777646946, 0.361762187535775, 
