tmp <-
structure(c(2, 2, 2, 2, 2, 2, 2, 2, 2, 2, 2, 2, 2, 2, 2, 2, 2, 
2, 2, 2, 2, 2, 2, 2, 2, 2, 2, 2, 2, 2, 2, 2, 2, 2, 2, 2, 2, 2, 
2, 2, 6, 6, 6, 6, 6, 6, 6, 6, 6, 6, 6, 6, 6, 6, 6, 6, 6, 6, 6, 
6, 6, 6, 6, 6, 6, 6, 6, 6, 6, 6, 6, 6, 6, 6, 6, 6, 6, 6, 6, 6, 
0, 0, 0, 0, 0, 0, 0, 0, 0, 0, 0, 0, 0, 0, 0, 0, 0, 0, 0, 0, 0, 
0, 0, 0, 0, 0, 0, 0, 0, 0, 0, 0, 0, 0, 0, 0, 0, 0, 0, 0, 6, 6, 
6, 6, 6, 6, 6, 6, 6, 6, 6, 6, 6, 6, 6, 6, 6, 6, 6, 6, 6, 6, 6, 
6, 6, 6, 6, 6, 6, 6, 6, 6, 6, 6, 6, 6, 6, 6, 6, 6, 601, 601, 
601, 601, 601, 601, 601, 601, 601, 601, 601, 601, 601, 601, 601, 
601, 601, 601, 601, 601, 601, 601, 601, 601, 601, 601, 601, 601, 
601, 601, 601, 601, 601, 601, 601, 601, 601, 601, 601, 601, 0.00998336106489185, 
0.00998336106489185, 0.00998336106489185, 0.00998336106489185, 
0.00998336106489185, 0.00998336106489185, 0.00998336106489185, 
0.00998336106489185, 0.00998336106489185, 0.00998336106489185, 
0.00998336106489185, 0.00998336106489185, 0.00998336106489185, 
0.00998336106489185, 0.00998336106489185, 0.00998336106489185, 
0.00998336106489185, 0.00998336106489185, 0.00998336106489185, 
0.00998336106489185, 0.00998336106489185, 0.00998336106489185, 
0.00998336106489185, 0.00998336106489185, 0.00998336106489185, 
0.00998336106489185, 0.00998336106489185, 0.00998336106489185, 
0.00998336106489185, 0.00998336106489185, 0.00998336106489185, 
0.00998336106489185, 0.00998336106489185, 0.00998336106489185, 
0.00998336106489185, 0.00998336106489185, 0.00998336106489185, 
0.00998336106489185, 0.00998336106489185, 0.00998336106489185, 
0, 0, 0, 0, 0, 0, 0, 0, 0, 0, 0, 0, 0, 0, 0, 0, 0, 0, 0, 0, 0, 
0, 0, 0, 0, 0, 0, 0, 0, 0, 0, 0, 0, 0, 0, 0, 0, 0, 0, 0, 1, 1, 
1, 1, 1, 1, 1, 1, 1, 1, 1, 1, 1, 1, 1, 1, 1, 1, 1, 1, 1, 1, 1, 
1, 1, 1, 1, 1, 1, 1, 1, 1, 1, 1, 1, 1, 1, 1, 1, 1, 2, 2, 2, 2, 
2, 2, 2, 2, 2, 2, 2, 2, 2, 2, 2, 2, 2, 2, 2, 2, 2, 2, 2, 2, 2, 
2, 2, 2, 2, 2, 2, 2, 2, 2, 2, 2, 2, 2, 2, 2, 4, 4, 4, 4, 4, 4, 
4, 4, 4, 4, 4, 4, 4, 4, 4, 4, 4, 4, 4, 4, 4, 4, 4, 4, 4, 4, 4, 
4, 4, 4, 4, 4, 4, 4, 4, 4, 4, 4, 4, 4, 2.71428571428571, 2.71428571428571, 
2.71428571428571, 2.71428571428571, 2.71428571428571, 2.71428571428571, 
2.71428571428571, 2.71428571428571, 2.71428571428571, 2.71428571428571, 
2.71428571428571, 2.71428571428571, 2.71428571428571, 2.71428571428571, 
2.71428571428571, 2.71428571428571, 2.71428571428571, 2.71428571428571, 
2.71428571428571, 2.71428571428571, 2.71428571428571, 2.71428571428571, 
2.71428571428571, 2.71428571428571, 2.71428571428571, 2.71428571428571, 
2.71428571428571, 2.71428571428571, 2.71428571428571, 2.71428571428571, 
2.71428571428571, 2.71428571428571, 2.71428571428571, 2.71428571428571, 
2.71428571428571, 2.71428571428571, 2.71428571428571, 2.71428571428571, 
2.71428571428571, 2.71428571428571, 0.755928946018454, 0.755928946018454, 
0.755928946018454, 0.755928946018454, 0.755928946018454, 0.755928946018454, 
0.755928946018454, 0.755928946018454, 0.755928946018454, 0.755928946018454, 
0.755928946018454, 0.755928946018454, 0.755928946018454, 0.755928946018454, 
0.755928946018454, 0.755928946018454, 0.755928946018454, 0.755928946018454, 
0.755928946018454, 0.755928946018454, 0.755928946018454, 0.755928946018454, 
0.755928946018454, 0.755928946018454, 0.755928946018454, 0.755928946018454, 
0.755928946018454, 0.755928946018454, 0.755928946018454, 0.755928946018454, 
0.755928946018454, 0.755928946018454, 0.755928946018454, 0.755928946018454, 
0.755928946018454, 0.755928946018454, 0.755928946018454, 0.755928946018454, 
0.755928946018454, 0.755928946018454, 19, 19, 19, 19, 19, 19, 
19, 19, 19, 19, 19, 19, 19, 19, 19, 19, 19, 19, 19, 19, 19, 19, 
19, 19, 19, 19, 19, 19, 19, 19, 19, 19, 19, 19, 19, 19, 19, 19, 
19, 19, 0.346089850249584, 0.349417637271215, 0.346089850249584, 
0.356073211314476, 0.356073211314476, 0.359400998336107, 0.352745424292845, 
0.369384359400998, 0.346089850249584, 0.362728785357737, 0.382695507487521, 
0.396006655574043, 0.389351081530782, 0.37603993344426, 0.386023294509151, 
0.389351081530782, 0.386023294509151, 0.362728785357737, 0.389351081530782, 
0.389351081530782, 0.389351081530782, 0.402662229617304, 0.389351081530782, 
0.392678868552413, 0.369384359400998, 0.392678868552413, 0.405990016638935, 
0.382695507487521, 0.352745424292845, 0.399334442595674, 0.425956738768719, 
0.409317803660566, 0.409317803660566, 0.412645590682196, 0.399334442595674, 
0.419301164725458, 0.415973377703827, 0.419301164725458, 0.419301164725458, 
0.405990016638935, 0.653910149750416, 0.650582362728785, 0.653910149750416, 
0.643926788685524, 0.643926788685524, 0.640599001663893, 0.647254575707155, 
0.630615640599002, 0.653910149750416, 0.637271214642263, 0.617304492512479, 
0.603993344425957, 0.610648918469218, 0.62396006655574, 0.613976705490849, 
0.610648918469218, 0.613976705490849, 0.637271214642263, 0.610648918469218, 
0.610648918469218, 0.610648918469218, 0.597337770382696, 0.610648918469218, 
0.607321131447587, 0.630615640599002, 0.607321131447587, 0.594009983361065, 
0.617304492512479, 0.647254575707155, 0.600665557404326, 0.574043261231281, 
0.590682196339434, 0.590682196339434, 0.587354409317804, 0.600665557404326, 
0.580698835274542, 0.584026622296173, 0.580698835274542, 0.580698835274542, 
0.594009983361065, 0.5, 0.5, 0.5, 0.5, 0.5, 0.5, 0.5, 0.5, 0.5, 
0.5, 0.5, 0.5, 0.5, 0.5, 0.5, 0.5, 0.5, 0.5, 0.5, 0.5, 0.5, 0.5, 
0.5, 0.5, 0.5, 0.5, 0.5, 0.5, 0.5, 0.5, 0.5, 0.5, 0.5, 0.5, 0.5, 
0.5, 0.5, 0.5, 0.5, 0.5, 0.217661821163912, 0.212955619625233, 
0.217661821163912, 0.203543216547875, 0.203543216547875, 0.198837015009196, 
0.208249418086554, 0.184718410393158, 0.217661821163912, 0.194130813470516, 
0.165893604238441, 0.147068798083725, 0.156481201161083, 0.1753060073158, 
0.161187402699762, 0.156481201161083, 0.161187402699762, 0.194130813470516, 
0.156481201161083, 0.156481201161083, 0.156481201161083, 0.137656395006366, 
0.156481201161083, 0.151774999622404, 0.184718410393158, 0.151774999622404, 
0.132950193467687, 0.165893604238441, 0.208249418086554, 0.142362596545045, 
0.104712984235612, 0.128243991929008, 0.128243991929008, 0.123537790390329, 
0.142362596545045, 0.11412538731297, 0.118831588851649, 0.11412538731297, 
0.11412538731297, 0.132950193467687, 0, 0, 0, 0, 0, 0, 0, 0, 
0, 0, 0, 0, 0, 0, 0, 0, 0, 0, 0, 0, 0, 0, 0, 0, 0, 0, 0, 0, 0, 
0, 0, 0, 0, 0, 0, 0, 0, 0, 0, 0, 0.711593868479462, 0.717019648533992, 
0.719573821512221, 0.719738441658665, 0.714495728431612, 0.71613676165884, 
0.715956044981809, 0.713981693330577, 0.719227003309502, 0.723042478719623, 
0.724848313222044, 0.716036285449408, 0.715406470988769, 0.723444355946761, 
0.724503706822032, 0.708546258226147, 0.714115992812274, 0.715942744392702, 
0.708523245447276, 0.723447087441833, 0.719817256015692, 0.709865336309622, 
0.718863164075034, 0.706718546365301, 0.716631688590194, 0.725762727308345, 
0.703619911566786, 0.720749247888656, 0.720395715460843, 0.718666125746507, 
0.708206780464979, 0.71341893328059, 0.70105768567722, 0.707971819103739, 
0.721076750527615, 0.709930966998141, 0.70288456782527, 0.717377862301041, 
0.706125360346846, 0.716764791370541, 3, 3, 3, 3, 3, 3, 3, 3, 
3, 3, 3, 3, 3, 3, 3, 3, 3, 3, 3, 3, 3, 3, 3, 3, 3, 3, 3, 3, 3, 
3, 3, 3, 3, 3, 3, 3, 3, 3, 3, 3, 1.65579663406209, 1.66368747246864, 
1.66567284906094, 1.65311204790671, 1.65954668125278, 1.66313978344469, 
1.65305455979618, 1.6507574874981, 1.65885144611123, 1.66745831733552, 
1.66422691550647, 1.65119070565501, 1.65715427668361, 1.65935043337919, 
1.6666527381561, 1.64162929883885, 1.66667004032328, 1.64580294644435, 
1.64716943582079, 1.65523825071655, 1.64633443611587, 1.66292816577871, 
1.67236855811434, 1.65072715456765, 1.64651967572517, 1.66039291031844, 
1.64767154598007, 1.64705900091873, 1.66207687465045, 1.64965457708506, 
1.63334085874764, 1.6316984131659, 1.639217551651, 1.64876194961587, 
1.64935174110662, 1.6663957802305, 1.64440314877117, 1.66233553931551, 
1.63701584928141, 1.66097455933474, 0.133477418785414, 0.131611516845886, 
