tmp <-
structure(c(2, 2, 2, 2, 2, 2, 2, 2, 2, 2, 2, 2, 2, 2, 2, 2, 2, 
2, 2, 2, 2, 2, 2, 2, 2, 2, 2, 2, 2, 2, 2, 2, 2, 2, 2, 2, 2, 2, 
2, 2, 6, 6, 6, 6, 6, 6, 6, 6, 6, 6, 6, 6, 6, 6, 6, 6, 6, 6, 6, 
6, 6, 6, 6, 6, 6, 6, 6, 6, 6, 6, 6, 6, 6, 6, 6, 6, 6, 6, 6, 6, 
0, 0, 0, 0, 0, 0, 0, 0, 0, 0, 0, 0, 0, 0, 0, 0, 0, 0, 0, 0, 0, 
0, 0, 0, 0, 0, 0, 0, 0, 0, 0, 0, 0, 0, 0, 0, 0, 0, 0, 0, 6, 6, 
6, 6, 6, 6, 6, 6, 6, 6, 6, 6, 6, 6, 6, 6, 6, 6, 6, 6, 6, 6, 6, 
6, 6, 6, 6, 6, 6, 6, 6, 6, 6, 6, 6, 6, 6, 6, 6, 6, 556, 556, 
556, 556, 556, 556, 556, 556, 556, 556, 556, 556, 556, 556, 556, 
556, 556, 556, 556, 556, 556, 556, 556, 556, 556, 556, 556, 556, 
556, 556, 556, 556, 556, 556, 556, 556, 556, 556, 556, 556, 0.0107913669064748, 
0.0107913669064748, 0.0107913669064748, 0.0107913669064748, 0.0107913669064748, 
0.0107913669064748, 0.0107913669064748, 0.0107913669064748, 0.0107913669064748, 
0.0107913669064748, 0.0107913669064748, 0.0107913669064748, 0.0107913669064748, 
0.0107913669064748, 0.0107913669064748, 0.0107913669064748, 0.0107913669064748, 
0.0107913669064748, 0.0107913669064748, 0.0107913669064748, 0.0107913669064748, 
0.0107913669064748, 0.0107913669064748, 0.0107913669064748, 0.0107913669064748, 
0.0107913669064748, 0.0107913669064748, 0.0107913669064748, 0.0107913669064748, 
0.0107913669064748, 0.0107913669064748, 0.0107913669064748, 0.0107913669064748, 
0.0107913669064748, 0.0107913669064748, 0.0107913669064748, 0.0107913669064748, 
0.0107913669064748, 0.0107913669064748, 0.0107913669064748, 0, 
0, 0, 0, 0, 0, 0, 0, 0, 0, 0, 0, 0, 0, 0, 0, 0, 0, 0, 0, 0, 0, 
0, 0, 0, 0, 0, 0, 0, 0, 0, 0, 0, 0, 0, 0, 0, 0, 0, 0, 1, 1, 1, 
1, 1, 1, 1, 1, 1, 1, 1, 1, 1, 1, 1, 1, 1, 1, 1, 1, 1, 1, 1, 1, 
1, 1, 1, 1, 1, 1, 1, 1, 1, 1, 1, 1, 1, 1, 1, 1, 2, 2, 2, 2, 2, 
2, 2, 2, 2, 2, 2, 2, 2, 2, 2, 2, 2, 2, 2, 2, 2, 2, 2, 2, 2, 2, 
2, 2, 2, 2, 2, 2, 2, 2, 2, 2, 2, 2, 2, 2, 4, 4, 4, 4, 4, 4, 4, 
4, 4, 4, 4, 4, 4, 4, 4, 4, 4, 4, 4, 4, 4, 4, 4, 4, 4, 4, 4, 4, 
4, 4, 4, 4, 4, 4, 4, 4, 4, 4, 4, 4, 2.71428571428571, 2.71428571428571, 
2.71428571428571, 2.71428571428571, 2.71428571428571, 2.71428571428571, 
2.71428571428571, 2.71428571428571, 2.71428571428571, 2.71428571428571, 
2.71428571428571, 2.71428571428571, 2.71428571428571, 2.71428571428571, 
2.71428571428571, 2.71428571428571, 2.71428571428571, 2.71428571428571, 
2.71428571428571, 2.71428571428571, 2.71428571428571, 2.71428571428571, 
2.71428571428571, 2.71428571428571, 2.71428571428571, 2.71428571428571, 
2.71428571428571, 2.71428571428571, 2.71428571428571, 2.71428571428571, 
2.71428571428571, 2.71428571428571, 2.71428571428571, 2.71428571428571, 
2.71428571428571, 2.71428571428571, 2.71428571428571, 2.71428571428571, 
2.71428571428571, 2.71428571428571, 0.755928946018454, 0.755928946018454, 
0.755928946018454, 0.755928946018454, 0.755928946018454, 0.755928946018454, 
0.755928946018454, 0.755928946018454, 0.755928946018454, 0.755928946018454, 
0.755928946018454, 0.755928946018454, 0.755928946018454, 0.755928946018454, 
0.755928946018454, 0.755928946018454, 0.755928946018454, 0.755928946018454, 
0.755928946018454, 0.755928946018454, 0.755928946018454, 0.755928946018454, 
0.755928946018454, 0.755928946018454, 0.755928946018454, 0.755928946018454, 
0.755928946018454, 0.755928946018454, 0.755928946018454, 0.755928946018454, 
0.755928946018454, 0.755928946018454, 0.755928946018454, 0.755928946018454, 
0.755928946018454, 0.755928946018454, 0.755928946018454, 0.755928946018454, 
0.755928946018454, 0.755928946018454, 19, 19, 19, 19, 19, 19, 
19, 19, 19, 19, 19, 19, 19, 19, 19, 19, 19, 19, 19, 19, 19, 19, 
19, 19, 19, 19, 19, 19, 19, 19, 19, 19, 19, 19, 19, 19, 19, 19, 
19, 19, 0.494604316546763, 0.498201438848921, 0.491007194244604, 
0.494604316546763, 0.494604316546763, 0.487410071942446, 0.487410071942446, 
0.498201438848921, 0.494604316546763, 0.494604316546763, 0.498201438848921, 
0.483812949640288, 0.491007194244604, 0.498201438848921, 0.483812949640288, 
0.498201438848921, 0.498201438848921, 0.487410071942446, 0.483812949640288, 
0.491007194244604, 0.494604316546763, 0.498201438848921, 0.469424460431655, 
0.491007194244604, 0.487410071942446, 0.498201438848921, 0.48021582733813, 
0.487410071942446, 0.483812949640288, 0.494604316546763, 0.494604316546763, 
0.473021582733813, 0.487410071942446, 0.483812949640288, 0.465827338129496, 
0.487410071942446, 0.483812949640288, 0.48021582733813, 0.498201438848921, 
0.494604316546763, 0.505395683453237, 0.501798561151079, 0.508992805755396, 
0.505395683453237, 0.505395683453237, 0.512589928057554, 0.512589928057554, 
0.501798561151079, 0.505395683453237, 0.505395683453237, 0.501798561151079, 
0.516187050359712, 0.508992805755396, 0.501798561151079, 0.516187050359712, 
0.501798561151079, 0.501798561151079, 0.512589928057554, 0.516187050359712, 
0.508992805755396, 0.505395683453237, 0.501798561151079, 0.530575539568345, 
0.508992805755396, 0.512589928057554, 0.501798561151079, 0.51978417266187, 
0.512589928057554, 0.516187050359712, 0.505395683453237, 0.505395683453237, 
0.526978417266187, 0.512589928057554, 0.516187050359712, 0.534172661870504, 
0.512589928057554, 0.516187050359712, 0.51978417266187, 0.501798561151079, 
0.505395683453237, 0.5, 0.5, 0.5, 0.5, 0.5, 0.5, 0.5, 0.5, 0.5, 
0.5, 0.5, 0.5, 0.5, 0.5, 0.5, 0.5, 0.5, 0.5, 0.5, 0.5, 0.5, 0.5, 
0.5, 0.5, 0.5, 0.5, 0.5, 0.5, 0.5, 0.5, 0.5, 0.5, 0.5, 0.5, 0.5, 
0.5, 0.5, 0.5, 0.5, 0.5, 0.00763064871784043, 0.00254354957261346, 
0.0127177478630674, 0.00763064871784043, 0.00763064871784043, 
0.0178048470082944, 0.0178048470082944, 0.00254354957261346, 
0.00763064871784043, 0.00763064871784043, 0.00254354957261346, 
0.0228919461535213, 0.0127177478630674, 0.00254354957261346, 
0.0228919461535213, 0.00254354957261346, 0.00254354957261346, 
0.0178048470082944, 0.0228919461535213, 0.0127177478630674, 0.00763064871784043, 
0.00254354957261346, 0.0432403427344292, 0.0127177478630674, 
0.0178048470082944, 0.00254354957261346, 0.0279790452987483, 
0.0178048470082944, 0.0228919461535213, 0.00763064871784043, 
0.00763064871784043, 0.0381532435892022, 0.0178048470082944, 
0.0228919461535213, 0.0483274418796561, 0.0178048470082944, 0.0228919461535213, 
0.0279790452987483, 0.00254354957261346, 0.00763064871784043, 
0, 0, 0, 0, 0, 0, 0, 0, 0, 0, 0, 0, 0, 0, 0, 0, 0, 0, 0, 0, 0, 
0, 0, 0, 0, 0, 0, 0, 0, 0, 0, 0, 0, 0, 0, 0, 0, 0, 0, 0, 0.994840342987346, 
0.901075780925193, 1.15511984044004, 0.878761002027842, 0.89906587851436, 
0.847775532685035, 0.869316405551087, 1.06182647784642, 0.847873914862239, 
0.898678073732117, 0.841598483695106, 0.783741224962556, 0.833347088232659, 
0.868759975168595, 0.85484784704952, 0.823307702941205, 0.818908854123443, 
0.823529915508145, 0.792612788029126, 0.807613845235251, 0.783492997239587, 
0.774512151690228, 0.798357487917887, 0.758342930608439, 0.785987310294126, 
0.784893242115215, 0.795967785424638, 0.772193508332661, 0.791022022456015, 
0.800401294837741, 0.75313921908867, 0.766480772257632, 0.766374648515009, 
0.775724550143507, 0.763061105802593, 0.767700736267064, 0.776783909821199, 
0.767762865751084, 0.762997689670923, 0.767980177717324, 3, 3, 
3, 3, 3, 3, 3, 3, 3, 3, 3, 3, 3, 3, 3, 3, 3, 3, 3, 3, 3, 3, 3, 
3, 3, 3, 3, 3, 3, 3, 3, 3, 3, 3, 3, 3, 3, 3, 3, 3, 4.58382747492823, 
3.26594051712294, 7.6722864032678, 3.01766983097002, 3.24690619475207, 
2.65754452735618, 2.90221010051493, 5.70561251164391, 2.62413951301746, 
3.24857470553424, 2.59822017420977, 2.08267563478238, 2.47460140032432, 
2.85465453807953, 2.67062015061111, 2.43672475976527, 2.40525329032536, 
2.38623673532911, 2.13810156329229, 2.26340671893873, 2.09085041931567, 
2.01223809215603, 2.1624340267453, 1.92766385344195, 2.08115979713034, 
2.07383524491111, 2.14930729294405, 2.00073071150099, 2.09829975468568, 
2.20147270746199, 1.87853944497152, 1.9270251158631, 1.98207025379179, 
2.04542178780019, 1.93544758156407, 1.94880696663519, 2.0319908738383, 
1.92303159233243, 1.95174382046326, 1.99539039090443, 0.0803918880032527, 
