tmp <-
structure(c(15, 15, 15, 15, 15, 15, 15, 15, 15, 15, 15, 15, 15, 
15, 15, 15, 15, 15, 15, 15, 15, 15, 15, 15, 15, 15, 15, 15, 15, 
15, 15, 15, 15, 15, 15, 15, 15, 15, 15, 15, 90, 90, 90, 90, 90, 
90, 90, 90, 90, 90, 90, 90, 90, 90, 90, 90, 90, 90, 90, 90, 90, 
90, 90, 90, 90, 90, 90, 90, 90, 90, 90, 90, 90, 90, 90, 90, 90, 
90, 90, 90, 90, 90, 90, 90, 90, 90, 90, 90, 90, 90, 90, 90, 90, 
90, 90, 90, 90, 90, 90, 90, 90, 90, 90, 90, 90, 90, 90, 90, 90, 
90, 90, 90, 90, 90, 90, 90, 90, 90, 90, 90, 0, 0, 0, 0, 0, 0, 
0, 0, 0, 0, 0, 0, 0, 0, 0, 0, 0, 0, 0, 0, 0, 0, 0, 0, 0, 0, 0, 
0, 0, 0, 0, 0, 0, 0, 0, 0, 0, 0, 0, 0, 360, 360, 360, 360, 360, 
360, 360, 360, 360, 360, 360, 360, 360, 360, 360, 360, 360, 360, 
360, 360, 360, 360, 360, 360, 360, 360, 360, 360, 360, 360, 360, 
360, 360, 360, 360, 360, 360, 360, 360, 360, 0.25, 0.25, 0.25, 
0.25, 0.25, 0.25, 0.25, 0.25, 0.25, 0.25, 0.25, 0.25, 0.25, 0.25, 
0.25, 0.25, 0.25, 0.25, 0.25, 0.25, 0.25, 0.25, 0.25, 0.25, 0.25, 
0.25, 0.25, 0.25, 0.25, 0.25, 0.25, 0.25, 0.25, 0.25, 0.25, 0.25, 
0.25, 0.25, 0.25, 0.25, 1, 1, 1, 1, 1, 1, 1, 1, 1, 1, 1, 1, 1, 
1, 1, 1, 1, 1, 1, 1, 1, 1, 1, 1, 1, 1, 1, 1, 1, 1, 1, 1, 1, 1, 
1, 1, 1, 1, 1, 1, 0, 0, 0, 0, 0, 0, 0, 0, 0, 0, 0, 0, 0, 0, 0, 
0, 0, 0, 0, 0, 0, 0, 0, 0, 0, 0, 0, 0, 0, 0, 0, 0, 0, 0, 0, 0, 
0, 0, 0, 0, 15, 15, 15, 15, 15, 15, 15, 15, 15, 15, 15, 15, 15, 
15, 15, 15, 15, 15, 15, 15, 15, 15, 15, 15, 15, 15, 15, 15, 15, 
15, 15, 15, 15, 15, 15, 15, 15, 15, 15, 15, 15, 15, 15, 15, 15, 
15, 15, 15, 15, 15, 15, 15, 15, 15, 15, 15, 15, 15, 15, 15, 15, 
15, 15, 15, 15, 15, 15, 15, 15, 15, 15, 15, 15, 15, 15, 15, 15, 
15, 15, 15, 15, 15, 15, 15, 15, 15, 15, 15, 15, 15, 15, 15, 15, 
15, 15, 15, 15, 15, 15, 15, 15, 15, 15, 15, 15, 15, 15, 15, 15, 
15, 15, 15, 15, 15, 15, 15, 15, 15, 15, 15, 0, 0, 0, 0, 0, 0, 
0, 0, 0, 0, 0, 0, 0, 0, 0, 0, 0, 0, 0, 0, 0, 0, 0, 0, 0, 0, 0, 
0, 0, 0, 0, 0, 0, 0, 0, 0, 0, 0, 0, 0, 15, 15, 15, 15, 15, 15, 
15, 15, 15, 15, 15, 15, 15, 15, 15, 15, 15, 15, 15, 15, 15, 15, 
15, 15, 15, 15, 15, 15, 15, 15, 15, 15, 15, 15, 15, 15, 15, 15, 
15, 15, 0.0611111111111111, 0.0611111111111111, 0.0611111111111111, 
0.0527777777777778, 0.0583333333333333, 0.0611111111111111, 0.0583333333333333, 
0.0611111111111111, 0.0611111111111111, 0.0583333333333333, 0.0555555555555556, 
0.0583333333333333, 0.0583333333333333, 0.0611111111111111, 0.0583333333333333, 
0.0555555555555556, 0.0555555555555556, 0.0611111111111111, 0.0583333333333333, 
0.0583333333333333, 0.0527777777777778, 0.0416666666666667, 0.05, 
0.0527777777777778, 0.0555555555555556, 0.05, 0.0472222222222222, 
0.0527777777777778, 0.0555555555555556, 0.0527777777777778, 0.05, 
0.0416666666666667, 0.0555555555555556, 0.05, 0.0555555555555556, 
0.0555555555555556, 0.0555555555555556, 0.0583333333333333, 0.0472222222222222, 
0.0527777777777778, 0.0722222222222222, 0.0722222222222222, 0.0722222222222222, 
0.075, 0.0805555555555556, 0.0777777777777778, 0.075, 0.075, 
0.0722222222222222, 0.0722222222222222, 0.0777777777777778, 0.075, 
0.075, 0.0777777777777778, 0.075, 0.0777777777777778, 0.075, 
0.075, 0.0777777777777778, 0.0777777777777778, 0.0805555555555556, 
0.0861111111111111, 0.0805555555555556, 0.075, 0.075, 0.0861111111111111, 
0.0805555555555556, 0.0833333333333333, 0.0833333333333333, 0.075, 
0.0777777777777778, 0.0833333333333333, 0.0777777777777778, 0.0805555555555556, 
0.0805555555555556, 0.0805555555555556, 0.0888888888888889, 0.0777777777777778, 
0.0805555555555556, 0.0777777777777778, 0.0666666666666667, 0.0666666666666667, 
0.0666666666666667, 0.0666666666666667, 0.0666666666666667, 0.0666666666666667, 
0.0666666666666667, 0.0666666666666667, 0.0666666666666667, 0.0666666666666667, 
0.0666666666666667, 0.0666666666666667, 0.0666666666666667, 0.0666666666666667, 
0.0666666666666667, 0.0666666666666667, 0.0666666666666667, 0.0666666666666667, 
0.0666666666666667, 0.0666666666666667, 0.0666666666666667, 0.0666666666666667, 
0.0666666666666667, 0.0666666666666667, 0.0666666666666667, 0.0666666666666667, 
0.0666666666666667, 0.0666666666666667, 0.0666666666666667, 0.0666666666666667, 
0.0666666666666667, 0.0666666666666667, 0.0666666666666667, 0.0666666666666667, 
0.0666666666666667, 0.0666666666666667, 0.0666666666666667, 0.0666666666666667, 
0.0666666666666667, 0.0666666666666667, 0.00363696483726654, 
0.00363696483726654, 0.00363696483726654, 0.0050351498176387, 
0.00584560312010168, 0.00432885401374433, 0.00481125224324688, 
0.00392837100659193, 0.00277777777777778, 0.00445435403187374, 
0.00680413817439772, 0.0052495065695726, 0.00545544725589981, 
0.00432885401374433, 0.00575054632785295, 0.00612192405577044, 
0.0050351498176387, 0.00392837100659193, 0.00492447366904399, 
0.0050351498176387, 0.00944911182523068, 0.0108093956126002, 
0.00846457500305617, 0.00704295212273764, 0.00481125224324688, 
0.00819999139673485, 0.00792658109342785, 0.00799581019032138, 
0.00764339693819771, 0.00612192405577044, 0.0077151674981046, 
0.0106034835046725, 0.00704295212273764, 0.00785674201318386, 
0.00799581019032138, 0.00778627653585261, 0.00846457500305617, 
0.00545544725589981, 0.00785674201318386, 0.00688466332257836, 
0.492897348160712, 0.485122358034964, 0.527574261196095, 0.473017652533376, 
0.485896033364928, 0.510224300016258, 0.444735664392929, 0.480870251268876, 
0.521435670017966, 0.485705423571176, 0.548885783089192, 0.546787274721754, 
0.508220864869986, 0.564566495875546, 0.500803898651838, 0.584603253141359, 
0.52536939822897, 0.541032680559464, 0.507914967485702, 0.550067632257245, 
0.46772861296049, 0.506685064851014, 0.530019542795409, 0.541366623065496, 
0.572047275974912, 0.573046609049491, 0.544857664494205, 0.514653195860372, 
0.570008769814436, 0.558026992297415, 0.577045515473359, 0.570139658042046, 
0.552390329564442, 0.503964314607792, 0.518776326698562, 0.576218303234392, 
0.561995448460837, 0.566104958423084, 0.565930343310226, 0.47099284387424, 
0.492897348160711, 0.485122358034965, 0.527574261196095, 0.473017652533376, 
0.485896033364928, 0.510224300016258, 0.444735664392929, 0.480870251268876, 
0.521435670017966, 0.485705423571176, 0.548885783089192, 0.546787274721754, 
0.508220864869986, 0.564566495875546, 0.500803898651838, 0.584603253141359, 
0.52536939822897, 0.541032680559464, 0.507914967485702, 0.550067632257245, 
0.46772861296049, 0.506685064851014, 0.530019542795409, 0.541366623065496, 
0.572047275974912, 0.57304660904949, 0.544857664494206, 0.514653195860372, 
0.570008769814436, 0.558026992297415, 0.577045515473359, 0.570139658042046, 
0.552390329564442, 0.503964314607792, 0.518776326698562, 0.576218303234392, 
0.561995448460837, 0.566104958423084, 0.565930343310226, 0.47099284387424, 
2.66505703564199, 2.69728109906756, 2.75822791635361, 2.61618611586464, 
2.65950253559138, 2.65304631856679, 2.51077392213457, 2.61168740123623, 
2.71333623898775, 2.63860872833976, 2.82743195649008, 2.81809649695496, 
2.67014179370744, 2.91182446440395, 2.7076260540815, 2.97023389647166, 
2.75671293023023, 2.8448330773468, 2.7573406545582, 2.80248394775152, 
2.56944159596683, 2.70828195369896, 2.73114038619189, 2.80392306650907, 
2.93217755485336, 2.82592732460281, 2.80576673081983, 2.76063248021807, 
3.04076039761853, 2.85095904014462, 2.87921233028123, 2.86458013996064, 
2.88034542713335, 2.70521330845544, 2.6791118267577, 2.95742819530554, 
2.91480109081108, 2.89573681918147, 2.89617421400711, 2.59849118993097, 
2.66505703564199, 2.69728109906756, 2.75822791635361, 2.61618611586464, 
2.65950253559138, 2.65304631856679, 2.51077392213457, 2.61168740123623, 
2.71333623898775, 2.63860872833976, 2.82743195649008, 2.81809649695496, 
2.67014179370744, 2.91182446440395, 2.7076260540815, 2.97023389647166, 
2.75671293023023, 2.8448330773468, 2.7573406545582, 2.80248394775152, 
2.56944159596683, 2.70828195369896, 2.73114038619189, 2.80392306650906, 
2.93217755485336, 2.82592732460281, 2.80576673081983, 2.76063248021807, 
