tmp <-
structure(c(3, 3, 3, 3, 3, 3, 3, 3, 3, 3, 3, 3, 3, 3, 3, 3, 3, 
3, 3, 3, 3, 3, 3, 3, 3, 3, 3, 3, 3, 3, 3, 3, 3, 3, 3, 3, 3, 3, 
3, 3, 5, 5, 5, 5, 5, 5, 5, 5, 5, 5, 5, 5, 5, 5, 5, 5, 5, 5, 5, 
5, 5, 5, 5, 5, 5, 5, 5, 5, 5, 5, 5, 5, 5, 5, 5, 5, 5, 5, 5, 5, 
5, 5, 5, 5, 5, 5, 5, 5, 5, 5, 5, 5, 5, 5, 5, 5, 5, 5, 5, 5, 5, 
5, 5, 5, 5, 5, 5, 5, 5, 5, 5, 5, 5, 5, 5, 5, 5, 5, 5, 5, 0, 0, 
0, 0, 0, 0, 0, 0, 0, 0, 0, 0, 0, 0, 0, 0, 0, 0, 0, 0, 0, 0, 0, 
0, 0, 0, 0, 0, 0, 0, 0, 0, 0, 0, 0, 0, 0, 0, 0, 0, 215, 215, 
215, 215, 215, 215, 215, 215, 215, 215, 215, 215, 215, 215, 215, 
215, 215, 215, 215, 215, 215, 215, 215, 215, 215, 215, 215, 215, 
215, 215, 215, 215, 215, 215, 215, 215, 215, 215, 215, 215, 0.0232558139534884, 
0.0232558139534884, 0.0232558139534884, 0.0232558139534884, 0.0232558139534884, 
0.0232558139534884, 0.0232558139534884, 0.0232558139534884, 0.0232558139534884, 
0.0232558139534884, 0.0232558139534884, 0.0232558139534884, 0.0232558139534884, 
0.0232558139534884, 0.0232558139534884, 0.0232558139534884, 0.0232558139534884, 
0.0232558139534884, 0.0232558139534884, 0.0232558139534884, 0.0232558139534884, 
0.0232558139534884, 0.0232558139534884, 0.0232558139534884, 0.0232558139534884, 
0.0232558139534884, 0.0232558139534884, 0.0232558139534884, 0.0232558139534884, 
0.0232558139534884, 0.0232558139534884, 0.0232558139534884, 0.0232558139534884, 
0.0232558139534884, 0.0232558139534884, 0.0232558139534884, 0.0232558139534884, 
0.0232558139534884, 0.0232558139534884, 0.0232558139534884, 1, 
1, 1, 1, 1, 1, 1, 1, 1, 1, 1, 1, 1, 1, 1, 1, 1, 1, 1, 1, 1, 1, 
1, 1, 1, 1, 1, 1, 1, 1, 1, 1, 1, 1, 1, 1, 1, 1, 1, 1, 0, 0, 0, 
0, 0, 0, 0, 0, 0, 0, 0, 0, 0, 0, 0, 0, 0, 0, 0, 0, 0, 0, 0, 0, 
0, 0, 0, 0, 0, 0, 0, 0, 0, 0, 0, 0, 0, 0, 0, 0, 3, 3, 3, 3, 3, 
3, 3, 3, 3, 3, 3, 3, 3, 3, 3, 3, 3, 3, 3, 3, 3, 3, 3, 3, 3, 3, 
3, 3, 3, 3, 3, 3, 3, 3, 3, 3, 3, 3, 3, 3, 3, 3, 3, 3, 3, 3, 3, 
3, 3, 3, 3, 3, 3, 3, 3, 3, 3, 3, 3, 3, 3, 3, 3, 3, 3, 3, 3, 3, 
3, 3, 3, 3, 3, 3, 3, 3, 3, 3, 3, 3, 3, 3, 3, 3, 3, 3, 3, 3, 3, 
3, 3, 3, 3, 3, 3, 3, 3, 3, 3, 3, 3, 3, 3, 3, 3, 3, 3, 3, 3, 3, 
3, 3, 3, 3, 3, 3, 3, 3, 3, 3, 0, 0, 0, 0, 0, 0, 0, 0, 0, 0, 0, 
0, 0, 0, 0, 0, 0, 0, 0, 0, 0, 0, 0, 0, 0, 0, 0, 0, 0, 0, 0, 0, 
0, 0, 0, 0, 0, 0, 0, 0, 3, 3, 3, 3, 3, 3, 3, 3, 3, 3, 3, 3, 3, 
3, 3, 3, 3, 3, 3, 3, 3, 3, 3, 3, 3, 3, 3, 3, 3, 3, 3, 3, 3, 3, 
3, 3, 3, 3, 3, 3, 0.158139534883721, 0.153488372093023, 0.144186046511628, 
0.162790697674419, 0.134883720930233, 0.125581395348837, 0.134883720930233, 
0.162790697674419, 0.162790697674419, 0.153488372093023, 0.172093023255814, 
0.153488372093023, 0.167441860465116, 0.186046511627907, 0.181395348837209, 
0.158139534883721, 0.172093023255814, 0.13953488372093, 0.167441860465116, 
0.167441860465116, 0.172093023255814, 0.176744186046512, 0.181395348837209, 
0.190697674418605, 0.176744186046512, 0.167441860465116, 0.162790697674419, 
0.176744186046512, 0.195348837209302, 0.162790697674419, 0.162790697674419, 
0.186046511627907, 0.186046511627907, 0.186046511627907, 0.190697674418605, 
0.144186046511628, 0.190697674418605, 0.213953488372093, 0.190697674418605, 
0.2, 0.67906976744186, 0.669767441860465, 0.669767441860465, 
0.66046511627907, 0.67906976744186, 0.674418604651163, 0.674418604651163, 
0.669767441860465, 0.651162790697674, 0.67906976744186, 0.655813953488372, 
0.632558139534884, 0.637209302325581, 0.623255813953488, 0.623255813953488, 
0.665116279069767, 0.632558139534884, 0.655813953488372, 0.655813953488372, 
0.665116279069767, 0.604651162790698, 0.613953488372093, 0.609302325581395, 
0.604651162790698, 0.623255813953488, 0.641860465116279, 0.627906976744186, 
0.613953488372093, 0.595348837209302, 0.646511627906977, 0.590697674418605, 
0.590697674418605, 0.581395348837209, 0.609302325581395, 0.590697674418605, 
0.586046511627907, 0.590697674418605, 0.572093023255814, 0.595348837209302, 
0.562790697674419, 0.333333333333333, 0.333333333333333, 0.333333333333333, 
0.333333333333333, 0.333333333333333, 0.333333333333333, 0.333333333333333, 
0.333333333333333, 0.333333333333333, 0.333333333333333, 0.333333333333333, 
0.333333333333333, 0.333333333333333, 0.333333333333333, 0.333333333333333, 
0.333333333333333, 0.333333333333333, 0.333333333333333, 0.333333333333333, 
0.333333333333333, 0.333333333333333, 0.333333333333333, 0.333333333333333, 
0.333333333333333, 0.333333333333333, 0.333333333333333, 0.333333333333333, 
0.333333333333333, 0.333333333333333, 0.333333333333333, 0.333333333333333, 
0.333333333333333, 0.333333333333333, 0.333333333333333, 0.333333333333333, 
0.333333333333333, 0.333333333333333, 0.333333333333333, 0.333333333333333, 
0.333333333333333, 0.299425566262112, 0.291592421465295, 0.292111291582972, 
0.283390327145052, 0.300507352972525, 0.297722864274856, 0.296703844065877, 
0.291369765700151, 0.275493885952199, 0.299497806940214, 0.279276409282424, 
0.260893888499572, 0.263533969795136, 0.251091003234952, 0.251177145728161, 
0.287483000492867, 0.259397034881716, 0.281167823962232, 0.279315137608024, 
0.287332459550186, 0.236356576435023, 0.243568802749811, 0.239403139807226, 
0.235071687779556, 0.25134934214628, 0.267445230851698, 0.256166071966795, 
0.243568802749811, 0.227019312312788, 0.271579054755318, 0.226780955078779, 
0.223659196304514, 0.216083098678548, 0.239177124267833, 0.223320404093406, 
0.227685385076093, 0.223320404093406, 0.206771956872564, 0.227209818062938, 
0.199584930750438, 1.29640521792812, 1.26943276236015, 1.80625053287863, 
1.1014218639278, 1.43868351912895, 1.20011286032284, 2.01056605031343, 
2.05799576146046, 0.842031735547422, 2.1408495671883, 1.62601582157197, 
1.70332682588229, 2.72976916293611, 1.4659368208868, 1.69060972001162, 
2.02800428229931, 1.51982282898665, 1.75761889772509, 2.90030865943498, 
2.62899444492466, 1.59032096394438, 2.03149317657854, 1.90540067306136, 
1.75154288671765, 2.18816821480261, 1.85114471157545, 2.99810563729394, 
2.13614333983191, 1.64239106900061, 2.88203942230803, 2.33237790984864, 
2.29119890331711, 1.74464857591514, 2.11730933258256, 2.60626305221209, 
2.59860227552779, 2.21908814968311, 1.87107841834386, 2.08360146688993, 
1.96209357201646, 1.29640521792812, 1.26943276236016, 1.80625053287863, 
1.1014218639278, 1.43868351912895, 1.20011286032284, 2.01056605031343, 
2.05799576146046, 0.842031735547422, 2.1408495671883, 1.62601582157197, 
1.70332682588229, 2.72976916293611, 1.4659368208868, 1.69060972001162, 
2.02800428229931, 1.51982282898665, 1.75761889772509, 2.90030865943498, 
2.62899444492466, 1.59032096394438, 2.03149317657854, 1.90540067306136, 
1.75154288671765, 2.1881682148026, 1.85114471157545, 2.99810563729394, 
2.13614333983191, 1.64239106900061, 2.88203942230803, 2.33237790984864, 
2.29119890331711, 1.74464857591514, 2.11730933258256, 2.60626305221209, 
2.59860227552779, 2.21908814968311, 1.87107841834386, 2.08360146688993, 
1.96209357201646, 6.88014064750287, 8.45745084908721, 9.57031961929977, 
5.54616953098888, 9.91578112265054, 6.71884571048053, 15.2735112985156, 
17.2737945514482, 4.15494523357844, 13.3647158199785, 9.74530384483772, 
10.7166831978019, 22.2115343383646, 8.54839340813427, 10.1544987010584, 
15.5697187055068, 11.1710618675785, 10.0487894750933, 20.4419986728363, 
18.3730450120533, 8.77069017940074, 12.2649900053279, 12.1956948985485, 
12.4538107045027, 13.3352142212038, 11.8120106001853, 24.2186139352091, 
15.251580035475, 9.56927646863685, 22.6006841479237, 14.0661844527156, 
13.8998096263857, 9.24205216693964, 15.317144738897, 16.4280059113845, 
16.7733674090745, 13.7831235843944, 11.7096089792636, 13.4954285287561, 
12.9495168672673, 6.88014064750288, 8.45745084908721, 9.57031961929977, 
5.54616953098888, 9.91578112265054, 6.71884571048053, 15.2735112985156, 
17.2737945514482, 4.15494523357844, 13.3647158199785, 9.74530384483772, 
10.7166831978019, 22.2115343383646, 8.54839340813427, 10.1544987010584, 
15.5697187055068, 11.1710618675785, 10.0487894750933, 20.4419986728363, 
