tmp <-
structure(c(5, 5, 5, 5, 5, 5, 5, 5, 5, 5, 5, 5, 5, 5, 5, 5, 5, 
5, 5, 5, 5, 5, 5, 5, 5, 5, 5, 5, 5, 5, 5, 5, 5, 5, 5, 5, 5, 5, 
5, 5, 10, 10, 10, 10, 10, 10, 10, 10, 10, 10, 10, 10, 10, 10, 
10, 10, 10, 10, 10, 10, 10, 10, 10, 10, 10, 10, 10, 10, 10, 10, 
10, 10, 10, 10, 10, 10, 10, 10, 10, 10, 10, 10, 10, 10, 10, 10, 
10, 10, 10, 10, 10, 10, 10, 10, 10, 10, 10, 10, 10, 10, 10, 10, 
10, 10, 10, 10, 10, 10, 10, 10, 10, 10, 10, 10, 10, 10, 10, 10, 
10, 10, 0, 0, 0, 0, 0, 0, 0, 0, 0, 0, 0, 0, 0, 0, 0, 0, 0, 0, 
0, 0, 0, 0, 0, 0, 0, 0, 0, 0, 0, 0, 0, 0, 0, 0, 0, 0, 0, 0, 0, 
0, 5473, 5473, 5473, 5473, 5473, 5473, 5473, 5473, 5473, 5473, 
5473, 5473, 5473, 5473, 5473, 5473, 5473, 5473, 5473, 5473, 5473, 
5473, 5473, 5473, 5473, 5473, 5473, 5473, 5473, 5473, 5473, 5473, 
5473, 5473, 5473, 5473, 5473, 5473, 5473, 5473, 0.00182715147085693, 
0.00182715147085693, 0.00182715147085693, 0.00182715147085693, 
0.00182715147085693, 0.00182715147085693, 0.00182715147085693, 
0.00182715147085693, 0.00182715147085693, 0.00182715147085693, 
0.00182715147085693, 0.00182715147085693, 0.00182715147085693, 
0.00182715147085693, 0.00182715147085693, 0.00182715147085693, 
0.00182715147085693, 0.00182715147085693, 0.00182715147085693, 
0.00182715147085693, 0.00182715147085693, 0.00182715147085693, 
0.00182715147085693, 0.00182715147085693, 0.00182715147085693, 
0.00182715147085693, 0.00182715147085693, 0.00182715147085693, 
0.00182715147085693, 0.00182715147085693, 0.00182715147085693, 
0.00182715147085693, 0.00182715147085693, 0.00182715147085693, 
0.00182715147085693, 0.00182715147085693, 0.00182715147085693, 
0.00182715147085693, 0.00182715147085693, 0.00182715147085693, 
1, 1, 1, 1, 1, 1, 1, 1, 1, 1, 1, 1, 1, 1, 1, 1, 1, 1, 1, 1, 1, 
1, 1, 1, 1, 1, 1, 1, 1, 1, 1, 1, 1, 1, 1, 1, 1, 1, 1, 1, 0, 0, 
0, 0, 0, 0, 0, 0, 0, 0, 0, 0, 0, 0, 0, 0, 0, 0, 0, 0, 0, 0, 0, 
0, 0, 0, 0, 0, 0, 0, 0, 0, 0, 0, 0, 0, 0, 0, 0, 0, 5, 5, 5, 5, 
5, 5, 5, 5, 5, 5, 5, 5, 5, 5, 5, 5, 5, 5, 5, 5, 5, 5, 5, 5, 5, 
5, 5, 5, 5, 5, 5, 5, 5, 5, 5, 5, 5, 5, 5, 5, 5, 5, 5, 5, 5, 5, 
5, 5, 5, 5, 5, 5, 5, 5, 5, 5, 5, 5, 5, 5, 5, 5, 5, 5, 5, 5, 5, 
5, 5, 5, 5, 5, 5, 5, 5, 5, 5, 5, 5, 5, 5, 5, 5, 5, 5, 5, 5, 5, 
5, 5, 5, 5, 5, 5, 5, 5, 5, 5, 5, 5, 5, 5, 5, 5, 5, 5, 5, 5, 5, 
5, 5, 5, 5, 5, 5, 5, 5, 5, 5, 5, 0, 0, 0, 0, 0, 0, 0, 0, 0, 0, 
0, 0, 0, 0, 0, 0, 0, 0, 0, 0, 0, 0, 0, 0, 0, 0, 0, 0, 0, 0, 0, 
0, 0, 0, 0, 0, 0, 0, 0, 0, 5, 5, 5, 5, 5, 5, 5, 5, 5, 5, 5, 5, 
5, 5, 5, 5, 5, 5, 5, 5, 5, 5, 5, 5, 5, 5, 5, 5, 5, 5, 5, 5, 5, 
5, 5, 5, 5, 5, 5, 5, 0.0193678055910835, 0.0153480723551982, 
0.0146172117668555, 0.0158962177964553, 0.0149826420610269, 0.0180887995614836, 
0.0166270783847981, 0.0188196601498264, 0.017906084414398, 0.0190023752969121, 
0.0294171386807966, 0.0294171386807966, 0.0264936963274255, 0.0286862780924539, 
0.0303307144162251, 0.0305134295633108, 0.0272245569157683, 0.0279554175041111, 
0.0305134295633108, 0.0308788598574822, 0.0394664717705098, 0.0405627626530239, 
0.0427553444180523, 0.0409281929471953, 0.0401973323588525, 0.0422071989767952, 
0.0412936232413667, 0.0427553444180523, 0.0418417686826238, 0.0403800475059382, 
0.0533528229490225, 0.0495158048602229, 0.0586515622145076, 0.0557281198611365, 
0.0537182532431939, 0.0520738169194226, 0.0495158048602229, 0.052439247213594, 
0.0486022291247944, 0.056641695596565, 0.854193312625617, 0.853097021743103, 
0.853827882331445, 0.854924173213959, 0.854376027772702, 0.852183446007674, 
0.854924173213959, 0.854558742919788, 0.853279736890188, 0.854376027772702, 
0.80906267129545, 0.809610816736707, 0.812351543942993, 0.812168828795907, 
0.81034167732505, 0.809793531883793, 0.811255253060479, 0.808879956148365, 
0.809245386442536, 0.809428101589622, 0.765028320847798, 0.76539375114197, 
0.764297460259456, 0.769961629819112, 0.766855472318655, 0.770692490407455, 
0.765759181436141, 0.763932029965284, 0.766490042024484, 0.768499908642426, 
0.721176685547232, 0.72081125525306, 0.72081125525306, 0.726109994518546, 
0.72464827334186, 0.720080394664718, 0.724830988488946, 0.721176685547232, 
0.721907546135575, 0.72336926731226, 0.2, 0.2, 0.2, 0.2, 0.2, 
0.2, 0.2, 0.2, 0.2, 0.2, 0.2, 0.2, 0.2, 0.2, 0.2, 0.2, 0.2, 0.2, 
0.2, 0.2, 0.2, 0.2, 0.2, 0.2, 0.2, 0.2, 0.2, 0.2, 0.2, 0.2, 0.2, 
0.2, 0.2, 0.2, 0.2, 0.2, 0.2, 0.2, 0.2, 0.2, 0.366156108176354, 
0.365637722053768, 0.36607239859924, 0.366628075369546, 0.366402384202145, 
0.365071118936771, 0.366664133002613, 0.36644673183988, 0.365677004240845, 
0.366272020723347, 0.34092900032412, 0.34126251016513, 0.342849298982917, 
0.342770635598109, 0.341634052041087, 0.341466859340367, 0.342298348808595, 
0.340826336975951, 0.341095184285549, 0.341105558919357, 0.316374287242278, 
0.316624225721301, 0.315818483222883, 0.319152125439755, 0.317422506519391, 
0.319355490714426, 0.31664415323428, 0.315773130847724, 0.317215086778952, 
0.318172148163678, 0.291806975945917, 0.291741956799356, 0.291417101707843, 
0.29447930495496, 0.293624793361212, 0.291099281381633, 0.293850910318461, 
0.291879043595406, 0.292271414281369, 0.292895760362182, 4.34294442329476, 
4.2149724281931, 4.39987660057443, 5.12763624508698, 4.81024372243161, 
4.08794915681738, 4.09074125199352, 4.08125406081891, 4.15651786622436, 
4.40721940420509, 4.76857340412397, 6.13319028432191, 5.25385004666678, 
4.8900741428521, 4.96647321408753, 5.64576540169685, 6.1846988719214, 
5.4608657767008, 5.01177274783225, 4.77711064963335, 5.92836860286769, 
4.942474409685, 4.92854204584427, 5.72312262456115, 5.03886494110866, 
5.64930453319721, 4.79288863544368, 5.16189886605476, 6.85054636179338, 
5.23417571180883, 5.33801172834742, 6.46199606484862, 5.05520853603996, 
6.94290744951038, 6.21671175429411, 6.24758095472698, 6.42565780774303, 
5.67588212460991, 6.11969006500353, 5.51644156079832, 4.34294442329476, 
4.2149724281931, 4.39987660057443, 5.12763624508698, 4.81024372243161, 
4.08794915681738, 4.09074125199352, 4.08125406081891, 4.15651786622436, 
4.40721940420509, 4.76857340412397, 6.13319028432191, 5.25385004666678, 
4.8900741428521, 4.96647321408753, 5.64576540169685, 6.1846988719214, 
5.4608657767008, 5.01177274783225, 4.77711064963335, 5.92836860286769, 
4.942474409685, 4.92854204584427, 5.72312262456115, 5.03886494110866, 
5.64930453319721, 4.79288863544368, 5.16189886605476, 6.85054636179338, 
5.23417571180883, 5.33801172834742, 6.46199606484862, 5.05520853603996, 
6.94290744951038, 6.21671175429411, 6.24758095472698, 6.42565780774303, 
5.67588212460991, 6.11969006500353, 5.51644156079832, 42.2615914330399, 
40.6609070618682, 44.2518422396376, 93.1388009174165, 50.2383216574749, 
37.198809564326, 38.234085927586, 38.3211764242497, 40.6946935641026, 
45.7558559376817, 48.4056115882126, 140.028777041686, 58.5519703483882, 
50.347962341438, 56.9035873271009, 80.0711940370138, 130.553618526864, 
64.1158688167643, 56.3657340577705, 52.2801963713222, 125.665671918149, 
59.0170075320738, 50.4286821931083, 67.9497582636557, 54.2036499420859, 
78.1898114489961, 49.7592836152657, 53.9451517750267, 174.578099283136, 
59.0916307001406, 60.6167266615781, 113.37276790887, 54.6250178618059, 
180.835758594689, 82.4522239140737, 122.134089094177, 122.355391704134, 
90.5342276851888, 77.9425247172345, 66.6750731626188, 42.2615914330399, 
40.6609070618682, 44.2518422396376, 93.1388009174165, 50.2383216574749, 
37.198809564326, 38.234085927586, 38.3211764242497, 40.6946935641026, 
45.7558559376817, 48.4056115882126, 140.028777041686, 58.5519703483882, 
50.347962341438, 56.9035873271009, 80.0711940370138, 130.553618526865, 
64.1158688167643, 56.3657340577705, 52.2801963713222, 125.665671918149, 
59.0170075320738, 50.4286821931083, 67.9497582636557, 54.2036499420859, 
78.1898114489961, 49.7592836152657, 53.9451517750267, 174.578099283136, 
59.0916307001406, 60.6167266615781, 113.37276790887, 54.6250178618059, 
180.835758594689, 82.4522239140737, 122.134089094177, 122.355391704134, 
90.5342276851888, 77.9425247172345, 66.6750731626188, 0.381725091043323, 
