tmp <-
structure(c(2, 2, 2, 2, 2, 2, 2, 2, 2, 2, 2, 2, 2, 2, 2, 2, 2, 
2, 2, 2, 2, 2, 2, 2, 2, 2, 2, 2, 2, 2, 2, 2, 2, 2, 2, 2, 2, 2, 
2, 2, 22, 22, 22, 22, 22, 22, 22, 22, 22, 22, 22, 22, 22, 22, 
22, 22, 22, 22, 22, 22, 22, 22, 22, 22, 22, 22, 22, 22, 22, 22, 
22, 22, 22, 22, 22, 22, 22, 22, 22, 22, 22, 22, 22, 22, 22, 22, 
22, 22, 22, 22, 22, 22, 22, 22, 22, 22, 22, 22, 22, 22, 22, 22, 
22, 22, 22, 22, 22, 22, 22, 22, 22, 22, 22, 22, 22, 22, 22, 22, 
22, 22, 0, 0, 0, 0, 0, 0, 0, 0, 0, 0, 0, 0, 0, 0, 0, 0, 0, 0, 
0, 0, 0, 0, 0, 0, 0, 0, 0, 0, 0, 0, 0, 0, 0, 0, 0, 0, 0, 0, 0, 
0, 195, 195, 195, 195, 195, 195, 195, 195, 195, 195, 195, 195, 
195, 195, 195, 195, 195, 195, 195, 195, 195, 195, 195, 195, 195, 
195, 195, 195, 195, 195, 195, 195, 195, 195, 195, 195, 195, 195, 
195, 195, 0.112820512820513, 0.112820512820513, 0.112820512820513, 
0.112820512820513, 0.112820512820513, 0.112820512820513, 0.112820512820513, 
0.112820512820513, 0.112820512820513, 0.112820512820513, 0.112820512820513, 
0.112820512820513, 0.112820512820513, 0.112820512820513, 0.112820512820513, 
0.112820512820513, 0.112820512820513, 0.112820512820513, 0.112820512820513, 
0.112820512820513, 0.112820512820513, 0.112820512820513, 0.112820512820513, 
0.112820512820513, 0.112820512820513, 0.112820512820513, 0.112820512820513, 
0.112820512820513, 0.112820512820513, 0.112820512820513, 0.112820512820513, 
0.112820512820513, 0.112820512820513, 0.112820512820513, 0.112820512820513, 
0.112820512820513, 0.112820512820513, 0.112820512820513, 0.112820512820513, 
0.112820512820513, 1, 1, 1, 1, 1, 1, 1, 1, 1, 1, 1, 1, 1, 1, 
1, 1, 1, 1, 1, 1, 1, 1, 1, 1, 1, 1, 1, 1, 1, 1, 1, 1, 1, 1, 1, 
1, 1, 1, 1, 1, 0, 0, 0, 0, 0, 0, 0, 0, 0, 0, 0, 0, 0, 0, 0, 0, 
0, 0, 0, 0, 0, 0, 0, 0, 0, 0, 0, 0, 0, 0, 0, 0, 0, 0, 0, 0, 0, 
0, 0, 0, 2, 2, 2, 2, 2, 2, 2, 2, 2, 2, 2, 2, 2, 2, 2, 2, 2, 2, 
2, 2, 2, 2, 2, 2, 2, 2, 2, 2, 2, 2, 2, 2, 2, 2, 2, 2, 2, 2, 2, 
2, 2, 2, 2, 2, 2, 2, 2, 2, 2, 2, 2, 2, 2, 2, 2, 2, 2, 2, 2, 2, 
2, 2, 2, 2, 2, 2, 2, 2, 2, 2, 2, 2, 2, 2, 2, 2, 2, 2, 2, 2, 2, 
2, 2, 2, 2, 2, 2, 2, 2, 2, 2, 2, 2, 2, 2, 2, 2, 2, 2, 2, 2, 2, 
2, 2, 2, 2, 2, 2, 2, 2, 2, 2, 2, 2, 2, 2, 2, 2, 2, 2, 0, 0, 0, 
0, 0, 0, 0, 0, 0, 0, 0, 0, 0, 0, 0, 0, 0, 0, 0, 0, 0, 0, 0, 0, 
0, 0, 0, 0, 0, 0, 0, 0, 0, 0, 0, 0, 0, 0, 0, 0, 2, 2, 2, 2, 2, 
2, 2, 2, 2, 2, 2, 2, 2, 2, 2, 2, 2, 2, 2, 2, 2, 2, 2, 2, 2, 2, 
2, 2, 2, 2, 2, 2, 2, 2, 2, 2, 2, 2, 2, 2, 0.251282051282051, 
0.282051282051282, 0.261538461538462, 0.271794871794872, 0.261538461538462, 
0.271794871794872, 0.261538461538462, 0.292307692307692, 0.271794871794872, 
0.292307692307692, 0.302564102564103, 0.292307692307692, 0.282051282051282, 
0.292307692307692, 0.302564102564103, 0.302564102564103, 0.292307692307692, 
0.312820512820513, 0.282051282051282, 0.312820512820513, 0.333333333333333, 
0.302564102564103, 0.312820512820513, 0.282051282051282, 0.292307692307692, 
0.312820512820513, 0.343589743589744, 0.364102564102564, 0.323076923076923, 
0.353846153846154, 0.343589743589744, 0.333333333333333, 0.343589743589744, 
0.374358974358974, 0.364102564102564, 0.353846153846154, 0.333333333333333, 
0.343589743589744, 0.353846153846154, 0.323076923076923, 0.748717948717949, 
0.717948717948718, 0.738461538461539, 0.728205128205128, 0.738461538461539, 
0.728205128205128, 0.738461538461539, 0.707692307692308, 0.728205128205128, 
0.707692307692308, 0.697435897435897, 0.707692307692308, 0.717948717948718, 
0.707692307692308, 0.697435897435897, 0.697435897435897, 0.707692307692308, 
0.687179487179487, 0.717948717948718, 0.687179487179487, 0.666666666666667, 
0.697435897435897, 0.687179487179487, 0.717948717948718, 0.707692307692308, 
0.687179487179487, 0.656410256410256, 0.635897435897436, 0.676923076923077, 
0.646153846153846, 0.656410256410256, 0.666666666666667, 0.656410256410256, 
0.625641025641026, 0.635897435897436, 0.646153846153846, 0.666666666666667, 
0.656410256410256, 0.646153846153846, 0.676923076923077, 0.5, 
0.5, 0.5, 0.5, 0.5, 0.5, 0.5, 0.5, 0.5, 0.5, 0.5, 0.5, 0.5, 0.5, 
0.5, 0.5, 0.5, 0.5, 0.5, 0.5, 0.5, 0.5, 0.5, 0.5, 0.5, 0.5, 0.5, 
0.5, 0.5, 0.5, 0.5, 0.5, 0.5, 0.5, 0.5, 0.5, 0.5, 0.5, 0.5, 0.5, 
0.351740296282539, 0.308226032824905, 0.337235541796661, 0.322730787310783, 
0.337235541796661, 0.322730787310783, 0.337235541796661, 0.293721278339027, 
0.322730787310783, 0.293721278339027, 0.279216523853149, 0.293721278339027, 
0.308226032824905, 0.293721278339027, 0.279216523853149, 0.279216523853149, 
0.293721278339027, 0.264711769367272, 0.308226032824905, 0.264711769367272, 
0.235702260395516, 0.279216523853149, 0.264711769367272, 0.308226032824905, 
0.293721278339027, 0.264711769367272, 0.221197505909638, 0.192187996937882, 
0.250207014881394, 0.20669275142376, 0.221197505909638, 0.235702260395516, 
0.221197505909638, 0.177683242452004, 0.192187996937882, 0.20669275142376, 
0.235702260395516, 0.221197505909638, 0.20669275142376, 0.250207014881394, 
1.4609331943533, 2.1180364903479, 1.66876043081966, 1.50366886405726, 
1.50672044678213, 1.58591806003673, 1.4244948531372, 2.01484216274835, 
2.07032337997085, 1.53056734295131, 1.59450683412644, 1.58887943660413, 
1.44921509769825, 1.84512001183493, 1.78753598308699, 1.90572570488852, 
1.87208100266215, 1.64046186591831, 1.66053993317781, 1.53353539685792, 
1.90485533113396, 1.98732988278926, 1.83604380532774, 1.56834363480295, 
1.62801633840194, 1.46351895860927, 1.36533973854543, 1.4908033343465, 
1.84207581435619, 1.95589090627285, 1.91365556853919, 1.49906630095449, 
1.47081240882269, 1.91611134823925, 1.59631036680043, 1.43220800122676, 
1.53557443819679, 1.71942601091208, 1.31015856952823, 1.42881441853333, 
1.4609331943533, 2.1180364903479, 1.66876043081966, 1.50366886405726, 
1.50672044678213, 1.58591806003673, 1.4244948531372, 2.01484216274835, 
2.07032337997085, 1.53056734295131, 1.59450683412644, 1.58887943660413, 
1.44921509769825, 1.84512001183493, 1.78753598308699, 1.90572570488852, 
1.87208100266215, 1.64046186591831, 1.66053993317781, 1.53353539685792, 
1.90485533113396, 1.98732988278926, 1.83604380532774, 1.56834363480295, 
1.62801633840194, 1.46351895860927, 1.36533973854543, 1.4908033343465, 
1.84207581435619, 1.95589090627285, 1.91365556853919, 1.49906630095449, 
1.47081240882269, 1.91611134823925, 1.59631036680043, 1.43220800122676, 
1.53557443819679, 1.71942601091208, 1.31015856952823, 1.42881441853333, 
6.43007158788005, 11.4203904727057, 7.44265221777506, 6.36547655299268, 
6.88919381495365, 6.98215495800152, 6.3677563393728, 10.2562579229835, 
10.7659447951139, 6.96778311671276, 7.30016063573138, 7.00367843934976, 
6.19227705087614, 9.07629258546963, 8.42908534171756, 9.32004500845463, 
9.02628154225233, 7.412820058438, 7.6724384630454, 6.78860539078426, 
9.95467741451379, 10.2790791750744, 9.06471430159721, 6.75596501770131, 
7.2023507323473, 6.40877511860214, 5.8710758923626, 6.62628655161784, 
8.82067778773765, 10.4866659171408, 9.43620665432493, 6.42869020288976, 
6.38042457656466, 10.3560159418098, 7.11210628571843, 6.21741264156342, 
6.52469234885487, 7.94744941235313, 5.68758639916531, 6.14693440013348, 
6.43007158788005, 11.4203904727057, 7.44265221777506, 6.36547655299268, 
6.88919381495365, 6.98215495800152, 6.3677563393728, 10.2562579229835, 
10.7659447951139, 6.96778311671276, 7.30016063573138, 7.00367843934976, 
6.19227705087614, 9.07629258546963, 8.42908534171756, 9.32004500845463, 
9.02628154225233, 7.412820058438, 7.6724384630454, 6.78860539078426, 
9.95467741451379, 10.2790791750744, 9.06471430159721, 6.75596501770131, 
7.2023507323473, 6.40877511860214, 5.8710758923626, 6.62628655161784, 
8.82067778773765, 10.4866659171408, 9.43620665432493, 6.42869020288976, 
6.38042457656466, 10.3560159418098, 7.11210628571843, 6.21741264156342, 
6.52469234885487, 7.94744941235313, 5.68758639916531, 6.14693440013348, 
0.472959572760663, 0.508061519742364, 0.512139371684376, 0.497330622255645, 
0.455647634151591, 0.468954830055618, 0.470276566742857, 0.501725111338058, 
