tmp <-
structure(c(2, 2, 2, 2, 2, 2, 2, 2, 2, 2, 2, 2, 2, 2, 2, 2, 2, 
2, 2, 2, 2, 2, 2, 2, 2, 2, 2, 2, 2, 2, 2, 2, 2, 2, 2, 2, 2, 2, 
2, 2, 5, 5, 5, 5, 5, 5, 5, 5, 5, 5, 5, 5, 5, 5, 5, 5, 5, 5, 5, 
5, 5, 5, 5, 5, 5, 5, 5, 5, 5, 5, 5, 5, 5, 5, 5, 5, 5, 5, 5, 5, 
5, 5, 5, 5, 5, 5, 5, 5, 5, 5, 5, 5, 5, 5, 5, 5, 5, 5, 5, 5, 5, 
5, 5, 5, 5, 5, 5, 5, 5, 5, 5, 5, 5, 5, 5, 5, 5, 5, 5, 5, 0, 0, 
0, 0, 0, 0, 0, 0, 0, 0, 0, 0, 0, 0, 0, 0, 0, 0, 0, 0, 0, 0, 0, 
0, 0, 0, 0, 0, 0, 0, 0, 0, 0, 0, 0, 0, 0, 0, 0, 0, 5404, 5404, 
5404, 5404, 5404, 5404, 5404, 5404, 5404, 5404, 5404, 5404, 5404, 
5404, 5404, 5404, 5404, 5404, 5404, 5404, 5404, 5404, 5404, 5404, 
5404, 5404, 5404, 5404, 5404, 5404, 5404, 5404, 5404, 5404, 5404, 
5404, 5404, 5404, 5404, 5404, 0.000925240562546262, 0.000925240562546262, 
0.000925240562546262, 0.000925240562546262, 0.000925240562546262, 
0.000925240562546262, 0.000925240562546262, 0.000925240562546262, 
0.000925240562546262, 0.000925240562546262, 0.000925240562546262, 
0.000925240562546262, 0.000925240562546262, 0.000925240562546262, 
0.000925240562546262, 0.000925240562546262, 0.000925240562546262, 
0.000925240562546262, 0.000925240562546262, 0.000925240562546262, 
0.000925240562546262, 0.000925240562546262, 0.000925240562546262, 
0.000925240562546262, 0.000925240562546262, 0.000925240562546262, 
0.000925240562546262, 0.000925240562546262, 0.000925240562546262, 
0.000925240562546262, 0.000925240562546262, 0.000925240562546262, 
0.000925240562546262, 0.000925240562546262, 0.000925240562546262, 
0.000925240562546262, 0.000925240562546262, 0.000925240562546262, 
0.000925240562546262, 0.000925240562546262, 1, 1, 1, 1, 1, 1, 
1, 1, 1, 1, 1, 1, 1, 1, 1, 1, 1, 1, 1, 1, 1, 1, 1, 1, 1, 1, 1, 
1, 1, 1, 1, 1, 1, 1, 1, 1, 1, 1, 1, 1, 0, 0, 0, 0, 0, 0, 0, 0, 
0, 0, 0, 0, 0, 0, 0, 0, 0, 0, 0, 0, 0, 0, 0, 0, 0, 0, 0, 0, 0, 
0, 0, 0, 0, 0, 0, 0, 0, 0, 0, 0, 2, 2, 2, 2, 2, 2, 2, 2, 2, 2, 
2, 2, 2, 2, 2, 2, 2, 2, 2, 2, 2, 2, 2, 2, 2, 2, 2, 2, 2, 2, 2, 
2, 2, 2, 2, 2, 2, 2, 2, 2, 2, 2, 2, 2, 2, 2, 2, 2, 2, 2, 2, 2, 
2, 2, 2, 2, 2, 2, 2, 2, 2, 2, 2, 2, 2, 2, 2, 2, 2, 2, 2, 2, 2, 
2, 2, 2, 2, 2, 2, 2, 2, 2, 2, 2, 2, 2, 2, 2, 2, 2, 2, 2, 2, 2, 
2, 2, 2, 2, 2, 2, 2, 2, 2, 2, 2, 2, 2, 2, 2, 2, 2, 2, 2, 2, 2, 
2, 2, 2, 2, 2, 0, 0, 0, 0, 0, 0, 0, 0, 0, 0, 0, 0, 0, 0, 0, 0, 
0, 0, 0, 0, 0, 0, 0, 0, 0, 0, 0, 0, 0, 0, 0, 0, 0, 0, 0, 0, 0, 
0, 0, 0, 2, 2, 2, 2, 2, 2, 2, 2, 2, 2, 2, 2, 2, 2, 2, 2, 2, 2, 
2, 2, 2, 2, 2, 2, 2, 2, 2, 2, 2, 2, 2, 2, 2, 2, 2, 2, 2, 2, 2, 
2, 0.314211695040711, 0.309030347890452, 0.310880829015544, 0.313101406365655, 
0.314951887490748, 0.317912657290896, 0.314211695040711, 0.313471502590674, 
0.314581791265729, 0.313101406365655, 0.333086602516654, 0.335307179866765, 
0.336047372316802, 0.337527757216876, 0.332346410066617, 0.331976313841599, 
0.339378238341969, 0.334566987416728, 0.337527757216876, 0.336047372316802, 
0.361954108068098, 0.353441894892672, 0.356772760917839, 0.352701702442635, 
0.355662472242783, 0.35640266469282, 0.351961509992598, 0.351221317542561, 
0.347890451517395, 0.350481125092524, 0.378978534418949, 0.368985936343449, 
0.378978534418949, 0.37379718726869, 0.367505551443375, 0.371576609918579, 
0.367875647668394, 0.376387860843819, 0.372686898593634, 0.380088823094004, 
0.685788304959289, 0.690969652109549, 0.689119170984456, 0.686898593634345, 
0.685048112509252, 0.682087342709104, 0.685788304959289, 0.686528497409326, 
0.685418208734271, 0.686898593634345, 0.666913397483346, 0.664692820133235, 
0.663952627683198, 0.662472242783124, 0.667653589933383, 0.668023686158401, 
0.660621761658031, 0.665433012583272, 0.662472242783124, 0.663952627683198, 
0.638045891931902, 0.646558105107328, 0.643227239082161, 0.647298297557365, 
0.644337527757217, 0.64359733530718, 0.648038490007402, 0.648778682457439, 
0.652109548482605, 0.649518874907476, 0.621021465581051, 0.631014063656551, 
0.621021465581051, 0.62620281273131, 0.632494448556625, 0.628423390081421, 
0.632124352331606, 0.623612139156181, 0.627313101406366, 0.619911176905996, 
0.5, 0.5, 0.5, 0.5, 0.5, 0.5, 0.5, 0.5, 0.5, 0.5, 0.5, 0.5, 0.5, 
0.5, 0.5, 0.5, 0.5, 0.5, 0.5, 0.5, 0.5, 0.5, 0.5, 0.5, 0.5, 0.5, 
0.5, 0.5, 0.5, 0.5, 0.5, 0.5, 0.5, 0.5, 0.5, 0.5, 0.5, 0.5, 0.5, 
0.5, 0.262744340603736, 0.270071872014995, 0.267454896510974, 
0.264314525906148, 0.261697550402127, 0.257510389595693, 0.262744340603736, 
0.263791130805344, 0.262220945502931, 0.264314525906148, 0.236051190462719, 
0.232910819857893, 0.231864029656285, 0.229770449253068, 0.237097980664327, 
0.237621375765131, 0.227153473749046, 0.233957610059502, 0.229770449253068, 
0.231864029656285, 0.195226372599987, 0.207264459918485, 0.202553904011246, 
0.208311250120093, 0.204124089313659, 0.203077299112051, 0.209358040321702, 
0.21040483052331, 0.215115386430549, 0.211451620724919, 0.171150197962991, 
0.185281865684706, 0.171150197962991, 0.178477729374251, 0.187375446087923, 
0.181618099979076, 0.186852050987119, 0.174813963668621, 0.180047914676663, 
0.169580012660578, 0.926251287292097, 0.931744612513402, 0.933577642926875, 
0.93272142313783, 0.926550382446893, 0.930363028280207, 0.941892633143871, 
0.926470570979453, 0.914912540892682, 0.936496621024399, 0.888495358804527, 
0.883998068581629, 0.888746574779077, 0.906870628827026, 0.884979788762853, 
0.895966568518015, 0.898537993931257, 0.907110114581964, 0.897650692489995, 
0.907038496434499, 0.859290800787213, 0.8389193895882, 0.84858350998281, 
0.855713529065246, 0.856283983667906, 0.842838263192534, 0.847308972909798, 
0.866689107095369, 0.839095212045591, 0.845472863749045, 0.810499892658137, 
0.809700133107963, 0.813623854666824, 0.819695963955975, 0.822024178244134, 
0.813542575201505, 0.82429302404955, 0.823188502041201, 0.817858509817041, 
0.826925542198195, 0.926251287292097, 0.931744612513402, 0.933577642926875, 
0.93272142313783, 0.926550382446893, 0.930363028280207, 0.941892633143871, 
0.926470570979453, 0.914912540892682, 0.936496621024399, 0.888495358804527, 
0.883998068581629, 0.888746574779077, 0.906870628827026, 0.884979788762854, 
0.895966568518015, 0.898537993931257, 0.907110114581964, 0.897650692489995, 
0.907038496434499, 0.859290800787213, 0.838919389588201, 0.84858350998281, 
0.855713529065246, 0.856283983667906, 0.842838263192534, 0.847308972909798, 
0.866689107095369, 0.839095212045591, 0.845472863749046, 0.810499892658136, 
0.809700133107963, 0.813623854666824, 0.819695963955975, 0.822024178244134, 
0.813542575201505, 0.82429302404955, 0.823188502041201, 0.817858509817041, 
0.826925542198195, 4.3700955071476, 4.39214802625715, 4.39952117825688, 
4.3741908462283, 4.33095221016363, 4.40392628544127, 4.45459063321923, 
4.33325661566724, 4.24073958589312, 4.42264307596284, 4.138861031709, 
4.06141155280067, 4.03253491525433, 4.22085854933687, 4.04486249767348, 
4.04623174033808, 4.08762920709538, 4.15729953253929, 4.14882113672231, 
4.18741873226597, 3.84266539360661, 3.81648639270015, 3.83743295301156, 
3.85992284401511, 3.8910151555779, 3.80972239632873, 3.84465297247188, 
3.90300899258018, 3.75253785302774, 3.82382306459935, 3.69763138648784, 
3.60557075248872, 3.67922471077253, 3.68391341068955, 3.71326689291333, 
3.63430419905622, 3.67447193906397, 3.69674179224787, 3.66975494933854, 
3.73397562316009, 4.3700955071476, 4.39214802625715, 4.39952117825688, 
4.3741908462283, 4.33095221016363, 4.40392628544127, 4.45459063321923, 
4.33325661566724, 4.24073958589312, 4.42264307596284, 4.138861031709, 
4.06141155280067, 4.03253491525433, 4.22085854933687, 4.04486249767348, 
4.04623174033808, 4.08762920709538, 4.15729953253929, 4.14882113672231, 
4.18741873226597, 3.84266539360661, 3.81648639270015, 3.83743295301156, 
3.85992284401511, 3.8910151555779, 3.80972239632873, 3.84465297247188, 
3.90300899258018, 3.75253785302774, 3.82382306459935, 3.69763138648784, 
3.60557075248872, 3.67922471077253, 3.68391341068955, 3.71326689291333, 
3.63430419905622, 3.67447193906397, 3.69674179224787, 3.66975494933854, 
