tmp <-
structure(c(2, 2, 2, 2, 2, 2, 2, 2, 2, 2, 2, 2, 2, 2, 2, 2, 2, 
2, 2, 2, 2, 2, 2, 2, 2, 2, 2, 2, 2, 2, 2, 2, 2, 2, 2, 2, 2, 2, 
2, 2, 8, 8, 8, 8, 8, 8, 8, 8, 8, 8, 8, 8, 8, 8, 8, 8, 8, 8, 8, 
8, 8, 8, 8, 8, 8, 8, 8, 8, 8, 8, 8, 8, 8, 8, 8, 8, 8, 8, 8, 8, 
8, 8, 8, 8, 8, 8, 8, 8, 8, 8, 8, 8, 8, 8, 8, 8, 8, 8, 8, 8, 8, 
8, 8, 8, 8, 8, 8, 8, 8, 8, 8, 8, 8, 8, 8, 8, 8, 8, 8, 8, 0, 0, 
0, 0, 0, 0, 0, 0, 0, 0, 0, 0, 0, 0, 0, 0, 0, 0, 0, 0, 0, 0, 0, 
0, 0, 0, 0, 0, 0, 0, 0, 0, 0, 0, 0, 0, 0, 0, 0, 0, 768, 768, 
768, 768, 768, 768, 768, 768, 768, 768, 768, 768, 768, 768, 768, 
768, 768, 768, 768, 768, 768, 768, 768, 768, 768, 768, 768, 768, 
768, 768, 768, 768, 768, 768, 768, 768, 768, 768, 768, 768, 0.0104166666666667, 
0.0104166666666667, 0.0104166666666667, 0.0104166666666667, 0.0104166666666667, 
0.0104166666666667, 0.0104166666666667, 0.0104166666666667, 0.0104166666666667, 
0.0104166666666667, 0.0104166666666667, 0.0104166666666667, 0.0104166666666667, 
0.0104166666666667, 0.0104166666666667, 0.0104166666666667, 0.0104166666666667, 
0.0104166666666667, 0.0104166666666667, 0.0104166666666667, 0.0104166666666667, 
0.0104166666666667, 0.0104166666666667, 0.0104166666666667, 0.0104166666666667, 
0.0104166666666667, 0.0104166666666667, 0.0104166666666667, 0.0104166666666667, 
0.0104166666666667, 0.0104166666666667, 0.0104166666666667, 0.0104166666666667, 
0.0104166666666667, 0.0104166666666667, 0.0104166666666667, 0.0104166666666667, 
0.0104166666666667, 0.0104166666666667, 0.0104166666666667, 1, 
1, 1, 1, 1, 1, 1, 1, 1, 1, 1, 1, 1, 1, 1, 1, 1, 1, 1, 1, 1, 1, 
1, 1, 1, 1, 1, 1, 1, 1, 1, 1, 1, 1, 1, 1, 1, 1, 1, 1, 0, 0, 0, 
0, 0, 0, 0, 0, 0, 0, 0, 0, 0, 0, 0, 0, 0, 0, 0, 0, 0, 0, 0, 0, 
0, 0, 0, 0, 0, 0, 0, 0, 0, 0, 0, 0, 0, 0, 0, 0, 2, 2, 2, 2, 2, 
2, 2, 2, 2, 2, 2, 2, 2, 2, 2, 2, 2, 2, 2, 2, 2, 2, 2, 2, 2, 2, 
2, 2, 2, 2, 2, 2, 2, 2, 2, 2, 2, 2, 2, 2, 2, 2, 2, 2, 2, 2, 2, 
2, 2, 2, 2, 2, 2, 2, 2, 2, 2, 2, 2, 2, 2, 2, 2, 2, 2, 2, 2, 2, 
2, 2, 2, 2, 2, 2, 2, 2, 2, 2, 2, 2, 2, 2, 2, 2, 2, 2, 2, 2, 2, 
2, 2, 2, 2, 2, 2, 2, 2, 2, 2, 2, 2, 2, 2, 2, 2, 2, 2, 2, 2, 2, 
2, 2, 2, 2, 2, 2, 2, 2, 2, 2, 0, 0, 0, 0, 0, 0, 0, 0, 0, 0, 0, 
0, 0, 0, 0, 0, 0, 0, 0, 0, 0, 0, 0, 0, 0, 0, 0, 0, 0, 0, 0, 0, 
0, 0, 0, 0, 0, 0, 0, 0, 2, 2, 2, 2, 2, 2, 2, 2, 2, 2, 2, 2, 2, 
2, 2, 2, 2, 2, 2, 2, 2, 2, 2, 2, 2, 2, 2, 2, 2, 2, 2, 2, 2, 2, 
2, 2, 2, 2, 2, 2, 0.346354166666667, 0.369791666666667, 0.354166666666667, 
0.361979166666667, 0.361979166666667, 0.369791666666667, 0.3515625, 
0.3671875, 0.356770833333333, 0.364583333333333, 0.385416666666667, 
0.372395833333333, 0.372395833333333, 0.369791666666667, 0.380208333333333, 
0.3671875, 0.377604166666667, 0.380208333333333, 0.385416666666667, 
0.375, 0.391927083333333, 0.37890625, 0.39453125, 0.373697916666667, 
0.384114583333333, 0.376302083333333, 0.399739583333333, 0.381510416666667, 
0.407552083333333, 0.407552083333333, 0.399739583333333, 0.381510416666667, 
0.42578125, 0.384114583333333, 0.41796875, 0.430989583333333, 
0.423177083333333, 0.428385416666667, 0.420572916666667, 0.420572916666667, 
0.653645833333333, 0.630208333333333, 0.645833333333333, 0.638020833333333, 
0.638020833333333, 0.630208333333333, 0.6484375, 0.6328125, 0.643229166666667, 
0.635416666666667, 0.614583333333333, 0.627604166666667, 0.627604166666667, 
0.630208333333333, 0.619791666666667, 0.6328125, 0.622395833333333, 
0.619791666666667, 0.614583333333333, 0.625, 0.608072916666667, 
0.62109375, 0.60546875, 0.626302083333333, 0.615885416666667, 
0.623697916666667, 0.600260416666667, 0.618489583333333, 0.592447916666667, 
0.592447916666667, 0.600260416666667, 0.618489583333333, 0.57421875, 
0.615885416666667, 0.58203125, 0.569010416666667, 0.576822916666667, 
0.571614583333333, 0.579427083333333, 0.579427083333333, 0.5, 
0.5, 0.5, 0.5, 0.5, 0.5, 0.5, 0.5, 0.5, 0.5, 0.5, 0.5, 0.5, 0.5, 
0.5, 0.5, 0.5, 0.5, 0.5, 0.5, 0.5, 0.5, 0.5, 0.5, 0.5, 0.5, 0.5, 
0.5, 0.5, 0.5, 0.5, 0.5, 0.5, 0.5, 0.5, 0.5, 0.5, 0.5, 0.5, 0.5, 
0.217288021302116, 0.184142390933997, 0.206239477846076, 0.195190934390037, 
0.195190934390037, 0.184142390933997, 0.209922325664756, 0.187825238752677, 
0.202556630027396, 0.191508086571357, 0.162045304021917, 0.180459543115317, 
0.180459543115317, 0.184142390933997, 0.169410999659277, 0.187825238752677, 
0.173093847477957, 0.169410999659277, 0.162045304021917, 0.176776695296637, 
0.152838184475217, 0.171252423568617, 0.149155336656537, 0.178618119205977, 
0.163886727931257, 0.174935271387297, 0.141789641019177, 0.167569575749937, 
0.130741097563138, 0.130741097563138, 0.141789641019177, 0.167569575749937, 
0.104961162832378, 0.163886727931257, 0.116009706288418, 0.0975954671950183, 
0.108644010651058, 0.101278315013698, 0.112326858469738, 0.112326858469738, 
1.06521339925561, 1.08221499018409, 1.07553081775618, 1.11537063941307, 
1.09476109098441, 1.06802316008047, 1.06706169931994, 1.07307384700053, 
1.06019154835811, 1.07198396005365, 1.07319297626035, 1.08814897038221, 
1.07586773672539, 1.07993252662406, 1.0910898241542, 1.03780811893073, 
1.08441848381409, 1.07506879042414, 1.07263275024821, 1.07129813105653, 
1.05784914200622, 1.0829955577338, 1.10173540996023, 1.07643901742969, 
1.07126213752592, 1.07628847519697, 1.1133372824927, 1.1021119818775, 
1.07790679698535, 1.09573088157505, 1.07190482212175, 1.08530021571321, 
1.11077925444473, 1.07984013126298, 1.11495207159031, 1.13985494234651, 
1.08920618771646, 1.09103713587901, 1.085991740665, 1.08596108725355, 
1.06521339925561, 1.08221499018409, 1.07553081775618, 1.11537063941307, 
1.09476109098441, 1.06802316008047, 1.06706169931994, 1.07307384700053, 
1.06019154835811, 1.07198396005365, 1.07319297626035, 1.08814897038221, 
1.07586773672539, 1.07993252662406, 1.0910898241542, 1.03780811893073, 
1.08441848381409, 1.07506879042414, 1.07263275024821, 1.07129813105653, 
1.05784914200622, 1.0829955577338, 1.10173540996023, 1.07643901742969, 
1.07126213752592, 1.07628847519697, 1.1133372824927, 1.1021119818775, 
1.07790679698535, 1.09573088157504, 1.07190482212175, 1.08530021571321, 
1.11077925444473, 1.07984013126298, 1.11495207159031, 1.13985494234651, 
1.08920618771646, 1.09103713587901, 1.085991740665, 1.08596108725355, 
5.79889197364656, 5.8126153314138, 5.74873023121108, 5.7965531021346, 
5.73563127626661, 5.79255298708151, 5.81147650359393, 5.80629236939186, 
5.77606484549081, 5.69113222647503, 5.78036606725959, 5.79044144417043, 
5.69038316784084, 5.84580436721903, 5.77940869002696, 5.7423726547777, 
5.83044804490385, 5.92102252685884, 5.83247462622919, 5.84260019367673, 
5.56787439037088, 5.62676655002654, 5.7499815854459, 5.82064133694758, 
5.78127343084255, 5.68994210640058, 5.65292660553729, 5.72009316369963, 
5.69215823180694, 5.78206230346196, 5.70946067417569, 5.69654960110137, 
5.5851307518016, 5.80934579476465, 5.77008122467748, 5.85416946232246, 
5.74882477419191, 5.84536578291317, 5.70951442137214, 5.68241004829239, 
5.79889197364656, 5.8126153314138, 5.74873023121108, 5.7965531021346, 
5.73563127626661, 5.79255298708151, 5.81147650359393, 5.80629236939186, 
5.77606484549081, 5.69113222647503, 5.78036606725959, 5.79044144417043, 
5.69038316784084, 5.84580436721903, 5.77940869002697, 5.7423726547777, 
5.83044804490385, 5.92102252685884, 5.83247462622919, 5.84260019367673, 
5.56787439037088, 5.62676655002654, 5.7499815854459, 5.82064133694758, 
5.78127343084255, 5.68994210640058, 5.65292660553729, 5.72009316369963, 
5.69215823180694, 5.78206230346196, 5.70946067417569, 5.69654960110137, 
5.5851307518016, 5.80934579476465, 5.77008122467748, 5.85416946232246, 
5.74882477419191, 5.84536578291317, 5.70951442137214, 5.68241004829239, 
0.163387121046608, 0.161232113688428, 0.160896181908774, 0.160321306941234, 
0.161391357148564, 0.160245007432765, 0.161228927270922, 0.160948032990474, 
0.161385462767703, 0.161019403922342, 0.162304977164217, 0.165680863687897, 
0.160044271624965, 0.163907901116736, 0.170957351379979, 0.160829396678669, 
