tmp <-
structure(c(2, 2, 2, 2, 2, 2, 2, 2, 2, 2, 2, 2, 2, 2, 2, 2, 2, 
2, 2, 2, 2, 2, 2, 2, 2, 2, 2, 2, 2, 2, 2, 2, 2, 2, 2, 2, 2, 2, 
2, 2, 20, 20, 20, 20, 20, 20, 20, 20, 20, 20, 20, 20, 20, 20, 
20, 20, 20, 20, 20, 20, 20, 20, 20, 20, 20, 20, 20, 20, 20, 20, 
20, 20, 20, 20, 20, 20, 20, 20, 20, 20, 20, 20, 20, 20, 20, 20, 
20, 20, 20, 20, 20, 20, 20, 20, 20, 20, 20, 20, 20, 20, 20, 20, 
20, 20, 20, 20, 20, 20, 20, 20, 20, 20, 20, 20, 20, 20, 20, 20, 
20, 20, 0, 0, 0, 0, 0, 0, 0, 0, 0, 0, 0, 0, 0, 0, 0, 0, 0, 0, 
0, 0, 0, 0, 0, 0, 0, 0, 0, 0, 0, 0, 0, 0, 0, 0, 0, 0, 0, 0, 0, 
0, 7400, 7400, 7400, 7400, 7400, 7400, 7400, 7400, 7400, 7400, 
7400, 7400, 7400, 7400, 7400, 7400, 7400, 7400, 7400, 7400, 7400, 
7400, 7400, 7400, 7400, 7400, 7400, 7400, 7400, 7400, 7400, 7400, 
7400, 7400, 7400, 7400, 7400, 7400, 7400, 7400, 0.0027027027027027, 
0.0027027027027027, 0.0027027027027027, 0.0027027027027027, 0.0027027027027027, 
0.0027027027027027, 0.0027027027027027, 0.0027027027027027, 0.0027027027027027, 
0.0027027027027027, 0.0027027027027027, 0.0027027027027027, 0.0027027027027027, 
0.0027027027027027, 0.0027027027027027, 0.0027027027027027, 0.0027027027027027, 
0.0027027027027027, 0.0027027027027027, 0.0027027027027027, 0.0027027027027027, 
0.0027027027027027, 0.0027027027027027, 0.0027027027027027, 0.0027027027027027, 
0.0027027027027027, 0.0027027027027027, 0.0027027027027027, 0.0027027027027027, 
0.0027027027027027, 0.0027027027027027, 0.0027027027027027, 0.0027027027027027, 
0.0027027027027027, 0.0027027027027027, 0.0027027027027027, 0.0027027027027027, 
0.0027027027027027, 0.0027027027027027, 0.0027027027027027, 1, 
1, 1, 1, 1, 1, 1, 1, 1, 1, 1, 1, 1, 1, 1, 1, 1, 1, 1, 1, 1, 1, 
1, 1, 1, 1, 1, 1, 1, 1, 1, 1, 1, 1, 1, 1, 1, 1, 1, 1, 0, 0, 0, 
0, 0, 0, 0, 0, 0, 0, 0, 0, 0, 0, 0, 0, 0, 0, 0, 0, 0, 0, 0, 0, 
0, 0, 0, 0, 0, 0, 0, 0, 0, 0, 0, 0, 0, 0, 0, 0, 2, 2, 2, 2, 2, 
2, 2, 2, 2, 2, 2, 2, 2, 2, 2, 2, 2, 2, 2, 2, 2, 2, 2, 2, 2, 2, 
2, 2, 2, 2, 2, 2, 2, 2, 2, 2, 2, 2, 2, 2, 2, 2, 2, 2, 2, 2, 2, 
2, 2, 2, 2, 2, 2, 2, 2, 2, 2, 2, 2, 2, 2, 2, 2, 2, 2, 2, 2, 2, 
2, 2, 2, 2, 2, 2, 2, 2, 2, 2, 2, 2, 2, 2, 2, 2, 2, 2, 2, 2, 2, 
2, 2, 2, 2, 2, 2, 2, 2, 2, 2, 2, 2, 2, 2, 2, 2, 2, 2, 2, 2, 2, 
2, 2, 2, 2, 2, 2, 2, 2, 2, 2, 0, 0, 0, 0, 0, 0, 0, 0, 0, 0, 0, 
0, 0, 0, 0, 0, 0, 0, 0, 0, 0, 0, 0, 0, 0, 0, 0, 0, 0, 0, 0, 0, 
0, 0, 0, 0, 0, 0, 0, 0, 2, 2, 2, 2, 2, 2, 2, 2, 2, 2, 2, 2, 2, 
2, 2, 2, 2, 2, 2, 2, 2, 2, 2, 2, 2, 2, 2, 2, 2, 2, 2, 2, 2, 2, 
2, 2, 2, 2, 2, 2, 0.492162162162162, 0.497027027027027, 0.498108108108108, 
0.494054054054054, 0.494054054054054, 0.5, 0.492972972972973, 
0.492162162162162, 0.492702702702703, 0.494594594594595, 0.493783783783784, 
0.498918918918919, 0.49027027027027, 0.497837837837838, 0.491351351351351, 
0.493783783783784, 0.498108108108108, 0.497567567567568, 0.492432432432432, 
0.499459459459459, 0.499189189189189, 0.492432432432432, 0.494594594594595, 
0.49972972972973, 0.49027027027027, 0.49972972972973, 0.49972972972973, 
0.497027027027027, 0.497027027027027, 0.496756756756757, 0.494594594594595, 
0.497567567567568, 0.494594594594595, 0.497837837837838, 0.492162162162162, 
0.498108108108108, 0.498918918918919, 0.495945945945946, 0.498918918918919, 
0.5, 0.507837837837838, 0.502972972972973, 0.501891891891892, 
0.505945945945946, 0.505945945945946, 0.5, 0.507027027027027, 
0.507837837837838, 0.507297297297297, 0.505405405405405, 0.506216216216216, 
0.501081081081081, 0.50972972972973, 0.502162162162162, 0.508648648648649, 
0.506216216216216, 0.501891891891892, 0.502432432432432, 0.507567567567568, 
0.500540540540541, 0.500810810810811, 0.507567567567568, 0.505405405405405, 
0.50027027027027, 0.50972972972973, 0.50027027027027, 0.50027027027027, 
0.502972972972973, 0.502972972972973, 0.503243243243243, 0.505405405405405, 
0.502432432432432, 0.505405405405405, 0.502162162162162, 0.507837837837838, 
0.501891891891892, 0.501081081081081, 0.504054054054054, 0.501081081081081, 
0.5, 0.5, 0.5, 0.5, 0.5, 0.5, 0.5, 0.5, 0.5, 0.5, 0.5, 0.5, 0.5, 
0.5, 0.5, 0.5, 0.5, 0.5, 0.5, 0.5, 0.5, 0.5, 0.5, 0.5, 0.5, 0.5, 
0.5, 0.5, 0.5, 0.5, 0.5, 0.5, 0.5, 0.5, 0.5, 0.5, 0.5, 0.5, 0.5, 
0.5, 0.5, 0.0110843765699513, 0.00420441869894704, 0.00267553917205718, 
0.00840883739789411, 0.00840883739789411, 0, 0.00993771692478393, 
0.0110843765699513, 0.0103199368065064, 0.00764439763444912, 
0.00879105727961657, 0.00152887952688982, 0.0137599157420085, 
0.00305775905377963, 0.0122310362151187, 0.00879105727961657, 
0.00267553917205718, 0.00343997893550209, 0.0107021566882288, 
0.000764439763444908, 0.00114665964516736, 0.0107021566882288, 
0.00764439763444912, 0.000382219881722454, 0.0137599157420085, 
0.000382219881722454, 0.000382219881722454, 0.00420441869894704, 
0.00420441869894704, 0.00458663858066949, 0.00764439763444912, 
0.00343997893550209, 0.00764439763444912, 0.00305775905377963, 
0.0110843765699513, 0.00267553917205718, 0.00152887952688982, 
0.00573329822583685, 0.00152887952688982, 0, 0.0612849993449251, 
0.0593874452241509, 0.059731487120021, 0.0625496571621737, 0.0603121933717863, 
0.0499701443597822, 0.0544486971756573, 0.0511157152219768, 0.0619685076112857, 
0.0651597719716296, 0.0942717933178232, 0.0865437722523563, 0.103607895300356, 
0.104777498691974, 0.105269132981059, 0.123317802710888, 0.113869993815561, 
0.109686511981311, 0.117189303919107, 0.0959288362516746, 0.156050502370899, 
0.142068663703683, 0.139578579154051, 0.144960434893707, 0.152934250876662, 
0.141434809482424, 0.138650391624363, 0.135429330644637, 0.145220846320255, 
0.142465601102491, 0.159807897895524, 0.181237662793674, 0.185947292761588, 
0.179229180351243, 0.194793499421428, 0.175096170068981, 0.176574181493199, 
0.173556861794326, 0.174857065701246, 0.167264760912333, 0.061284999344925, 
0.0593874452241512, 0.0597314871200209, 0.0625496571621737, 0.0603121933717863, 
0.049970144359782, 0.0544486971756571, 0.0511157152219767, 0.0619685076112858, 
0.0651597719716298, 0.0942717933178234, 0.0865437722523561, 0.103607895300356, 
0.104777498691974, 0.105269132981059, 0.123317802710887, 0.113869993815561, 
0.109686511981311, 0.117189303919107, 0.0959288362516748, 0.156050502370899, 
0.142068663703683, 0.139578579154051, 0.144960434893707, 0.152934250876662, 
0.141434809482424, 0.138650391624363, 0.135429330644637, 0.145220846320255, 
0.142465601102491, 0.159807897895524, 0.181237662793674, 0.185947292761588, 
0.179229180351243, 0.194793499421428, 0.175096170068981, 0.176574181493199, 
0.173556861794326, 0.174857065701246, 0.167264760912333, 3.92602746805047, 
3.86830071096975, 3.9180998358722, 4.00098112288523, 3.95699375472224, 
3.83859665799603, 3.95495342600219, 3.91203392083186, 3.97726103161419, 
3.91891147915824, 4.16548116192175, 4.18195753355513, 4.27183266539904, 
4.16101845254016, 4.20156778273384, 4.254214006194, 4.26160798786864, 
4.21956232294531, 4.2904358733043, 4.22419249111467, 4.42308263279018, 
4.37789134605599, 4.4266167124964, 4.36718317820025, 4.36537464560839, 
4.41439348666792, 4.35082818731456, 4.34648081091898, 4.32813539204104, 
4.39581184652881, 4.42348595467296, 4.49008542322511, 4.51707375239083, 
4.52360833696793, 4.5072144159375, 4.44206783559965, 4.45345929845943, 
4.46895103109661, 4.44658044336722, 4.4594790614319, 3.92602746805047, 
3.86830071096975, 3.9180998358722, 4.00098112288523, 3.95699375472224, 
3.83859665799603, 3.95495342600219, 3.91203392083186, 3.97726103161419, 
3.91891147915824, 4.16548116192175, 4.18195753355513, 4.27183266539904, 
4.16101845254016, 4.20156778273384, 4.254214006194, 4.26160798786864, 
4.21956232294531, 4.2904358733043, 4.22419249111467, 4.42308263279018, 
4.37789134605599, 4.4266167124964, 4.36718317820025, 4.36537464560839, 
4.41439348666792, 4.35082818731456, 4.34648081091898, 4.32813539204104, 
4.39581184652881, 4.42348595467296, 4.49008542322511, 4.51707375239083, 
4.52360833696793, 4.5072144159375, 4.44206783559965, 4.45345929845943, 
