tmp <-
structure(c(2, 2, 2, 2, 2, 2, 2, 2, 2, 2, 2, 2, 2, 2, 2, 2, 2, 
2, 2, 2, 2, 2, 2, 2, 2, 2, 2, 2, 2, 2, 2, 2, 2, 2, 2, 2, 2, 2, 
2, 2, 9, 9, 9, 9, 9, 9, 9, 9, 9, 9, 9, 9, 9, 9, 9, 9, 9, 9, 9, 
9, 9, 9, 9, 9, 9, 9, 9, 9, 9, 9, 9, 9, 9, 9, 9, 9, 9, 9, 9, 9, 
8, 8, 8, 8, 8, 8, 8, 8, 8, 8, 8, 8, 8, 8, 8, 8, 8, 8, 8, 8, 8, 
8, 8, 8, 8, 8, 8, 8, 8, 8, 8, 8, 8, 8, 8, 8, 8, 8, 8, 8, 1, 1, 
1, 1, 1, 1, 1, 1, 1, 1, 1, 1, 1, 1, 1, 1, 1, 1, 1, 1, 1, 1, 1, 
1, 1, 1, 1, 1, 1, 1, 1, 1, 1, 1, 1, 1, 1, 1, 1, 1, 462, 462, 
462, 462, 462, 462, 462, 462, 462, 462, 462, 462, 462, 462, 462, 
462, 462, 462, 462, 462, 462, 462, 462, 462, 462, 462, 462, 462, 
462, 462, 462, 462, 462, 462, 462, 462, 462, 462, 462, 462, 0.0194805194805195, 
0.0194805194805195, 0.0194805194805195, 0.0194805194805195, 0.0194805194805195, 
0.0194805194805195, 0.0194805194805195, 0.0194805194805195, 0.0194805194805195, 
0.0194805194805195, 0.0194805194805195, 0.0194805194805195, 0.0194805194805195, 
0.0194805194805195, 0.0194805194805195, 0.0194805194805195, 0.0194805194805195, 
0.0194805194805195, 0.0194805194805195, 0.0194805194805195, 0.0194805194805195, 
0.0194805194805195, 0.0194805194805195, 0.0194805194805195, 0.0194805194805195, 
0.0194805194805195, 0.0194805194805195, 0.0194805194805195, 0.0194805194805195, 
0.0194805194805195, 0.0194805194805195, 0.0194805194805195, 0.0194805194805195, 
0.0194805194805195, 0.0194805194805195, 0.0194805194805195, 0.0194805194805195, 
0.0194805194805195, 0.0194805194805195, 0.0194805194805195, 0.888888888888889, 
0.888888888888889, 0.888888888888889, 0.888888888888889, 0.888888888888889, 
0.888888888888889, 0.888888888888889, 0.888888888888889, 0.888888888888889, 
0.888888888888889, 0.888888888888889, 0.888888888888889, 0.888888888888889, 
0.888888888888889, 0.888888888888889, 0.888888888888889, 0.888888888888889, 
0.888888888888889, 0.888888888888889, 0.888888888888889, 0.888888888888889, 
0.888888888888889, 0.888888888888889, 0.888888888888889, 0.888888888888889, 
0.888888888888889, 0.888888888888889, 0.888888888888889, 0.888888888888889, 
0.888888888888889, 0.888888888888889, 0.888888888888889, 0.888888888888889, 
0.888888888888889, 0.888888888888889, 0.888888888888889, 0.888888888888889, 
0.888888888888889, 0.888888888888889, 0.888888888888889, 0.111111111111111, 
0.111111111111111, 0.111111111111111, 0.111111111111111, 0.111111111111111, 
0.111111111111111, 0.111111111111111, 0.111111111111111, 0.111111111111111, 
0.111111111111111, 0.111111111111111, 0.111111111111111, 0.111111111111111, 
0.111111111111111, 0.111111111111111, 0.111111111111111, 0.111111111111111, 
0.111111111111111, 0.111111111111111, 0.111111111111111, 0.111111111111111, 
0.111111111111111, 0.111111111111111, 0.111111111111111, 0.111111111111111, 
0.111111111111111, 0.111111111111111, 0.111111111111111, 0.111111111111111, 
0.111111111111111, 0.111111111111111, 0.111111111111111, 0.111111111111111, 
0.111111111111111, 0.111111111111111, 0.111111111111111, 0.111111111111111, 
0.111111111111111, 0.111111111111111, 0.111111111111111, 2, 2, 
2, 2, 2, 2, 2, 2, 2, 2, 2, 2, 2, 2, 2, 2, 2, 2, 2, 2, 2, 2, 2, 
2, 2, 2, 2, 2, 2, 2, 2, 2, 2, 2, 2, 2, 2, 2, 2, 2, 2, 2, 2, 2, 
2, 2, 2, 2, 2, 2, 2, 2, 2, 2, 2, 2, 2, 2, 2, 2, 2, 2, 2, 2, 2, 
2, 2, 2, 2, 2, 2, 2, 2, 2, 2, 2, 2, 2, 2, 2, 2, 2, 2, 2, 2, 2, 
2, 2, 2, 2, 2, 2, 2, 2, 2, 2, 2, 2, 2, 2, 2, 2, 2, 2, 2, 2, 2, 
2, 2, 2, 2, 2, 2, 2, 2, 2, 2, 2, 2, 2, 0, 0, 0, 0, 0, 0, 0, 0, 
0, 0, 0, 0, 0, 0, 0, 0, 0, 0, 0, 0, 0, 0, 0, 0, 0, 0, 0, 0, 0, 
0, 0, 0, 0, 0, 0, 0, 0, 0, 0, 0, 4, 4, 4, 4, 4, 4, 4, 4, 4, 4, 
4, 4, 4, 4, 4, 4, 4, 4, 4, 4, 4, 4, 4, 4, 4, 4, 4, 4, 4, 4, 4, 
4, 4, 4, 4, 4, 4, 4, 4, 4, 0.361471861471861, 0.37012987012987, 
0.37012987012987, 0.374458874458874, 0.374458874458874, 0.365800865800866, 
0.348484848484849, 0.374458874458874, 0.365800865800866, 0.357142857142857, 
0.363636363636364, 0.385281385281385, 0.380952380952381, 0.367965367965368, 
0.350649350649351, 0.38961038961039, 0.350649350649351, 0.380952380952381, 
0.393939393939394, 0.372294372294372, 0.352813852813853, 0.361471861471861, 
0.4004329004329, 0.404761904761905, 0.413419913419913, 0.374458874458874, 
0.413419913419913, 0.396103896103896, 0.409090909090909, 0.4004329004329, 
0.411255411255411, 0.428571428571429, 0.398268398268398, 0.411255411255411, 
0.424242424242424, 0.437229437229437, 0.402597402597403, 0.424242424242424, 
0.393939393939394, 0.398268398268398, 0.638528138528139, 0.62987012987013, 
0.62987012987013, 0.625541125541126, 0.625541125541126, 0.634199134199134, 
0.651515151515151, 0.625541125541126, 0.634199134199134, 0.642857142857143, 
0.636363636363636, 0.614718614718615, 0.619047619047619, 0.632034632034632, 
0.649350649350649, 0.61038961038961, 0.649350649350649, 0.619047619047619, 
0.606060606060606, 0.627705627705628, 0.647186147186147, 0.638528138528139, 
0.5995670995671, 0.595238095238095, 0.586580086580087, 0.625541125541126, 
0.586580086580087, 0.603896103896104, 0.590909090909091, 0.5995670995671, 
0.588744588744589, 0.571428571428571, 0.601731601731602, 0.588744588744589, 
0.575757575757576, 0.562770562770563, 0.597402597402597, 0.575757575757576, 
0.606060606060606, 0.601731601731602, 0.5, 0.5, 0.5, 0.5, 0.5, 
0.5, 0.5, 0.5, 0.5, 0.5, 0.5, 0.5, 0.5, 0.5, 0.5, 0.5, 0.5, 0.5, 
0.5, 0.5, 0.5, 0.5, 0.5, 0.5, 0.5, 0.5, 0.5, 0.5, 0.5, 0.5, 0.5, 
0.5, 0.5, 0.5, 0.5, 0.5, 0.5, 0.5, 0.5, 0.5, 0.195908372276792, 
0.183664099009493, 0.183664099009493, 0.177541962375843, 0.177541962375843, 
0.189786235643143, 0.214274782177742, 0.177541962375843, 0.189786235643143, 
0.202030508910442, 0.192847303959967, 0.162236620791719, 0.168358757425368, 
0.186725167326318, 0.211213713860917, 0.156114484158069, 0.211213713860917, 
0.168358757425368, 0.149992347524419, 0.180603030692668, 0.208152645544092, 
0.195908372276792, 0.140809142573945, 0.134687005940295, 0.122442732672995, 
0.177541962375843, 0.122442732672995, 0.146931279207594, 0.128564869306645, 
0.140809142573945, 0.12550380098982, 0.101015254455221, 0.143870210890769, 
0.12550380098982, 0.107137391088871, 0.0887709811879216, 0.13774807425712, 
0.107137391088871, 0.149992347524419, 0.143870210890769, 1.05685791857069, 
1.06478546183771, 1.03669652079937, 1.07837025724175, 1.04288278207942, 
1.08292157835394, 1.0487960746549, 1.05482167197504, 1.04166651146991, 
1.05689284458869, 1.04473081408716, 1.06085000369981, 1.00445650022608, 
1.07169874666394, 1.08289511150067, 1.06273033710531, 1.06694062087135, 
1.05115363538934, 1.08096700270486, 1.04989740524769, 1.07667175727642, 
1.0298431655749, 1.05516463271138, 1.07742098208261, 1.07036751962734, 
1.04034183119485, 1.08923871600924, 1.08002554523974, 1.06549575457479, 
1.0536118538186, 1.05667266423214, 1.06996133581634, 1.05944543904337, 
1.04569370180959, 1.03171364449869, 1.08358431227803, 1.03902480203606, 
1.09151006569843, 1.07864727608353, 1.06933335951719, 0.999952270648995, 
1.00042375715261, 0.977710394240075, 1.01490021226065, 0.983355789894137, 
1.0186624812046, 0.987878411171691, 0.996229450510545, 0.986558961912988, 
1.00691147007448, 0.990379954568042, 0.98544086397027, 0.939465102411606, 
1.01216793802842, 1.01479970703018, 0.998251457885253, 0.996080460185637, 
0.974446883992222, 1.00591725589501, 0.9794851883326, 1.00818916342783, 
0.95791072362615, 0.971586564897924, 1.00225978932138, 0.985880549671946, 
0.956104803695329, 1.00220096417457, 0.997681751849917, 0.991901467112445, 
0.972321964552918, 0.980977467441753, 0.985439070086234, 0.976323770310434, 
0.973352519092705, 0.951527811682174, 1.01294119020147, 0.956313018022557, 
1.01699684960025, 0.993145586691646, 1.00673483465016, 5.03040346660632, 
5.07490721311041, 4.99094928516855, 5.12697488962303, 5.01140992750086, 
5.3420542376167, 5.01347810326157, 5.10144387710541, 5.04435954580614, 
5.06420575310174, 4.99245874727059, 5.03910338750675, 4.71713492337806, 
5.10131846357088, 5.31002344880253, 5.04414293539755, 5.0606217318211, 
