tmp <-
structure(c(7, 7, 7, 7, 7, 7, 7, 7, 7, 7, 7, 7, 7, 7, 7, 7, 7, 
7, 7, 7, 7, 7, 7, 7, 7, 7, 7, 7, 7, 7, 7, 7, 7, 7, 7, 7, 7, 7, 
7, 7, 18, 18, 18, 18, 18, 18, 18, 18, 18, 18, 18, 18, 18, 18, 
18, 18, 18, 18, 18, 18, 18, 18, 18, 18, 18, 18, 18, 18, 18, 18, 
18, 18, 18, 18, 18, 18, 18, 18, 18, 18, 18, 18, 18, 18, 18, 18, 
18, 18, 18, 18, 18, 18, 18, 18, 18, 18, 18, 18, 18, 18, 18, 18, 
18, 18, 18, 18, 18, 18, 18, 18, 18, 18, 18, 18, 18, 18, 18, 18, 
18, 18, 0, 0, 0, 0, 0, 0, 0, 0, 0, 0, 0, 0, 0, 0, 0, 0, 0, 0, 
0, 0, 0, 0, 0, 0, 0, 0, 0, 0, 0, 0, 0, 0, 0, 0, 0, 0, 0, 0, 0, 
0, 2310, 2310, 2310, 2310, 2310, 2310, 2310, 2310, 2310, 2310, 
2310, 2310, 2310, 2310, 2310, 2310, 2310, 2310, 2310, 2310, 2310, 
2310, 2310, 2310, 2310, 2310, 2310, 2310, 2310, 2310, 2310, 2310, 
2310, 2310, 2310, 2310, 2310, 2310, 2310, 2310, 0.00779220779220779, 
0.00779220779220779, 0.00779220779220779, 0.00779220779220779, 
0.00779220779220779, 0.00779220779220779, 0.00779220779220779, 
0.00779220779220779, 0.00779220779220779, 0.00779220779220779, 
0.00779220779220779, 0.00779220779220779, 0.00779220779220779, 
0.00779220779220779, 0.00779220779220779, 0.00779220779220779, 
0.00779220779220779, 0.00779220779220779, 0.00779220779220779, 
0.00779220779220779, 0.00779220779220779, 0.00779220779220779, 
0.00779220779220779, 0.00779220779220779, 0.00779220779220779, 
0.00779220779220779, 0.00779220779220779, 0.00779220779220779, 
0.00779220779220779, 0.00779220779220779, 0.00779220779220779, 
0.00779220779220779, 0.00779220779220779, 0.00779220779220779, 
0.00779220779220779, 0.00779220779220779, 0.00779220779220779, 
0.00779220779220779, 0.00779220779220779, 0.00779220779220779, 
1, 1, 1, 1, 1, 1, 1, 1, 1, 1, 1, 1, 1, 1, 1, 1, 1, 1, 1, 1, 1, 
1, 1, 1, 1, 1, 1, 1, 1, 1, 1, 1, 1, 1, 1, 1, 1, 1, 1, 1, 0, 0, 
0, 0, 0, 0, 0, 0, 0, 0, 0, 0, 0, 0, 0, 0, 0, 0, 0, 0, 0, 0, 0, 
0, 0, 0, 0, 0, 0, 0, 0, 0, 0, 0, 0, 0, 0, 0, 0, 0, 7, 7, 7, 7, 
7, 7, 7, 7, 7, 7, 7, 7, 7, 7, 7, 7, 7, 7, 7, 7, 7, 7, 7, 7, 7, 
7, 7, 7, 7, 7, 7, 7, 7, 7, 7, 7, 7, 7, 7, 7, 7, 7, 7, 7, 7, 7, 
7, 7, 7, 7, 7, 7, 7, 7, 7, 7, 7, 7, 7, 7, 7, 7, 7, 7, 7, 7, 7, 
7, 7, 7, 7, 7, 7, 7, 7, 7, 7, 7, 7, 7, 7, 7, 7, 7, 7, 7, 7, 7, 
7, 7, 7, 7, 7, 7, 7, 7, 7, 7, 7, 7, 7, 7, 7, 7, 7, 7, 7, 7, 7, 
7, 7, 7, 7, 7, 7, 7, 7, 7, 7, 7, 0, 0, 0, 0, 0, 0, 0, 0, 0, 0, 
0, 0, 0, 0, 0, 0, 0, 0, 0, 0, 0, 0, 0, 0, 0, 0, 0, 0, 0, 0, 0, 
0, 0, 0, 0, 0, 0, 0, 0, 0, 7, 7, 7, 7, 7, 7, 7, 7, 7, 7, 7, 7, 
7, 7, 7, 7, 7, 7, 7, 7, 7, 7, 7, 7, 7, 7, 7, 7, 7, 7, 7, 7, 7, 
7, 7, 7, 7, 7, 7, 7, 0.141125541125541, 0.138961038961039, 0.138961038961039, 
0.138961038961039, 0.138961038961039, 0.140692640692641, 0.137662337662338, 
0.138961038961039, 0.141558441558442, 0.138961038961039, 0.137229437229437, 
0.137229437229437, 0.138961038961039, 0.138528138528139, 0.141125541125541, 
0.138528138528139, 0.135930735930736, 0.135064935064935, 0.138095238095238, 
0.138095238095238, 0.133333333333333, 0.132467532467532, 0.138961038961039, 
0.138528138528139, 0.136796536796537, 0.136796536796537, 0.137662337662338, 
0.138528138528139, 0.137662337662338, 0.138528138528139, 0.131601731601732, 
0.137229437229437, 0.136796536796537, 0.133333333333333, 0.132467532467532, 
0.135497835497836, 0.136363636363636, 0.136363636363636, 0.135497835497836, 
0.136796536796537, 0.144588744588745, 0.145021645021645, 0.148917748917749, 
0.146320346320346, 0.148917748917749, 0.147186147186147, 0.147186147186147, 
0.145887445887446, 0.144155844155844, 0.146320346320346, 0.148917748917749, 
0.148484848484848, 0.147186147186147, 0.14978354978355, 0.145887445887446, 
0.147186147186147, 0.148917748917749, 0.147619047619048, 0.151082251082251, 
0.146320346320346, 0.151082251082251, 0.15021645021645, 0.14978354978355, 
0.147186147186147, 0.151082251082251, 0.150649350649351, 0.146753246753247, 
0.151082251082251, 0.147619047619048, 0.145454545454545, 0.155411255411255, 
0.148051948051948, 0.149350649350649, 0.147619047619048, 0.14978354978355, 
0.151515151515152, 0.152813852813853, 0.15021645021645, 0.147186147186147, 
0.148484848484848, 0.142857142857143, 0.142857142857143, 0.142857142857143, 
0.142857142857143, 0.142857142857143, 0.142857142857143, 0.142857142857143, 
0.142857142857143, 0.142857142857143, 0.142857142857143, 0.142857142857143, 
0.142857142857143, 0.142857142857143, 0.142857142857143, 0.142857142857143, 
0.142857142857143, 0.142857142857143, 0.142857142857143, 0.142857142857143, 
0.142857142857143, 0.142857142857143, 0.142857142857143, 0.142857142857143, 
0.142857142857143, 0.142857142857143, 0.142857142857143, 0.142857142857143, 
0.142857142857143, 0.142857142857143, 0.142857142857143, 0.142857142857143, 
0.142857142857143, 0.142857142857143, 0.142857142857143, 0.142857142857143, 
0.142857142857143, 0.142857142857143, 0.142857142857143, 0.142857142857143, 
0.142857142857143, 0.00134594214330287, 0.00206101830549578, 
0.00337180994099507, 0.00295727294832889, 0.00309152745824366, 
0.0022906937758135, 0.00369870292005088, 0.00265684742273045, 
0.000999740725869485, 0.00252422159950013, 0.00372395033205309, 
0.00364768388449193, 0.00370713782934059, 0.00425624277164578, 
0.00165788243767332, 0.00266857749046276, 0.00421939149125929, 
0.00515860402069827, 0.00412960693254089, 0.00291472003993133, 
0.00579181305638946, 0.00680815360004933, 0.00383957711274173, 
0.00291472003993134, 0.00524268459583981, 0.00471576757240063, 
0.00304059271366602, 0.00401455346125356, 0.00388003741984091, 
0.00227701786984985, 0.00819467293766274, 0.00403008370671542, 
0.00556070674401088, 0.00526646106519327, 0.00606575744790295, 
0.00600884929687071, 0.00571034889968525, 0.00560546164489323, 
0.00435059550697874, 0.00474876844788004, 3.32268788027188, 3.64018198333753, 
3.54289435011147, 3.48032180762317, 3.80575332663837, 3.69095125443959, 
3.5317042799284, 3.42438161808088, 3.6308706949355, 3.22213987376281, 
3.59180052785003, 3.63889710509801, 3.33404025704597, 2.97854968545709, 
3.43230309262878, 3.45946736387285, 3.6120843794877, 3.27507337301589, 
3.38093311704158, 3.4097559778423, 3.67118807692623, 3.62709208451916, 
3.12493265821547, 3.25917894309524, 3.52809758928965, 3.71791780968506, 
3.44110816060245, 3.5236888055452, 3.5344749220602, 3.54843988257761, 
3.31864891805166, 3.21164382313267, 3.7523682763408, 3.15674486630247, 
3.59898091921203, 3.18725595592499, 3.66737387508342, 3.55410566167699, 
3.2541398699446, 3.54474490302162, 3.32268788027188, 3.64018198333753, 
3.54289435011147, 3.48032180762317, 3.80575332663837, 3.69095125443959, 
3.5317042799284, 3.42438161808088, 3.6308706949355, 3.22213987376281, 
3.59180052785003, 3.63889710509801, 3.33404025704597, 2.97854968545709, 
3.43230309262878, 3.45946736387285, 3.6120843794877, 3.27507337301589, 
3.38093311704158, 3.4097559778423, 3.67118807692623, 3.62709208451916, 
3.12493265821547, 3.25917894309524, 3.52809758928965, 3.71791780968505, 
3.44110816060245, 3.5236888055452, 3.5344749220602, 3.54843988257761, 
3.31864891805166, 3.21164382313267, 3.7523682763408, 3.15674486630247, 
3.59898091921203, 3.18725595592499, 3.66737387508342, 3.55410566167699, 
3.2541398699446, 3.54474490302162, 27.7858707859044, 35.1872788277727, 
33.4266359595185, 32.1954819226028, 37.4374050736563, 36.4567551876902, 
32.3299144850779, 31.816665144731, 34.3504012355257, 26.2501991367129, 
33.0038163628524, 32.4756078001241, 27.458853360594, 21.5692860664906, 
29.0021242662076, 31.2161476363278, 33.157783919098, 27.0370034493956, 
29.4413722833691, 28.8656141760732, 36.321492304546, 34.0323133448197, 
25.4381905288337, 26.5684085213092, 33.094484116224, 34.7835338320435, 
29.5230178823566, 31.7104095914268, 31.935613995418, 32.8184669014658, 
26.991918635846, 26.8119562879558, 36.7403754145109, 24.5460264255247, 
34.1728331127263, 27.0262654364645, 36.1391640725971, 32.7987611351736, 
28.0947698602425, 32.7187665144642, 27.7858707859044, 35.1872788277727, 
33.4266359595185, 32.1954819226028, 37.4374050736563, 36.4567551876902, 
