tmp <-
structure(c(2, 2, 2, 2, 2, 2, 2, 2, 2, 2, 2, 2, 2, 2, 2, 2, 2, 
2, 2, 2, 2, 2, 2, 2, 2, 2, 2, 2, 2, 2, 2, 2, 2, 2, 2, 2, 2, 2, 
2, 2, 44, 44, 44, 44, 44, 44, 44, 44, 44, 44, 44, 44, 44, 44, 
44, 44, 44, 44, 44, 44, 44, 44, 44, 44, 44, 44, 44, 44, 44, 44, 
44, 44, 44, 44, 44, 44, 44, 44, 44, 44, 44, 44, 44, 44, 44, 44, 
44, 44, 44, 44, 44, 44, 44, 44, 44, 44, 44, 44, 44, 44, 44, 44, 
44, 44, 44, 44, 44, 44, 44, 44, 44, 44, 44, 44, 44, 44, 44, 44, 
44, 44, 0, 0, 0, 0, 0, 0, 0, 0, 0, 0, 0, 0, 0, 0, 0, 0, 0, 0, 
0, 0, 0, 0, 0, 0, 0, 0, 0, 0, 0, 0, 0, 0, 0, 0, 0, 0, 0, 0, 0, 
0, 349, 349, 349, 349, 349, 349, 349, 349, 349, 349, 349, 349, 
349, 349, 349, 349, 349, 349, 349, 349, 349, 349, 349, 349, 349, 
349, 349, 349, 349, 349, 349, 349, 349, 349, 349, 349, 349, 349, 
349, 349, 0.126074498567335, 0.126074498567335, 0.126074498567335, 
0.126074498567335, 0.126074498567335, 0.126074498567335, 0.126074498567335, 
0.126074498567335, 0.126074498567335, 0.126074498567335, 0.126074498567335, 
0.126074498567335, 0.126074498567335, 0.126074498567335, 0.126074498567335, 
0.126074498567335, 0.126074498567335, 0.126074498567335, 0.126074498567335, 
0.126074498567335, 0.126074498567335, 0.126074498567335, 0.126074498567335, 
0.126074498567335, 0.126074498567335, 0.126074498567335, 0.126074498567335, 
0.126074498567335, 0.126074498567335, 0.126074498567335, 0.126074498567335, 
0.126074498567335, 0.126074498567335, 0.126074498567335, 0.126074498567335, 
0.126074498567335, 0.126074498567335, 0.126074498567335, 0.126074498567335, 
0.126074498567335, 1, 1, 1, 1, 1, 1, 1, 1, 1, 1, 1, 1, 1, 1, 
1, 1, 1, 1, 1, 1, 1, 1, 1, 1, 1, 1, 1, 1, 1, 1, 1, 1, 1, 1, 1, 
1, 1, 1, 1, 1, 0, 0, 0, 0, 0, 0, 0, 0, 0, 0, 0, 0, 0, 0, 0, 0, 
0, 0, 0, 0, 0, 0, 0, 0, 0, 0, 0, 0, 0, 0, 0, 0, 0, 0, 0, 0, 0, 
0, 0, 0, 2, 2, 2, 2, 2, 2, 2, 2, 2, 2, 2, 2, 2, 2, 2, 2, 2, 2, 
2, 2, 2, 2, 2, 2, 2, 2, 2, 2, 2, 2, 2, 2, 2, 2, 2, 2, 2, 2, 2, 
2, 2, 2, 2, 2, 2, 2, 2, 2, 2, 2, 2, 2, 2, 2, 2, 2, 2, 2, 2, 2, 
2, 2, 2, 2, 2, 2, 2, 2, 2, 2, 2, 2, 2, 2, 2, 2, 2, 2, 2, 2, 2, 
2, 2, 2, 2, 2, 2, 2, 2, 2, 2, 2, 2, 2, 2, 2, 2, 2, 2, 2, 2, 2, 
2, 2, 2, 2, 2, 2, 2, 2, 2, 2, 2, 2, 2, 2, 2, 2, 2, 2, 0, 0, 0, 
0, 0, 0, 0, 0, 0, 0, 0, 0, 0, 0, 0, 0, 0, 0, 0, 0, 0, 0, 0, 0, 
0, 0, 0, 0, 0, 0, 0, 0, 0, 0, 0, 0, 0, 0, 0, 0, 2, 2, 2, 2, 2, 
2, 2, 2, 2, 2, 2, 2, 2, 2, 2, 2, 2, 2, 2, 2, 2, 2, 2, 2, 2, 2, 
2, 2, 2, 2, 2, 2, 2, 2, 2, 2, 2, 2, 2, 2, 0.292263610315186, 
0.292263610315186, 0.303724928366762, 0.297994269340974, 0.286532951289398, 
0.292263610315186, 0.303724928366762, 0.286532951289398, 0.30945558739255, 
0.28080229226361, 0.335243553008596, 0.335243553008596, 0.300859598853868, 
0.335243553008596, 0.318051575931232, 0.329512893982808, 0.32378223495702, 
0.32378223495702, 0.329512893982808, 0.340974212034384, 0.35243553008596, 
0.335243553008596, 0.32378223495702, 0.32378223495702, 0.318051575931232, 
0.346704871060172, 0.340974212034384, 0.375358166189112, 0.32378223495702, 
0.35243553008596, 0.372492836676218, 0.401146131805158, 0.343839541547278, 
0.361031518624642, 0.36676217765043, 0.349570200573066, 0.36676217765043, 
0.332378223495702, 0.33810888252149, 0.36676217765043, 0.707736389684814, 
0.707736389684814, 0.696275071633238, 0.702005730659026, 0.713467048710602, 
0.707736389684814, 0.696275071633238, 0.713467048710602, 0.69054441260745, 
0.71919770773639, 0.664756446991404, 0.664756446991404, 0.699140401146132, 
0.664756446991404, 0.681948424068768, 0.670487106017192, 0.67621776504298, 
0.67621776504298, 0.670487106017192, 0.659025787965616, 0.64756446991404, 
0.664756446991404, 0.67621776504298, 0.67621776504298, 0.681948424068768, 
0.653295128939828, 0.659025787965616, 0.624641833810888, 0.67621776504298, 
0.64756446991404, 0.627507163323782, 0.598853868194842, 0.656160458452722, 
0.638968481375358, 0.63323782234957, 0.650429799426934, 0.63323782234957, 
0.667621776504298, 0.66189111747851, 0.63323782234957, 0.5, 0.5, 
0.5, 0.5, 0.5, 0.5, 0.5, 0.5, 0.5, 0.5, 0.5, 0.5, 0.5, 0.5, 0.5, 
0.5, 0.5, 0.5, 0.5, 0.5, 0.5, 0.5, 0.5, 0.5, 0.5, 0.5, 0.5, 0.5, 
0.5, 0.5, 0.5, 0.5, 0.5, 0.5, 0.5, 0.5, 0.5, 0.5, 0.5, 0.5, 0.293783619690686, 
0.293783619690686, 0.277574868259476, 0.285679243975081, 0.301887995406291, 
0.293783619690686, 0.277574868259476, 0.301887995406291, 0.269470492543871, 
0.309992371121896, 0.233000801823647, 0.233000801823647, 0.281627056117278, 
0.233000801823647, 0.257313928970463, 0.241105177539253, 0.249209553254858, 
0.249209553254858, 0.241105177539253, 0.224896426108042, 0.208687674676832, 
0.233000801823647, 0.249209553254858, 0.249209553254858, 0.257313928970463, 
0.216792050392437, 0.224896426108042, 0.176270171814412, 0.249209553254858, 
0.208687674676832, 0.180322359672214, 0.139800481094189, 0.22084423825024, 
0.196531111103424, 0.188426735387819, 0.212739862534635, 0.188426735387819, 
0.23705298968145, 0.228948613965845, 0.188426735387819, 1.29446638204307, 
1.61623279834667, 1.49200031357387, 1.92494862607411, 1.33480406328371, 
1.49659341609871, 1.74813401733751, 1.47222083866314, 1.7955709091196, 
1.14979288807412, 1.52527829701976, 1.43266626521196, 1.60917050426584, 
1.62066277027632, 1.5254340948629, 1.65335109251046, 1.50619711724375, 
1.60060733417015, 1.80376339985106, 1.24281820205721, 1.86707233382442, 
1.70813573218048, 1.61058814318985, 1.71151456274456, 1.83307262534185, 
1.79516357910924, 1.91186425050985, 1.77568083240919, 1.75522229815376, 
1.90477225618424, 1.69569988036452, 1.799521493014, 1.8499767098437, 
1.52241851551751, 1.74568585373662, 1.78577043917512, 1.83615964584746, 
1.81337518502009, 1.82227190616369, 1.82538800891504, 1.29446638204307, 
1.61623279834667, 1.49200031357387, 1.92494862607411, 1.33480406328371, 
1.49659341609871, 1.74813401733751, 1.47222083866314, 1.7955709091196, 
1.14979288807412, 1.52527829701976, 1.43266626521196, 1.60917050426584, 
1.62066277027632, 1.5254340948629, 1.65335109251046, 1.50619711724375, 
1.60060733417015, 1.80376339985106, 1.24281820205721, 1.86707233382442, 
1.70813573218048, 1.61058814318985, 1.71151456274456, 1.83307262534185, 
1.79516357910924, 1.91186425050985, 1.77568083240919, 1.75522229815376, 
1.90477225618424, 1.69569988036452, 1.799521493014, 1.8499767098437, 
1.52241851551751, 1.74568585373662, 1.78577043917512, 1.83615964584746, 
1.81337518502009, 1.82227190616369, 1.82538800891504, 6.50381882160534, 
8.3690429546727, 7.37149229251482, 10.1097984051269, 6.73249308994879, 
8.00336093013193, 9.07221157626585, 7.73192454213808, 8.8602481717032, 
5.79928259262226, 7.44348610385487, 7.20496920567934, 8.16618577917651, 
8.356624576232, 7.51312745992429, 7.92485726140296, 7.34852797919809, 
8.54117709130888, 9.21921916438934, 6.01154145796997, 9.41419729803107, 
8.94871819569049, 7.96491588181905, 8.38864109055539, 9.19256401783099, 
8.33721764625296, 9.6242534645877, 8.99508269598933, 8.44385848838493, 
9.61105986468949, 8.36943777276656, 9.22624575107937, 9.47374271673049, 
7.18626855197375, 8.75822815259482, 8.63833653039985, 9.02430857127013, 
8.80364620975687, 9.12582488400684, 8.64052109233432, 6.50381882160534, 
8.3690429546727, 7.37149229251482, 10.1097984051269, 6.73249308994879, 
8.00336093013193, 9.07221157626585, 7.73192454213808, 8.8602481717032, 
5.79928259262226, 7.44348610385487, 7.20496920567934, 8.16618577917651, 
8.356624576232, 7.51312745992429, 7.92485726140296, 7.34852797919809, 
8.54117709130888, 9.21921916438934, 6.01154145796997, 9.41419729803107, 
8.94871819569049, 7.96491588181906, 8.38864109055539, 9.19256401783099, 
8.33721764625296, 9.6242534645877, 8.99508269598933, 8.44385848838493, 
9.61105986468949, 8.36943777276656, 9.22624575107937, 9.47374271673049, 
7.18626855197375, 8.75822815259482, 8.63833653039985, 9.02430857127013, 
8.80364620975687, 9.12582488400684, 8.64052109233432, 0.233775725556791, 
0.253177474800781, 0.247141084137574, 0.272621157469914, 0.236537062188535, 
0.247379379955482, 0.264042767693803, 0.233648904090376, 0.291962961331656, 
