tmp <-
structure(c(2, 2, 2, 2, 2, 2, 2, 2, 2, 2, 2, 2, 2, 2, 2, 2, 2, 
2, 2, 2, 2, 2, 2, 2, 2, 2, 2, 2, 2, 2, 2, 2, 2, 2, 2, 2, 2, 2, 
2, 2, 20, 20, 20, 20, 20, 20, 20, 20, 20, 20, 20, 20, 20, 20, 
20, 20, 20, 20, 20, 20, 20, 20, 20, 20, 20, 20, 20, 20, 20, 20, 
20, 20, 20, 20, 20, 20, 20, 20, 20, 20, 7, 7, 7, 7, 7, 7, 7, 
7, 7, 7, 7, 7, 7, 7, 7, 7, 7, 7, 7, 7, 7, 7, 7, 7, 7, 7, 7, 7, 
7, 7, 7, 7, 7, 7, 7, 7, 7, 7, 7, 7, 13, 13, 13, 13, 13, 13, 13, 
13, 13, 13, 13, 13, 13, 13, 13, 13, 13, 13, 13, 13, 13, 13, 13, 
13, 13, 13, 13, 13, 13, 13, 13, 13, 13, 13, 13, 13, 13, 13, 13, 
13, 1000, 1000, 1000, 1000, 1000, 1000, 1000, 1000, 1000, 1000, 
1000, 1000, 1000, 1000, 1000, 1000, 1000, 1000, 1000, 1000, 1000, 
1000, 1000, 1000, 1000, 1000, 1000, 1000, 1000, 1000, 1000, 1000, 
1000, 1000, 1000, 1000, 1000, 1000, 1000, 1000, 0.02, 0.02, 0.02, 
0.02, 0.02, 0.02, 0.02, 0.02, 0.02, 0.02, 0.02, 0.02, 0.02, 0.02, 
0.02, 0.02, 0.02, 0.02, 0.02, 0.02, 0.02, 0.02, 0.02, 0.02, 0.02, 
0.02, 0.02, 0.02, 0.02, 0.02, 0.02, 0.02, 0.02, 0.02, 0.02, 0.02, 
0.02, 0.02, 0.02, 0.02, 0.35, 0.35, 0.35, 0.35, 0.35, 0.35, 0.35, 
0.35, 0.35, 0.35, 0.35, 0.35, 0.35, 0.35, 0.35, 0.35, 0.35, 0.35, 
0.35, 0.35, 0.35, 0.35, 0.35, 0.35, 0.35, 0.35, 0.35, 0.35, 0.35, 
0.35, 0.35, 0.35, 0.35, 0.35, 0.35, 0.35, 0.35, 0.35, 0.35, 0.35, 
0.65, 0.65, 0.65, 0.65, 0.65, 0.65, 0.65, 0.65, 0.65, 0.65, 0.65, 
0.65, 0.65, 0.65, 0.65, 0.65, 0.65, 0.65, 0.65, 0.65, 0.65, 0.65, 
0.65, 0.65, 0.65, 0.65, 0.65, 0.65, 0.65, 0.65, 0.65, 0.65, 0.65, 
0.65, 0.65, 0.65, 0.65, 0.65, 0.65, 0.65, 2, 2, 2, 2, 2, 2, 2, 
2, 2, 2, 2, 2, 2, 2, 2, 2, 2, 2, 2, 2, 2, 2, 2, 2, 2, 2, 2, 2, 
2, 2, 2, 2, 2, 2, 2, 2, 2, 2, 2, 2, 10, 10, 10, 10, 10, 10, 10, 
10, 10, 10, 10, 10, 10, 10, 10, 10, 10, 10, 10, 10, 10, 10, 10, 
10, 10, 10, 10, 10, 10, 10, 10, 10, 10, 10, 10, 10, 10, 10, 10, 
10, 4, 4, 4, 4, 4, 4, 4, 4, 4, 4, 4, 4, 4, 4, 4, 4, 4, 4, 4, 
4, 4, 4, 4, 4, 4, 4, 4, 4, 4, 4, 4, 4, 4, 4, 4, 4, 4, 4, 4, 4, 
2.03809866146027, 2.03809866146027, 2.03809866146027, 2.03809866146027, 
2.03809866146027, 2.03809866146027, 2.03809866146027, 2.03809866146027, 
2.03809866146027, 2.03809866146027, 2.03809866146027, 2.03809866146027, 
2.03809866146027, 2.03809866146027, 2.03809866146027, 2.03809866146027, 
2.03809866146027, 2.03809866146027, 2.03809866146027, 2.03809866146027, 
2.03809866146027, 2.03809866146027, 2.03809866146027, 2.03809866146027, 
2.03809866146027, 2.03809866146027, 2.03809866146027, 2.03809866146027, 
2.03809866146027, 2.03809866146027, 2.03809866146027, 2.03809866146027, 
2.03809866146027, 2.03809866146027, 2.03809866146027, 2.03809866146027, 
2.03809866146027, 2.03809866146027, 2.03809866146027, 2.03809866146027, 
56, 56, 56, 56, 56, 56, 56, 56, 56, 56, 56, 56, 56, 56, 56, 56, 
56, 56, 56, 56, 56, 56, 56, 56, 56, 56, 56, 56, 56, 56, 56, 56, 
56, 56, 56, 56, 56, 56, 56, 56, 0.318, 0.308, 0.324, 0.322, 0.324, 
0.318, 0.314, 0.322, 0.318, 0.316, 0.334, 0.344, 0.342, 0.344, 
0.336, 0.346, 0.326, 0.342, 0.338, 0.332, 0.352, 0.364, 0.368, 
0.358, 0.372, 0.37, 0.372, 0.348, 0.342, 0.334, 0.354, 0.366, 
0.364, 0.362, 0.382, 0.382, 0.376, 0.382, 0.394, 0.378, 0.682, 
0.692, 0.676, 0.678, 0.676, 0.682, 0.686, 0.678, 0.682, 0.684, 
0.666, 0.656, 0.658, 0.656, 0.664, 0.654, 0.674, 0.658, 0.662, 
0.668, 0.648, 0.636, 0.632, 0.642, 0.628, 0.63, 0.628, 0.652, 
0.658, 0.666, 0.646, 0.634, 0.636, 0.638, 0.618, 0.618, 0.624, 
0.618, 0.606, 0.622, 0.5, 0.5, 0.5, 0.5, 0.5, 0.5, 0.5, 0.5, 
0.5, 0.5, 0.5, 0.5, 0.5, 0.5, 0.5, 0.5, 0.5, 0.5, 0.5, 0.5, 0.5, 
0.5, 0.5, 0.5, 0.5, 0.5, 0.5, 0.5, 0.5, 0.5, 0.5, 0.5, 0.5, 0.5, 
0.5, 0.5, 0.5, 0.5, 0.5, 0.5, 0.257386868351903, 0.271529003975634, 
0.248901586977665, 0.251730014102411, 0.248901586977665, 0.257386868351903, 
0.263043722601396, 0.251730014102411, 0.257386868351903, 0.26021529547665, 
0.234759451353934, 0.220617315730203, 0.223445742854949, 0.220617315730203, 
0.231931024229188, 0.217788888605457, 0.246073159852919, 0.223445742854949, 
0.229102597104441, 0.23758787847868, 0.209303607231218, 0.192333044482741, 
0.186676190233249, 0.20081832585698, 0.181019335983756, 0.183847763108502, 
0.181019335983756, 0.21496046148071, 0.223445742854949, 0.234759451353934, 
0.206475180106472, 0.189504617357995, 0.192333044482741, 0.195161471607487, 
0.166877200360025, 0.166877200360025, 0.175362481734264, 0.166877200360025, 
0.149906637611548, 0.172534054609518, 1.1394314273104, 1.13647584917665, 
1.14127585634425, 1.13230875985442, 1.12516337165985, 1.13378792152355, 
1.13809672314265, 1.12736907983519, 1.13066253015057, 1.13582532856392, 
1.1430749610904, 1.12765338511489, 1.13383993299816, 1.12750224069235, 
1.14467542864848, 1.13481373230308, 1.12737963884983, 1.12635686488449, 
1.14437780225019, 1.13992701758809, 1.15414527700293, 1.14547089249035, 
1.13491809255567, 1.11485886308593, 1.14965110956428, 1.14567732140138, 
1.14004507556672, 1.13985167849378, 1.15102039070772, 1.13764778741388, 
1.1614333385764, 1.14452162478826, 1.15371203480978, 1.13675835497524, 
1.14259780875179, 1.15396804686401, 1.15180967476553, 1.14726972783086, 
1.14521820308272, 1.12763518318965, 2.54543615775656, 2.56367738442415, 
2.51962656069993, 2.53687770313123, 2.53559333284782, 2.53356479019116, 
2.54428075424656, 2.54762787473594, 2.54354332489063, 2.55358202228358, 
2.52967711857228, 2.57176937711383, 2.54132628285209, 2.52763746142112, 
2.54845964395496, 2.5512986536205, 2.53534720233817, 2.52823313746908, 
2.52105223153912, 2.53296543400775, 2.52454356006847, 2.52893325121328, 
2.54065807623863, 2.53948406815601, 2.54370685061665, 2.54009708616147, 
2.5943544921969, 2.52439541350599, 2.50966056140257, 2.55233372398178, 
2.54116242414984, 2.53434975540656, 2.54687926661296, 2.5352583404366, 
2.5999353185594, 2.58665155114348, 2.54153696262407, 2.52173547704201, 
2.53665887919285, 2.53459902885008, 3.85839484911823, 3.83303849166604, 
3.85004204067789, 3.85278689112183, 3.75099617110542, 3.82605507187187, 
3.85401228739633, 3.82617130868461, 3.81526736926311, 3.8612458557965, 
3.84213713157313, 3.82426179016928, 3.82904326155972, 3.84539279372019, 
3.86666378531141, 3.82285090042627, 3.76680211113686, 3.84018613694804, 
3.84152393145239, 3.86791481181914, 3.91417551591572, 3.8977930197811, 
3.85953393953553, 3.76714840344196, 3.9090438900535, 3.89778111763762, 
3.8664013195564, 3.86902298713047, 3.90121262758565, 3.83835625738141, 
3.92464969679459, 3.90177527958089, 3.93845020167014, 3.85378226527872, 
3.89411740859785, 3.94729315675786, 3.90857449331552, 3.92440643138403, 
3.86351642264155, 3.7985874068753, 12.6811138038958, 12.9843003952692, 
12.2227038326429, 12.5071265687821, 12.4644292370919, 12.4520036885916, 
12.6383453579863, 12.6713275204542, 12.5441542491848, 12.7828807022593, 
12.3514193451996, 13.2961719748879, 12.5528389254086, 12.353116632471, 
12.5050532208708, 12.6528750737978, 12.4616064483177, 12.4035326096611, 
12.2318185469073, 12.4239449762081, 12.3333149135844, 12.3118320523358, 
12.5617903947122, 12.6003380946168, 12.5088239974295, 12.4683394032445, 
13.4741513316811, 12.3925456325582, 12.0334328338359, 12.6617043296646, 
12.4746128950728, 12.4073619704989, 12.6267455881428, 12.4286941159371, 
13.4047334288799, 13.600936318644, 12.5556524661621, 12.1866436591245, 
12.6076017611618, 12.3450573295715, 0.158016795364748, 0.156878146111238, 
0.157015124387078, 0.155956002313324, 0.156094345600122, 0.15763356672633, 
0.157147980058556, 0.155838290521124, 0.156960521326644, 0.156844359305036, 
0.156126199525751, 0.154055778972477, 0.154560656436679, 0.155660410344674, 
0.15578757582396, 0.155400428295387, 0.15643857473316, 0.155890069264843, 
0.157512244903662, 0.155223461523764, 0.153892351402236, 0.156379898203574, 
0.154965917438645, 0.155443946815417, 0.152681930242257, 0.155502353000969, 
0.156566109747151, 0.154591100182927, 0.15517244675185, 0.155435690936507, 
0.154774111949735, 0.153639675149926, 0.154527496645902, 0.15457230702451, 
