tmp <-
structure(c(2, 2, 2, 2, 2, 2, 2, 2, 2, 2, 2, 2, 2, 2, 2, 2, 2, 
2, 2, 2, 2, 2, 2, 2, 2, 2, 2, 2, 2, 2, 2, 2, 2, 2, 2, 2, 2, 2, 
2, 2, 13, 13, 13, 13, 13, 13, 13, 13, 13, 13, 13, 13, 13, 13, 
13, 13, 13, 13, 13, 13, 13, 13, 13, 13, 13, 13, 13, 13, 13, 13, 
13, 13, 13, 13, 13, 13, 13, 13, 13, 13, 13, 13, 13, 13, 13, 13, 
13, 13, 13, 13, 13, 13, 13, 13, 13, 13, 13, 13, 13, 13, 13, 13, 
13, 13, 13, 13, 13, 13, 13, 13, 13, 13, 13, 13, 13, 13, 13, 13, 
13, 13, 0, 0, 0, 0, 0, 0, 0, 0, 0, 0, 0, 0, 0, 0, 0, 0, 0, 0, 
0, 0, 0, 0, 0, 0, 0, 0, 0, 0, 0, 0, 0, 0, 0, 0, 0, 0, 0, 0, 0, 
0, 270, 270, 270, 270, 270, 270, 270, 270, 270, 270, 270, 270, 
270, 270, 270, 270, 270, 270, 270, 270, 270, 270, 270, 270, 270, 
270, 270, 270, 270, 270, 270, 270, 270, 270, 270, 270, 270, 270, 
270, 270, 0.0481481481481481, 0.0481481481481481, 0.0481481481481481, 
0.0481481481481481, 0.0481481481481481, 0.0481481481481481, 0.0481481481481481, 
0.0481481481481481, 0.0481481481481481, 0.0481481481481481, 0.0481481481481481, 
0.0481481481481481, 0.0481481481481481, 0.0481481481481481, 0.0481481481481481, 
0.0481481481481481, 0.0481481481481481, 0.0481481481481481, 0.0481481481481481, 
0.0481481481481481, 0.0481481481481481, 0.0481481481481481, 0.0481481481481481, 
0.0481481481481481, 0.0481481481481481, 0.0481481481481481, 0.0481481481481481, 
0.0481481481481481, 0.0481481481481481, 0.0481481481481481, 0.0481481481481481, 
0.0481481481481481, 0.0481481481481481, 0.0481481481481481, 0.0481481481481481, 
0.0481481481481481, 0.0481481481481481, 0.0481481481481481, 0.0481481481481481, 
0.0481481481481481, 1, 1, 1, 1, 1, 1, 1, 1, 1, 1, 1, 1, 1, 1, 
1, 1, 1, 1, 1, 1, 1, 1, 1, 1, 1, 1, 1, 1, 1, 1, 1, 1, 1, 1, 1, 
1, 1, 1, 1, 1, 0, 0, 0, 0, 0, 0, 0, 0, 0, 0, 0, 0, 0, 0, 0, 0, 
0, 0, 0, 0, 0, 0, 0, 0, 0, 0, 0, 0, 0, 0, 0, 0, 0, 0, 0, 0, 0, 
0, 0, 0, 2, 2, 2, 2, 2, 2, 2, 2, 2, 2, 2, 2, 2, 2, 2, 2, 2, 2, 
2, 2, 2, 2, 2, 2, 2, 2, 2, 2, 2, 2, 2, 2, 2, 2, 2, 2, 2, 2, 2, 
2, 2, 2, 2, 2, 2, 2, 2, 2, 2, 2, 2, 2, 2, 2, 2, 2, 2, 2, 2, 2, 
2, 2, 2, 2, 2, 2, 2, 2, 2, 2, 2, 2, 2, 2, 2, 2, 2, 2, 2, 2, 2, 
2, 2, 2, 2, 2, 2, 2, 2, 2, 2, 2, 2, 2, 2, 2, 2, 2, 2, 2, 2, 2, 
2, 2, 2, 2, 2, 2, 2, 2, 2, 2, 2, 2, 2, 2, 2, 2, 2, 2, 0, 0, 0, 
0, 0, 0, 0, 0, 0, 0, 0, 0, 0, 0, 0, 0, 0, 0, 0, 0, 0, 0, 0, 0, 
0, 0, 0, 0, 0, 0, 0, 0, 0, 0, 0, 0, 0, 0, 0, 0, 2, 2, 2, 2, 2, 
2, 2, 2, 2, 2, 2, 2, 2, 2, 2, 2, 2, 2, 2, 2, 2, 2, 2, 2, 2, 2, 
2, 2, 2, 2, 2, 2, 2, 2, 2, 2, 2, 2, 2, 2, 0.448148148148148, 
0.455555555555556, 0.455555555555556, 0.448148148148148, 0.440740740740741, 
0.440740740740741, 0.448148148148148, 0.455555555555556, 0.433333333333333, 
0.440740740740741, 0.448148148148148, 0.485185185185185, 0.448148148148148, 
0.477777777777778, 0.47037037037037, 0.455555555555556, 0.448148148148148, 
0.47037037037037, 0.448148148148148, 0.462962962962963, 0.444444444444444, 
0.459259259259259, 0.474074074074074, 0.444444444444444, 0.444444444444444, 
0.444444444444444, 0.437037037037037, 0.451851851851852, 0.444444444444444, 
0.474074074074074, 0.474074074074074, 0.444444444444444, 0.466666666666667, 
0.459259259259259, 0.444444444444444, 0.444444444444444, 0.459259259259259, 
0.488888888888889, 0.474074074074074, 0.474074074074074, 0.551851851851852, 
0.544444444444444, 0.544444444444444, 0.551851851851852, 0.559259259259259, 
0.559259259259259, 0.551851851851852, 0.544444444444444, 0.566666666666667, 
0.559259259259259, 0.551851851851852, 0.514814814814815, 0.551851851851852, 
0.522222222222222, 0.52962962962963, 0.544444444444444, 0.551851851851852, 
0.52962962962963, 0.551851851851852, 0.537037037037037, 0.555555555555556, 
0.540740740740741, 0.525925925925926, 0.555555555555556, 0.555555555555556, 
0.555555555555556, 0.562962962962963, 0.548148148148148, 0.555555555555556, 
0.525925925925926, 0.525925925925926, 0.555555555555556, 0.533333333333333, 
0.540740740740741, 0.555555555555556, 0.555555555555556, 0.540740740740741, 
0.511111111111111, 0.525925925925926, 0.525925925925926, 0.5, 
0.5, 0.5, 0.5, 0.5, 0.5, 0.5, 0.5, 0.5, 0.5, 0.5, 0.5, 0.5, 0.5, 
0.5, 0.5, 0.5, 0.5, 0.5, 0.5, 0.5, 0.5, 0.5, 0.5, 0.5, 0.5, 0.5, 
0.5, 0.5, 0.5, 0.5, 0.5, 0.5, 0.5, 0.5, 0.5, 0.5, 0.5, 0.5, 0.5, 
0.0733295921230494, 0.0628539361054709, 0.0628539361054709, 0.0733295921230494, 
0.0838052481406278, 0.0838052481406278, 0.0733295921230494, 0.0628539361054709, 
0.0942809041582063, 0.0838052481406278, 0.0733295921230494, 0.020951312035157, 
0.0733295921230494, 0.0314269680527355, 0.0419026240703139, 0.0628539361054709, 
0.0733295921230494, 0.0419026240703139, 0.0733295921230494, 0.0523782800878924, 
0.0785674201318387, 0.0576161080966817, 0.0366647960615247, 0.0785674201318387, 
0.0785674201318387, 0.0785674201318387, 0.0890430761494171, 0.0680917641142602, 
0.0785674201318387, 0.0366647960615247, 0.0366647960615247, 0.0785674201318387, 
0.0471404520791032, 0.0576161080966817, 0.0785674201318387, 0.0785674201318387, 
0.0576161080966817, 0.0157134840263677, 0.0366647960615247, 0.0366647960615247, 
0.956183930523185, 0.927954090954669, 0.935993263624289, 0.938978935782796, 
0.905591017771577, 0.902571922179364, 0.960216063412276, 0.939147371002947, 
0.949405219638766, 0.909221213224349, 0.885607457586276, 0.910672586210731, 
0.875493756891504, 0.895363162275975, 0.883592191628194, 0.893076684205247, 
0.884774116441515, 0.892733692788151, 0.912399301330783, 0.87625059009471, 
0.887119756694934, 0.857273690856179, 0.877409462794075, 0.8651296026513, 
0.847158469658179, 0.827117153854198, 0.832003916938793, 0.846620556189716, 
0.870505576293007, 0.865058060351046, 0.851619368317893, 0.823779570380433, 
0.840797223138919, 0.830344917556622, 0.868767714313264, 0.834369965994406, 
0.813327821567069, 0.83850995176152, 0.817648606996477, 0.814822986080002, 
0.956183930523185, 0.927954090954669, 0.935993263624289, 0.938978935782796, 
0.905591017771577, 0.902571922179364, 0.960216063412276, 0.939147371002947, 
0.949405219638766, 0.909221213224349, 0.885607457586276, 0.910672586210731, 
0.875493756891504, 0.895363162275976, 0.883592191628194, 0.893076684205247, 
0.884774116441515, 0.892733692788151, 0.912399301330783, 0.87625059009471, 
0.887119756694934, 0.857273690856179, 0.877409462794075, 0.8651296026513, 
0.847158469658178, 0.827117153854198, 0.832003916938793, 0.846620556189716, 
0.870505576293008, 0.865058060351046, 0.851619368317894, 0.823779570380433, 
0.840797223138919, 0.830344917556622, 0.868767714313264, 0.834369965994406, 
0.813327821567069, 0.838509951761519, 0.817648606996477, 0.814822986080002, 
3.69293401471477, 3.58171908006553, 3.56426948218102, 3.54150486096783, 
3.46846464508785, 3.4510113467033, 3.63704384048781, 3.74039095973671, 
3.59973659870981, 3.46547006349169, 3.37626037256772, 3.48995083776571, 
3.37287030940988, 3.41175980789103, 3.3997069937921, 3.42957747663652, 
3.41167820952279, 3.44284905952657, 3.47425666636199, 3.34280921451912, 
3.42869876818292, 3.21429974005059, 3.40706020556141, 3.27861658000552, 
3.18514312798762, 3.16387408379047, 3.22909637556816, 3.24813397034381, 
3.33915915093092, 3.35409655517649, 3.28696784970446, 3.16756498263359, 
3.23010905773457, 3.16088714478789, 3.24721873075571, 3.26656618837207, 
3.20483162376974, 3.15273554054539, 3.11394510228463, 3.21533345046613, 
3.69293401471477, 3.58171908006553, 3.56426948218102, 3.54150486096783, 
3.46846464508785, 3.4510113467033, 3.63704384048781, 3.74039095973671, 
3.59973659870981, 3.46547006349169, 3.37626037256772, 3.48995083776571, 
3.37287030940988, 3.41175980789103, 3.3997069937921, 3.42957747663652, 
3.41167820952279, 3.44284905952657, 3.47425666636199, 3.34280921451912, 
3.42869876818292, 3.21429974005059, 3.40706020556141, 3.27861658000552, 
3.18514312798762, 3.16387408379047, 3.22909637556816, 3.24813397034381, 
3.33915915093092, 3.35409655517649, 3.28696784970446, 3.16756498263359, 
3.23010905773457, 3.16088714478789, 3.24721873075571, 3.26656618837207, 
3.20483162376974, 3.15273554054539, 3.11394510228463, 3.21533345046613, 
