tmp <-
structure(c(3, 3, 3, 3, 3, 3, 3, 3, 3, 3, 3, 3, 3, 3, 3, 3, 3, 
3, 3, 3, 3, 3, 3, 3, 3, 3, 3, 3, 3, 3, 3, 3, 3, 3, 3, 3, 3, 3, 
3, 3, 5, 5, 5, 5, 5, 5, 5, 5, 5, 5, 5, 5, 5, 5, 5, 5, 5, 5, 5, 
5, 5, 5, 5, 5, 5, 5, 5, 5, 5, 5, 5, 5, 5, 5, 5, 5, 5, 5, 5, 5, 
3, 3, 3, 3, 3, 3, 3, 3, 3, 3, 3, 3, 3, 3, 3, 3, 3, 3, 3, 3, 3, 
3, 3, 3, 3, 3, 3, 3, 3, 3, 3, 3, 3, 3, 3, 3, 3, 3, 3, 3, 2, 2, 
2, 2, 2, 2, 2, 2, 2, 2, 2, 2, 2, 2, 2, 2, 2, 2, 2, 2, 2, 2, 2, 
2, 2, 2, 2, 2, 2, 2, 2, 2, 2, 2, 2, 2, 2, 2, 2, 2, 151, 151, 
151, 151, 151, 151, 151, 151, 151, 151, 151, 151, 151, 151, 151, 
151, 151, 151, 151, 151, 151, 151, 151, 151, 151, 151, 151, 151, 
151, 151, 151, 151, 151, 151, 151, 151, 151, 151, 151, 151, 0.033112582781457, 
0.033112582781457, 0.033112582781457, 0.033112582781457, 0.033112582781457, 
0.033112582781457, 0.033112582781457, 0.033112582781457, 0.033112582781457, 
0.033112582781457, 0.033112582781457, 0.033112582781457, 0.033112582781457, 
0.033112582781457, 0.033112582781457, 0.033112582781457, 0.033112582781457, 
0.033112582781457, 0.033112582781457, 0.033112582781457, 0.033112582781457, 
0.033112582781457, 0.033112582781457, 0.033112582781457, 0.033112582781457, 
0.033112582781457, 0.033112582781457, 0.033112582781457, 0.033112582781457, 
0.033112582781457, 0.033112582781457, 0.033112582781457, 0.033112582781457, 
0.033112582781457, 0.033112582781457, 0.033112582781457, 0.033112582781457, 
0.033112582781457, 0.033112582781457, 0.033112582781457, 0.6, 
0.6, 0.6, 0.6, 0.6, 0.6, 0.6, 0.6, 0.6, 0.6, 0.6, 0.6, 0.6, 0.6, 
0.6, 0.6, 0.6, 0.6, 0.6, 0.6, 0.6, 0.6, 0.6, 0.6, 0.6, 0.6, 0.6, 
0.6, 0.6, 0.6, 0.6, 0.6, 0.6, 0.6, 0.6, 0.6, 0.6, 0.6, 0.6, 0.6, 
0.4, 0.4, 0.4, 0.4, 0.4, 0.4, 0.4, 0.4, 0.4, 0.4, 0.4, 0.4, 0.4, 
0.4, 0.4, 0.4, 0.4, 0.4, 0.4, 0.4, 0.4, 0.4, 0.4, 0.4, 0.4, 0.4, 
0.4, 0.4, 0.4, 0.4, 0.4, 0.4, 0.4, 0.4, 0.4, 0.4, 0.4, 0.4, 0.4, 
0.4, 2, 2, 2, 2, 2, 2, 2, 2, 2, 2, 2, 2, 2, 2, 2, 2, 2, 2, 2, 
2, 2, 2, 2, 2, 2, 2, 2, 2, 2, 2, 2, 2, 2, 2, 2, 2, 2, 2, 2, 2, 
3, 3, 3, 3, 3, 3, 3, 3, 3, 3, 3, 3, 3, 3, 3, 3, 3, 3, 3, 3, 3, 
3, 3, 3, 3, 3, 3, 3, 3, 3, 3, 3, 3, 3, 3, 3, 3, 3, 3, 3, 2.33333333333333, 
2.33333333333333, 2.33333333333333, 2.33333333333333, 2.33333333333333, 
2.33333333333333, 2.33333333333333, 2.33333333333333, 2.33333333333333, 
2.33333333333333, 2.33333333333333, 2.33333333333333, 2.33333333333333, 
2.33333333333333, 2.33333333333333, 2.33333333333333, 2.33333333333333, 
2.33333333333333, 2.33333333333333, 2.33333333333333, 2.33333333333333, 
2.33333333333333, 2.33333333333333, 2.33333333333333, 2.33333333333333, 
2.33333333333333, 2.33333333333333, 2.33333333333333, 2.33333333333333, 
2.33333333333333, 2.33333333333333, 2.33333333333333, 2.33333333333333, 
2.33333333333333, 2.33333333333333, 2.33333333333333, 2.33333333333333, 
2.33333333333333, 2.33333333333333, 2.33333333333333, 0.577350269189626, 
0.577350269189626, 0.577350269189626, 0.577350269189626, 0.577350269189626, 
0.577350269189626, 0.577350269189626, 0.577350269189626, 0.577350269189626, 
0.577350269189626, 0.577350269189626, 0.577350269189626, 0.577350269189626, 
0.577350269189626, 0.577350269189626, 0.577350269189626, 0.577350269189626, 
0.577350269189626, 0.577350269189626, 0.577350269189626, 0.577350269189626, 
0.577350269189626, 0.577350269189626, 0.577350269189626, 0.577350269189626, 
0.577350269189626, 0.577350269189626, 0.577350269189626, 0.577350269189626, 
0.577350269189626, 0.577350269189626, 0.577350269189626, 0.577350269189626, 
0.577350269189626, 0.577350269189626, 0.577350269189626, 0.577350269189626, 
0.577350269189626, 0.577350269189626, 0.577350269189626, 7, 7, 
7, 7, 7, 7, 7, 7, 7, 7, 7, 7, 7, 7, 7, 7, 7, 7, 7, 7, 7, 7, 7, 
7, 7, 7, 7, 7, 7, 7, 7, 7, 7, 7, 7, 7, 7, 7, 7, 7, 0.324503311258278, 
0.317880794701987, 0.304635761589404, 0.324503311258278, 0.311258278145695, 
0.317880794701987, 0.311258278145695, 0.33112582781457, 0.311258278145695, 
0.33112582781457, 0.317880794701987, 0.317880794701987, 0.304635761589404, 
0.317880794701987, 0.298013245033113, 0.304635761589404, 0.317880794701987, 
0.304635761589404, 0.304635761589404, 0.298013245033113, 0.317880794701987, 
0.317880794701987, 0.271523178807947, 0.304635761589404, 0.298013245033113, 
0.298013245033113, 0.311258278145695, 0.311258278145695, 0.317880794701987, 
0.317880794701987, 0.298013245033113, 0.291390728476821, 0.291390728476821, 
0.291390728476821, 0.264900662251656, 0.324503311258278, 0.324503311258278, 
0.304635761589404, 0.28476821192053, 0.304635761589404, 0.344370860927152, 
0.344370860927152, 0.350993377483444, 0.337748344370861, 0.370860927152318, 
0.350993377483444, 0.364238410596026, 0.337748344370861, 0.344370860927152, 
0.337748344370861, 0.344370860927152, 0.350993377483444, 0.357615894039735, 
0.357615894039735, 0.357615894039735, 0.357615894039735, 0.344370860927152, 
0.377483443708609, 0.377483443708609, 0.357615894039735, 0.357615894039735, 
0.350993377483444, 0.370860927152318, 0.377483443708609, 0.350993377483444, 
0.370860927152318, 0.364238410596026, 0.350993377483444, 0.350993377483444, 
0.350993377483444, 0.364238410596026, 0.364238410596026, 0.377483443708609, 
0.370860927152318, 0.384105960264901, 0.344370860927152, 0.337748344370861, 
0.350993377483444, 0.370860927152318, 0.350993377483444, 0.333333333333333, 
0.333333333333333, 0.333333333333333, 0.333333333333333, 0.333333333333333, 
0.333333333333333, 0.333333333333333, 0.333333333333333, 0.333333333333333, 
0.333333333333333, 0.333333333333333, 0.333333333333333, 0.333333333333333, 
0.333333333333333, 0.333333333333333, 0.333333333333333, 0.333333333333333, 
0.333333333333333, 0.333333333333333, 0.333333333333333, 0.333333333333333, 
0.333333333333333, 0.333333333333333, 0.333333333333333, 0.333333333333333, 
0.333333333333333, 0.333333333333333, 0.333333333333333, 0.333333333333333, 
0.333333333333333, 0.333333333333333, 0.333333333333333, 0.333333333333333, 
0.333333333333333, 0.333333333333333, 0.333333333333333, 0.333333333333333, 
0.333333333333333, 0.333333333333333, 0.333333333333333, 0.0101160611367678, 
0.0137858675461333, 0.0250724430278158, 0.00764702343297518, 
0.0326680984259354, 0.0166663011816131, 0.0275717350922667, 0.00382351171648758, 
0.0191175585824379, 0.00382351171648758, 0.0137858675461333, 
0.0166663011816131, 0.0267645820154131, 0.0212884122759226, 0.0312967922268384, 
0.0267645820154131, 0.0137858675461333, 0.0388044058084921, 0.0388044058084921, 
0.0312967922268384, 0.0212884122759226, 0.0166663011816131, 0.0539372702996495, 
0.0388044058084921, 0.0305880937319007, 0.036473977134345, 0.0275717350922667, 
0.0202321222735357, 0.0166663011816131, 0.0166663011816131, 0.0333326023632262, 
0.0376572231991876, 0.0430887887327663, 0.0399186342605411, 0.0615335976369375, 
0.0101160611367678, 0.00764702343297518, 0.0250724430278158, 
0.0440948882018503, 0.0250724430278158, 0.430429864582935, 0.46695442068948, 
0.455873476939162, 0.464473425116637, 0.48905196933879, 0.515723334223202, 
0.446266936561913, 0.455596973974334, 0.472925417256613, 0.486979569101368, 
0.519521064734382, 0.465117671580606, 0.463074340297707, 0.511042976876432, 
0.457945716958217, 0.468958661176796, 0.440391320530773, 0.443045602005049, 
0.44482048204755, 0.445789680394394, 0.475773341869187, 0.45777743329226, 
0.522955427992258, 0.499447703885542, 0.471311558517218, 0.471264783906004, 
0.471118596928811, 0.485880142993512, 0.460328563608718, 0.505223790743258, 
0.439936180645436, 0.449742450386703, 0.444589409372682, 0.485808687778763, 
0.488527726311634, 0.462404461276118, 0.47835960499611, 0.444360090675799, 
0.465459868064777, 0.417643474209836, 1.1486775821889, 1.16940418585187, 
1.15977456866976, 1.09724214343406, 1.36018235062876, 1.19369893872581, 
1.16713801758727, 1.1772349999331, 1.1718824961114, 1.16311827156355, 
1.17859645445101, 1.07723684117864, 1.17439224557845, 1.13124901891114, 
1.29895815907067, 1.28927222191435, 1.0895689485337, 1.1514846913462, 
