tmp <-
structure(c(2, 2, 2, 2, 2, 2, 2, 2, 2, 2, 2, 2, 2, 2, 2, 2, 2, 
2, 2, 2, 2, 2, 2, 2, 2, 2, 2, 2, 2, 2, 2, 2, 2, 2, 2, 2, 2, 2, 
2, 2, 9, 9, 9, 9, 9, 9, 9, 9, 9, 9, 9, 9, 9, 9, 9, 9, 9, 9, 9, 
9, 9, 9, 9, 9, 9, 9, 9, 9, 9, 9, 9, 9, 9, 9, 9, 9, 9, 9, 9, 9, 
0, 0, 0, 0, 0, 0, 0, 0, 0, 0, 0, 0, 0, 0, 0, 0, 0, 0, 0, 0, 0, 
0, 0, 0, 0, 0, 0, 0, 0, 0, 0, 0, 0, 0, 0, 0, 0, 0, 0, 0, 9, 9, 
9, 9, 9, 9, 9, 9, 9, 9, 9, 9, 9, 9, 9, 9, 9, 9, 9, 9, 9, 9, 9, 
9, 9, 9, 9, 9, 9, 9, 9, 9, 9, 9, 9, 9, 9, 9, 9, 9, 958, 958, 
958, 958, 958, 958, 958, 958, 958, 958, 958, 958, 958, 958, 958, 
958, 958, 958, 958, 958, 958, 958, 958, 958, 958, 958, 958, 958, 
958, 958, 958, 958, 958, 958, 958, 958, 958, 958, 958, 958, 0.00939457202505219, 
0.00939457202505219, 0.00939457202505219, 0.00939457202505219, 
0.00939457202505219, 0.00939457202505219, 0.00939457202505219, 
0.00939457202505219, 0.00939457202505219, 0.00939457202505219, 
0.00939457202505219, 0.00939457202505219, 0.00939457202505219, 
0.00939457202505219, 0.00939457202505219, 0.00939457202505219, 
0.00939457202505219, 0.00939457202505219, 0.00939457202505219, 
0.00939457202505219, 0.00939457202505219, 0.00939457202505219, 
0.00939457202505219, 0.00939457202505219, 0.00939457202505219, 
0.00939457202505219, 0.00939457202505219, 0.00939457202505219, 
0.00939457202505219, 0.00939457202505219, 0.00939457202505219, 
0.00939457202505219, 0.00939457202505219, 0.00939457202505219, 
0.00939457202505219, 0.00939457202505219, 0.00939457202505219, 
0.00939457202505219, 0.00939457202505219, 0.00939457202505219, 
0, 0, 0, 0, 0, 0, 0, 0, 0, 0, 0, 0, 0, 0, 0, 0, 0, 0, 0, 0, 0, 
0, 0, 0, 0, 0, 0, 0, 0, 0, 0, 0, 0, 0, 0, 0, 0, 0, 0, 0, 1, 1, 
1, 1, 1, 1, 1, 1, 1, 1, 1, 1, 1, 1, 1, 1, 1, 1, 1, 1, 1, 1, 1, 
1, 1, 1, 1, 1, 1, 1, 1, 1, 1, 1, 1, 1, 1, 1, 1, 1, 2, 2, 2, 2, 
2, 2, 2, 2, 2, 2, 2, 2, 2, 2, 2, 2, 2, 2, 2, 2, 2, 2, 2, 2, 2, 
2, 2, 2, 2, 2, 2, 2, 2, 2, 2, 2, 2, 2, 2, 2, 3, 3, 3, 3, 3, 3, 
3, 3, 3, 3, 3, 3, 3, 3, 3, 3, 3, 3, 3, 3, 3, 3, 3, 3, 3, 3, 3, 
3, 3, 3, 3, 3, 3, 3, 3, 3, 3, 3, 3, 3, 2.9, 2.9, 2.9, 2.9, 2.9, 
2.9, 2.9, 2.9, 2.9, 2.9, 2.9, 2.9, 2.9, 2.9, 2.9, 2.9, 2.9, 2.9, 
2.9, 2.9, 2.9, 2.9, 2.9, 2.9, 2.9, 2.9, 2.9, 2.9, 2.9, 2.9, 2.9, 
2.9, 2.9, 2.9, 2.9, 2.9, 2.9, 2.9, 2.9, 2.9, 0.316227766016838, 
0.316227766016838, 0.316227766016838, 0.316227766016838, 0.316227766016838, 
0.316227766016838, 0.316227766016838, 0.316227766016838, 0.316227766016838, 
0.316227766016838, 0.316227766016838, 0.316227766016838, 0.316227766016838, 
0.316227766016838, 0.316227766016838, 0.316227766016838, 0.316227766016838, 
0.316227766016838, 0.316227766016838, 0.316227766016838, 0.316227766016838, 
0.316227766016838, 0.316227766016838, 0.316227766016838, 0.316227766016838, 
0.316227766016838, 0.316227766016838, 0.316227766016838, 0.316227766016838, 
0.316227766016838, 0.316227766016838, 0.316227766016838, 0.316227766016838, 
0.316227766016838, 0.316227766016838, 0.316227766016838, 0.316227766016838, 
0.316227766016838, 0.316227766016838, 0.316227766016838, 29, 
29, 29, 29, 29, 29, 29, 29, 29, 29, 29, 29, 29, 29, 29, 29, 29, 
29, 29, 29, 29, 29, 29, 29, 29, 29, 29, 29, 29, 29, 29, 29, 29, 
29, 29, 29, 29, 29, 29, 29, 0.370563674321503, 0.355949895615866, 
0.347599164926931, 0.368475991649269, 0.3580375782881, 0.360125260960334, 
0.360125260960334, 0.355949895615866, 0.364300626304802, 0.364300626304802, 
0.378914405010438, 0.38517745302714, 0.381002087682672, 0.38517745302714, 
0.378914405010438, 0.383089770354906, 0.38517745302714, 0.372651356993737, 
0.364300626304802, 0.38517745302714, 0.393528183716075, 0.40187891440501, 
0.391440501043841, 0.414405010438413, 0.372651356993737, 0.376826722338205, 
0.389352818371608, 0.40187891440501, 0.397703549060543, 0.38517745302714, 
0.391440501043841, 0.403966597077244, 0.414405010438413, 0.424843423799582, 
0.414405010438413, 0.399791231732777, 0.399791231732777, 0.410229645093946, 
0.387265135699374, 0.414405010438413, 0.629436325678497, 0.644050104384134, 
0.652400835073069, 0.631524008350731, 0.6419624217119, 0.639874739039666, 
0.639874739039666, 0.644050104384134, 0.635699373695198, 0.635699373695198, 
0.621085594989562, 0.61482254697286, 0.618997912317328, 0.61482254697286, 
0.621085594989562, 0.616910229645094, 0.61482254697286, 0.627348643006263, 
0.635699373695198, 0.61482254697286, 0.606471816283925, 0.59812108559499, 
0.608559498956159, 0.585594989561587, 0.627348643006263, 0.623173277661795, 
0.610647181628392, 0.59812108559499, 0.602296450939457, 0.61482254697286, 
0.608559498956159, 0.596033402922756, 0.585594989561587, 0.575156576200417, 
0.585594989561587, 0.600208768267223, 0.600208768267223, 0.589770354906054, 
0.612734864300626, 0.585594989561587, 0.5, 0.5, 0.5, 0.5, 0.5, 
0.5, 0.5, 0.5, 0.5, 0.5, 0.5, 0.5, 0.5, 0.5, 0.5, 0.5, 0.5, 0.5, 
0.5, 0.5, 0.5, 0.5, 0.5, 0.5, 0.5, 0.5, 0.5, 0.5, 0.5, 0.5, 0.5, 
0.5, 0.5, 0.5, 0.5, 0.5, 0.5, 0.5, 0.5, 0.5, 0.183050607238271, 
0.203717611281302, 0.215527327877319, 0.186003036387276, 0.200765182132297, 
0.197812752983293, 0.197812752983293, 0.203717611281302, 0.191907894685284, 
0.191907894685284, 0.171240890642254, 0.162383603195241, 0.168288461493249, 
0.162383603195241, 0.171240890642254, 0.165336032344245, 0.162383603195241, 
0.180098178089267, 0.191907894685284, 0.162383603195241, 0.150573886599223, 
0.138764170003206, 0.153526315748227, 0.121049595109179, 0.180098178089267, 
0.174193319791258, 0.156478744897232, 0.138764170003206, 0.144669028301214, 
0.162383603195241, 0.153526315748227, 0.135811740854201, 0.121049595109179, 
0.106287449364157, 0.121049595109179, 0.14171659915221, 0.14171659915221, 
0.126954453407188, 0.159431174046236, 0.121049595109179, 0, 0, 
0, 0, 0, 0, 0, 0, 0, 0, 0, 0, 0, 0, 0, 0, 0, 0, 0, 0, 0, 0, 0, 
0, 0, 0, 0, 0, 0, 0, 0, 0, 0, 0, 0, 0, 0, 0, 0, 0, 0.984413705402535, 
0.993303096028359, 0.991704516103599, 0.991408042908225, 0.991465403177269, 
0.989087114617591, 0.987876809740202, 0.990572940276631, 0.991362305480088, 
0.986948878296649, 0.98088136024968, 0.992074155223269, 0.978325763836043, 
0.980516152680352, 0.979739724349511, 0.977292248276166, 0.982267575098772, 
0.977456637633735, 0.978076477450105, 0.978339036115053, 0.979118965237589, 
0.973618890073818, 0.976010272100555, 0.977805793581048, 0.976103358397422, 
0.975579820838379, 0.975235190935144, 0.974802243620348, 0.978003154158188, 
0.979553416791087, 0.97491990653087, 0.975362979087731, 0.97737046776145, 
0.970792103046865, 0.978084112439323, 0.971490127824199, 0.974404381745433, 
0.972020203189251, 0.97653062557985, 0.97638075507576, 3, 3, 
3, 3, 3, 3, 3, 3, 3, 3, 3, 3, 3, 3, 3, 3, 3, 3, 3, 3, 3, 3, 3, 
3, 3, 3, 3, 3, 3, 3, 3, 3, 3, 3, 3, 3, 3, 3, 3, 3, 2.15490211624332, 
2.18670572202615, 2.17529466296372, 2.17722582778421, 2.1852407921467, 
2.17590028735876, 2.17262266999907, 2.18050443598064, 2.1803332031974, 
2.16847783110404, 2.1531496339502, 2.17390862411563, 2.14564843383416, 
2.14964806566958, 2.1522252659027, 2.14281390056941, 2.1582584057213, 
2.13742839013642, 2.14485704849232, 2.14192085236614, 2.14711804011628, 
2.12459440431036, 2.13143787239839, 2.13760519958999, 2.14265062443701, 
2.13492287939579, 2.13498523471141, 2.13043021065635, 2.13165301802322, 
2.15242577517502, 2.12608252838818, 2.1218828658582, 2.13114451030677, 
2.10305513077353, 2.13923320016298, 2.10607680059759, 2.12280065762879, 
2.10915529933884, 2.13556967733912, 2.12723821204503, 0.167901511425154, 
0.169479103054288, 0.169729678096386, 0.168804766465931, 0.168112875592824, 
0.167467550677855, 0.171061408376342, 0.166282212127835, 0.167356770787824, 
0.167568270844412, 0.16398785710667, 0.162157991812242, 0.163908796326326, 
0.162122984221614, 0.164611979809999, 0.163222302823251, 0.163458165841934, 
0.162054980780227, 0.162939920638624, 0.163126023191291, 0.159705281534791, 
0.162938865019551, 0.162264828711304, 0.159440910692163, 0.160459474591707, 
0.159510270528553, 0.155477950156418, 0.156662758326596, 0.156213458256731, 
