tmp <-
structure(c(2, 2, 2, 2, 2, 2, 2, 2, 2, 2, 2, 2, 2, 2, 2, 2, 2, 
2, 2, 2, 2, 2, 2, 2, 2, 2, 2, 2, 2, 2, 2, 2, 2, 2, 2, 2, 2, 2, 
2, 2, 3, 3, 3, 3, 3, 3, 3, 3, 3, 3, 3, 3, 3, 3, 3, 3, 3, 3, 3, 
3, 3, 3, 3, 3, 3, 3, 3, 3, 3, 3, 3, 3, 3, 3, 3, 3, 3, 3, 3, 3, 
3, 3, 3, 3, 3, 3, 3, 3, 3, 3, 3, 3, 3, 3, 3, 3, 3, 3, 3, 3, 3, 
3, 3, 3, 3, 3, 3, 3, 3, 3, 3, 3, 3, 3, 3, 3, 3, 3, 3, 3, 0, 0, 
0, 0, 0, 0, 0, 0, 0, 0, 0, 0, 0, 0, 0, 0, 0, 0, 0, 0, 0, 0, 0, 
0, 0, 0, 0, 0, 0, 0, 0, 0, 0, 0, 0, 0, 0, 0, 0, 0, 2201, 2201, 
2201, 2201, 2201, 2201, 2201, 2201, 2201, 2201, 2201, 2201, 2201, 
2201, 2201, 2201, 2201, 2201, 2201, 2201, 2201, 2201, 2201, 2201, 
2201, 2201, 2201, 2201, 2201, 2201, 2201, 2201, 2201, 2201, 2201, 
2201, 2201, 2201, 2201, 2201, 0.00136301681054066, 0.00136301681054066, 
0.00136301681054066, 0.00136301681054066, 0.00136301681054066, 
0.00136301681054066, 0.00136301681054066, 0.00136301681054066, 
0.00136301681054066, 0.00136301681054066, 0.00136301681054066, 
0.00136301681054066, 0.00136301681054066, 0.00136301681054066, 
0.00136301681054066, 0.00136301681054066, 0.00136301681054066, 
0.00136301681054066, 0.00136301681054066, 0.00136301681054066, 
0.00136301681054066, 0.00136301681054066, 0.00136301681054066, 
0.00136301681054066, 0.00136301681054066, 0.00136301681054066, 
0.00136301681054066, 0.00136301681054066, 0.00136301681054066, 
0.00136301681054066, 0.00136301681054066, 0.00136301681054066, 
0.00136301681054066, 0.00136301681054066, 0.00136301681054066, 
0.00136301681054066, 0.00136301681054066, 0.00136301681054066, 
0.00136301681054066, 0.00136301681054066, 1, 1, 1, 1, 1, 1, 1, 
1, 1, 1, 1, 1, 1, 1, 1, 1, 1, 1, 1, 1, 1, 1, 1, 1, 1, 1, 1, 1, 
1, 1, 1, 1, 1, 1, 1, 1, 1, 1, 1, 1, 0, 0, 0, 0, 0, 0, 0, 0, 0, 
0, 0, 0, 0, 0, 0, 0, 0, 0, 0, 0, 0, 0, 0, 0, 0, 0, 0, 0, 0, 0, 
0, 0, 0, 0, 0, 0, 0, 0, 0, 0, 2, 2, 2, 2, 2, 2, 2, 2, 2, 2, 2, 
2, 2, 2, 2, 2, 2, 2, 2, 2, 2, 2, 2, 2, 2, 2, 2, 2, 2, 2, 2, 2, 
2, 2, 2, 2, 2, 2, 2, 2, 2, 2, 2, 2, 2, 2, 2, 2, 2, 2, 2, 2, 2, 
2, 2, 2, 2, 2, 2, 2, 2, 2, 2, 2, 2, 2, 2, 2, 2, 2, 2, 2, 2, 2, 
2, 2, 2, 2, 2, 2, 2, 2, 2, 2, 2, 2, 2, 2, 2, 2, 2, 2, 2, 2, 2, 
2, 2, 2, 2, 2, 2, 2, 2, 2, 2, 2, 2, 2, 2, 2, 2, 2, 2, 2, 2, 2, 
2, 2, 2, 2, 0, 0, 0, 0, 0, 0, 0, 0, 0, 0, 0, 0, 0, 0, 0, 0, 0, 
0, 0, 0, 0, 0, 0, 0, 0, 0, 0, 0, 0, 0, 0, 0, 0, 0, 0, 0, 0, 0, 
0, 0, 2, 2, 2, 2, 2, 2, 2, 2, 2, 2, 2, 2, 2, 2, 2, 2, 2, 2, 2, 
2, 2, 2, 2, 2, 2, 2, 2, 2, 2, 2, 2, 2, 2, 2, 2, 2, 2, 2, 2, 2, 
0.333939118582463, 0.339391185824625, 0.337573830077238, 0.343934575193094, 
0.339391185824625, 0.341208541572013, 0.342117219445706, 0.337573830077238, 
0.344843253066788, 0.3430258973194, 0.36210813266697, 0.352112676056338, 
0.353930031803726, 0.361199454793276, 0.360290776919582, 0.348477964561563, 
0.358473421172194, 0.365742844161745, 0.357564743298501, 0.343934575193094, 
0.373012267151295, 0.387551113130395, 0.373012267151295, 0.373920945024989, 
0.378464334393458, 0.374829622898682, 0.375738300772376, 0.36937755565652, 
0.384825079509314, 0.375738300772376, 0.384825079509314, 0.404815992730577, 
0.409359382099046, 0.38391640163562, 0.393911858246252, 0.401181281235802, 
0.405724670604271, 0.398455247614721, 0.398455247614721, 0.382099045888233, 
0.666060881417537, 0.660608814175375, 0.662426169922762, 0.656065424806906, 
0.660608814175375, 0.658791458427987, 0.657882780554294, 0.662426169922762, 
0.655156746933212, 0.6569741026806, 0.63789186733303, 0.647887323943662, 
0.646069968196274, 0.638800545206724, 0.639709223080418, 0.651522035438437, 
0.641526578827806, 0.634257155838255, 0.642435256701499, 0.656065424806906, 
0.626987732848705, 0.612448886869605, 0.626987732848705, 0.626079054975011, 
0.621535665606542, 0.625170377101318, 0.624261699227624, 0.63062244434348, 
0.615174920490686, 0.624261699227624, 0.615174920490686, 0.595184007269423, 
0.590640617900954, 0.61608359836438, 0.606088141753748, 0.598818718764198, 
0.594275329395729, 0.601544752385279, 0.601544752385279, 0.617900954111767, 
0.5, 0.5, 0.5, 0.5, 0.5, 0.5, 0.5, 0.5, 0.5, 0.5, 0.5, 0.5, 0.5, 
0.5, 0.5, 0.5, 0.5, 0.5, 0.5, 0.5, 0.5, 0.5, 0.5, 0.5, 0.5, 0.5, 
0.5, 0.5, 0.5, 0.5, 0.5, 0.5, 0.5, 0.5, 0.5, 0.5, 0.5, 0.5, 0.5, 
0.5, 0.234845550680312, 0.227135163243475, 0.229705292389087, 
0.220709840379445, 0.227135163243475, 0.224565034097863, 0.223279969525057, 
0.229705292389087, 0.219424775806639, 0.221994904952251, 0.195008548923323, 
0.20914425922419, 0.206574130078578, 0.196293613496129, 0.197578678068935, 
0.214284517515414, 0.200148807214548, 0.189868290632099, 0.201433871787354, 
0.220709840379445, 0.17958777404965, 0.159026740884753, 0.17958777404965, 
0.178302709476844, 0.171877386612814, 0.177017644904038, 0.175732580331232, 
0.184728032340875, 0.162881934603171, 0.175732580331232, 0.162881934603171, 
0.134610514001437, 0.128185191137407, 0.164166999175977, 0.15003128887511, 
0.139750772292662, 0.133325449428631, 0.14360596601108, 0.14360596601108, 
0.166737128321589, 2.03420752163786, 2.05239619416375, 2.04523813125498, 
2.06111896982883, 2.04566288919261, 2.04218144124515, 2.05687134165704, 
2.0466636973706, 2.0581667324379, 2.06952351171203, 2.07594531720549, 
2.03899562734515, 2.07645299048854, 2.08033087057823, 2.06070072048349, 
2.06166761274896, 2.0609267098344, 2.07721255754966, 2.061619839676, 
2.04248550201295, 2.07997467066014, 2.11689736988415, 2.10432738026567, 
2.0867960620677, 2.06890390366403, 2.07729689611426, 2.06481298625995, 
2.04865727318137, 2.09051275636152, 2.07041142424662, 2.06387132514912, 
2.08759517877371, 2.08624600064535, 2.06834151663529, 2.06893665662709, 
2.08775368449688, 2.08917460862681, 2.07601422181651, 2.07301513546666, 
2.05493803460571, 2.03420752163786, 2.05239619416375, 2.04523813125498, 
2.06111896982883, 2.04566288919261, 2.04218144124515, 2.05687134165704, 
2.0466636973706, 2.0581667324379, 2.06952351171203, 2.07594531720549, 
2.03899562734515, 2.07645299048854, 2.08033087057823, 2.06070072048349, 
2.06166761274897, 2.0609267098344, 2.07721255754966, 2.061619839676, 
2.04248550201295, 2.07997467066014, 2.11689736988416, 2.10432738026567, 
2.0867960620677, 2.06890390366403, 2.07729689611426, 2.06481298625995, 
2.04865727318137, 2.09051275636152, 2.07041142424662, 2.06387132514912, 
2.08759517877371, 2.08624600064535, 2.06834151663529, 2.06893665662709, 
2.08775368449688, 2.08917460862681, 2.07601422181651, 2.07301513546666, 
2.05493803460571, 8.37444298552845, 8.56518159513523, 8.46231812910959, 
8.53234729896513, 8.41123354641586, 8.33793984954469, 8.53757817045499, 
8.46450889030173, 8.4663775705244, 8.59254984277587, 8.45470646674693, 
8.17196714255274, 8.68796202210723, 8.530198118728, 8.26931046504068, 
8.51129203896194, 8.38784490572502, 8.48120996062412, 8.28434938575859, 
8.30245009207327, 8.468582575249, 8.80441743161915, 8.82783690485376, 
8.43350765314298, 8.16441943755768, 8.39360444329283, 8.19810366714615, 
8.01449461140529, 8.38736343210462, 8.15654446830168, 7.93244597547583, 
8.186578942929, 8.08437772885486, 8.05212361103969, 8.02075571150597, 
8.12278000631189, 8.15151078470981, 8.06185380017051, 8.03146710420198, 
7.96362200593546, 8.37444298552845, 8.56518159513523, 8.46231812910959, 
8.53234729896513, 8.41123354641586, 8.33793984954469, 8.53757817045499, 
8.46450889030173, 8.4663775705244, 8.59254984277587, 8.45470646674693, 
8.17196714255274, 8.68796202210723, 8.530198118728, 8.26931046504068, 
8.51129203896195, 8.38784490572503, 8.48120996062412, 8.28434938575859, 
8.30245009207327, 8.468582575249, 8.80441743161915, 8.82783690485376, 
8.43350765314298, 8.16441943755768, 8.39360444329283, 8.19810366714615, 
8.01449461140529, 8.38736343210462, 8.15654446830167, 7.93244597547583, 
8.186578942929, 8.08437772885486, 8.05212361103969, 8.02075571150597, 
8.12278000631189, 8.15151078470981, 8.06185380017051, 8.03146710420198, 
7.96362200593546, 0.151786531221098, 0.149235789353432, 0.151828929101857, 
0.151485652331387, 0.15193325402396, 0.154902365874423, 0.151819097273862, 
