tmp <-
structure(c(4, 4, 4, 4, 4, 4, 4, 4, 4, 4, 4, 4, 4, 4, 4, 4, 4, 
4, 4, 4, 4, 4, 4, 4, 4, 4, 4, 4, 4, 4, 4, 4, 4, 4, 4, 4, 4, 4, 
4, 4, 18, 18, 18, 18, 18, 18, 18, 18, 18, 18, 18, 18, 18, 18, 
18, 18, 18, 18, 18, 18, 18, 18, 18, 18, 18, 18, 18, 18, 18, 18, 
18, 18, 18, 18, 18, 18, 18, 18, 18, 18, 18, 18, 18, 18, 18, 18, 
18, 18, 18, 18, 18, 18, 18, 18, 18, 18, 18, 18, 18, 18, 18, 18, 
18, 18, 18, 18, 18, 18, 18, 18, 18, 18, 18, 18, 18, 18, 18, 18, 
18, 18, 0, 0, 0, 0, 0, 0, 0, 0, 0, 0, 0, 0, 0, 0, 0, 0, 0, 0, 
0, 0, 0, 0, 0, 0, 0, 0, 0, 0, 0, 0, 0, 0, 0, 0, 0, 0, 0, 0, 0, 
0, 846, 846, 846, 846, 846, 846, 846, 846, 846, 846, 846, 846, 
846, 846, 846, 846, 846, 846, 846, 846, 846, 846, 846, 846, 846, 
846, 846, 846, 846, 846, 846, 846, 846, 846, 846, 846, 846, 846, 
846, 846, 0.0212765957446809, 0.0212765957446809, 0.0212765957446809, 
0.0212765957446809, 0.0212765957446809, 0.0212765957446809, 0.0212765957446809, 
0.0212765957446809, 0.0212765957446809, 0.0212765957446809, 0.0212765957446809, 
0.0212765957446809, 0.0212765957446809, 0.0212765957446809, 0.0212765957446809, 
0.0212765957446809, 0.0212765957446809, 0.0212765957446809, 0.0212765957446809, 
0.0212765957446809, 0.0212765957446809, 0.0212765957446809, 0.0212765957446809, 
0.0212765957446809, 0.0212765957446809, 0.0212765957446809, 0.0212765957446809, 
0.0212765957446809, 0.0212765957446809, 0.0212765957446809, 0.0212765957446809, 
0.0212765957446809, 0.0212765957446809, 0.0212765957446809, 0.0212765957446809, 
0.0212765957446809, 0.0212765957446809, 0.0212765957446809, 0.0212765957446809, 
0.0212765957446809, 1, 1, 1, 1, 1, 1, 1, 1, 1, 1, 1, 1, 1, 1, 
1, 1, 1, 1, 1, 1, 1, 1, 1, 1, 1, 1, 1, 1, 1, 1, 1, 1, 1, 1, 1, 
1, 1, 1, 1, 1, 0, 0, 0, 0, 0, 0, 0, 0, 0, 0, 0, 0, 0, 0, 0, 0, 
0, 0, 0, 0, 0, 0, 0, 0, 0, 0, 0, 0, 0, 0, 0, 0, 0, 0, 0, 0, 0, 
0, 0, 0, 4, 4, 4, 4, 4, 4, 4, 4, 4, 4, 4, 4, 4, 4, 4, 4, 4, 4, 
4, 4, 4, 4, 4, 4, 4, 4, 4, 4, 4, 4, 4, 4, 4, 4, 4, 4, 4, 4, 4, 
4, 4, 4, 4, 4, 4, 4, 4, 4, 4, 4, 4, 4, 4, 4, 4, 4, 4, 4, 4, 4, 
4, 4, 4, 4, 4, 4, 4, 4, 4, 4, 4, 4, 4, 4, 4, 4, 4, 4, 4, 4, 4, 
4, 4, 4, 4, 4, 4, 4, 4, 4, 4, 4, 4, 4, 4, 4, 4, 4, 4, 4, 4, 4, 
4, 4, 4, 4, 4, 4, 4, 4, 4, 4, 4, 4, 4, 4, 4, 4, 4, 4, 0, 0, 0, 
0, 0, 0, 0, 0, 0, 0, 0, 0, 0, 0, 0, 0, 0, 0, 0, 0, 0, 0, 0, 0, 
0, 0, 0, 0, 0, 0, 0, 0, 0, 0, 0, 0, 0, 0, 0, 0, 4, 4, 4, 4, 4, 
4, 4, 4, 4, 4, 4, 4, 4, 4, 4, 4, 4, 4, 4, 4, 4, 4, 4, 4, 4, 4, 
4, 4, 4, 4, 4, 4, 4, 4, 4, 4, 4, 4, 4, 4, 0.24113475177305, 0.238770685579196, 
0.24113475177305, 0.230496453900709, 0.24113475177305, 0.242316784869976, 
0.235224586288416, 0.235224586288416, 0.238770685579196, 0.243498817966903, 
0.239952718676123, 0.230496453900709, 0.222222222222222, 0.247044917257683, 
0.235224586288416, 0.24113475177305, 0.238770685579196, 0.239952718676123, 
0.238770685579196, 0.228132387706856, 0.24468085106383, 0.239952718676123, 
0.239952718676123, 0.24113475177305, 0.232860520094563, 0.228132387706856, 
0.236406619385343, 0.236406619385343, 0.23758865248227, 0.242316784869976, 
0.235224586288416, 0.242316784869976, 0.239952718676123, 0.225768321513002, 
0.239952718676123, 0.231678486997636, 0.23758865248227, 0.211583924349882, 
0.243498817966903, 0.242316784869976, 0.254137115839243, 0.26241134751773, 
0.267139479905437, 0.26241134751773, 0.256501182033097, 0.25886524822695, 
0.260047281323877, 0.263593380614657, 0.26241134751773, 0.260047281323877, 
0.254137115839243, 0.263593380614657, 0.269503546099291, 0.252955082742317, 
0.261229314420804, 0.257683215130024, 0.261229314420804, 0.265957446808511, 
0.260047281323877, 0.261229314420804, 0.261229314420804, 0.261229314420804, 
0.263593380614657, 0.256501182033097, 0.263593380614657, 0.25886524822695, 
0.261229314420804, 0.25886524822695, 0.261229314420804, 0.261229314420804, 
0.26241134751773, 0.261229314420804, 0.256501182033097, 0.25886524822695, 
0.26241134751773, 0.265957446808511, 0.265957446808511, 0.276595744680851, 
0.256501182033097, 0.264775413711584, 0.25, 0.25, 0.25, 0.25, 
0.25, 0.25, 0.25, 0.25, 0.25, 0.25, 0.25, 0.25, 0.25, 0.25, 0.25, 
0.25, 0.25, 0.25, 0.25, 0.25, 0.25, 0.25, 0.25, 0.25, 0.25, 0.25, 
0.25, 0.25, 0.25, 0.25, 0.25, 0.25, 0.25, 0.25, 0.25, 0.25, 0.25, 
0.25, 0.25, 0.25, 0.00598844923308536, 0.00986602366079504, 0.0118006139731063, 
0.0138689644655619, 0.00658128175275416, 0.00685850874134326, 
0.0117610808168631, 0.0119574396418389, 0.00986602366079504, 
0.00804593296164781, 0.00679026317557685, 0.0140690079364516, 
0.0199082822642392, 0.00246059810811599, 0.0109829470959546, 
0.00685850874134326, 0.00918138707465014, 0.0111929650995601, 
0.00876619206512489, 0.0151220181736765, 0.0078109643820327, 
0.0110252707483319, 0.0105944284158777, 0.00685850874134326, 
0.0148735902980117, 0.0147478071491039, 0.01252806390511, 0.0109404597138809, 
0.00986602366079504, 0.00849639820837188, 0.0119963257270594, 
0.00849639820837188, 0.00731843011071973, 0.0161640594931174, 
0.00957860187639339, 0.0141350599800253, 0.0127125814065419, 
0.0286058521961177, 0.00750691839371853, 0.0105944284158777, 
0.872066138296697, 0.862165842696548, 0.816182089577934, 0.84396624227964, 
1.19842079266335, 0.887523209803433, 0.870479821401132, 0.823432817040932, 
1.18210110517624, 0.857725297714241, 1.01475128884797, 0.952787782898895, 
0.829637494187046, 0.845791372676404, 0.834653957985702, 0.875253189161996, 
0.953417006569116, 0.854616341264243, 0.866289874905522, 1.01197858278334, 
1.00184695382439, 0.832395243395864, 0.84145608842803, 0.856426972806941, 
0.809727404715652, 0.809719802097487, 1.06115917250579, 1.01825735771585, 
1.004828309536, 0.841077949784243, 1.02178762589218, 0.903264969080064, 
0.992537514976646, 0.828235790185282, 0.942925755295404, 1.0385671093053, 
1.15991683714029, 1.02962656770246, 0.994423397439884, 0.981056696116564, 
0.872066138296697, 0.862165842696548, 0.816182089577934, 0.84396624227964, 
1.19842079266335, 0.887523209803433, 0.870479821401131, 0.823432817040933, 
1.18210110517624, 0.85772529771424, 1.01475128884797, 0.952787782898894, 
0.829637494187046, 0.845791372676404, 0.834653957985702, 0.875253189161996, 
0.953417006569117, 0.854616341264244, 0.866289874905522, 1.01197858278334, 
1.00184695382439, 0.832395243395864, 0.841456088428029, 0.856426972806941, 
0.809727404715652, 0.809719802097487, 1.06115917250579, 1.01825735771585, 
1.004828309536, 0.841077949784243, 1.02178762589218, 0.903264969080064, 
0.992537514976646, 0.828235790185282, 0.942925755295404, 1.0385671093053, 
1.15991683714029, 1.02962656770246, 0.994423397439884, 0.981056696116564, 
5.79776149710996, 5.38027346738087, 5.28234402999403, 5.33213100570726, 
9.85071347714113, 5.70935638355693, 5.37527601630666, 5.27543576875027, 
8.53214047521458, 5.23634393503096, 7.24491392292519, 6.5531752701797, 
5.12600766260835, 5.17258921157106, 5.15498111057217, 5.48946615798325, 
6.42529497721926, 5.19365677054202, 5.19149153233743, 7.18024822567034, 
6.95596987301882, 5.13763176509444, 4.99146581395786, 5.30499953616803, 
5.11902433007678, 5.19987520125836, 7.60144811798706, 7.26612770238161, 
7.26185026434535, 5.20935246148301, 6.88526297317689, 6.08772489003302, 
7.35783705502875, 5.07451523010302, 6.70703065993805, 7.5932466635228, 
9.09276567160031, 7.13066557646101, 7.19631916865961, 6.38838909601418, 
5.79776149710996, 5.38027346738087, 5.28234402999404, 5.33213100570726, 
9.85071347714113, 5.70935638355693, 5.37527601630666, 5.27543576875027, 
8.53214047521458, 5.23634393503095, 7.24491392292519, 6.5531752701797, 
5.12600766260835, 5.17258921157106, 5.15498111057217, 5.48946615798325, 
6.42529497721926, 5.19365677054202, 5.19149153233743, 7.18024822567034, 
6.95596987301882, 5.13763176509444, 4.99146581395786, 5.30499953616803, 
5.11902433007678, 5.19987520125836, 7.60144811798706, 7.26612770238162, 
7.26185026434535, 5.20935246148301, 6.88526297317689, 6.08772489003302, 
7.35783705502875, 5.07451523010302, 6.70703065993805, 7.5932466635228, 
