tmp <-
structure(c(11, 11, 11, 11, 11, 11, 11, 11, 11, 11, 11, 11, 11, 
11, 11, 11, 11, 11, 11, 11, 11, 11, 11, 11, 11, 11, 11, 11, 11, 
11, 11, 11, 11, 11, 11, 11, 11, 11, 11, 11, 10, 10, 10, 10, 10, 
10, 10, 10, 10, 10, 10, 10, 10, 10, 10, 10, 10, 10, 10, 10, 10, 
10, 10, 10, 10, 10, 10, 10, 10, 10, 10, 10, 10, 10, 10, 10, 10, 
10, 10, 10, 10, 10, 10, 10, 10, 10, 10, 10, 10, 10, 10, 10, 10, 
10, 10, 10, 10, 10, 10, 10, 10, 10, 10, 10, 10, 10, 10, 10, 10, 
10, 10, 10, 10, 10, 10, 10, 10, 10, 10, 10, 0, 0, 0, 0, 0, 0, 
0, 0, 0, 0, 0, 0, 0, 0, 0, 0, 0, 0, 0, 0, 0, 0, 0, 0, 0, 0, 0, 
0, 0, 0, 0, 0, 0, 0, 0, 0, 0, 0, 0, 0, 990, 990, 990, 990, 990, 
990, 990, 990, 990, 990, 990, 990, 990, 990, 990, 990, 990, 990, 
990, 990, 990, 990, 990, 990, 990, 990, 990, 990, 990, 990, 990, 
990, 990, 990, 990, 990, 990, 990, 990, 990, 0.0101010101010101, 
0.0101010101010101, 0.0101010101010101, 0.0101010101010101, 0.0101010101010101, 
0.0101010101010101, 0.0101010101010101, 0.0101010101010101, 0.0101010101010101, 
0.0101010101010101, 0.0101010101010101, 0.0101010101010101, 0.0101010101010101, 
0.0101010101010101, 0.0101010101010101, 0.0101010101010101, 0.0101010101010101, 
0.0101010101010101, 0.0101010101010101, 0.0101010101010101, 0.0101010101010101, 
0.0101010101010101, 0.0101010101010101, 0.0101010101010101, 0.0101010101010101, 
0.0101010101010101, 0.0101010101010101, 0.0101010101010101, 0.0101010101010101, 
0.0101010101010101, 0.0101010101010101, 0.0101010101010101, 0.0101010101010101, 
0.0101010101010101, 0.0101010101010101, 0.0101010101010101, 0.0101010101010101, 
0.0101010101010101, 0.0101010101010101, 0.0101010101010101, 1, 
1, 1, 1, 1, 1, 1, 1, 1, 1, 1, 1, 1, 1, 1, 1, 1, 1, 1, 1, 1, 1, 
1, 1, 1, 1, 1, 1, 1, 1, 1, 1, 1, 1, 1, 1, 1, 1, 1, 1, 0, 0, 0, 
0, 0, 0, 0, 0, 0, 0, 0, 0, 0, 0, 0, 0, 0, 0, 0, 0, 0, 0, 0, 0, 
0, 0, 0, 0, 0, 0, 0, 0, 0, 0, 0, 0, 0, 0, 0, 0, 11, 11, 11, 11, 
11, 11, 11, 11, 11, 11, 11, 11, 11, 11, 11, 11, 11, 11, 11, 11, 
11, 11, 11, 11, 11, 11, 11, 11, 11, 11, 11, 11, 11, 11, 11, 11, 
11, 11, 11, 11, 11, 11, 11, 11, 11, 11, 11, 11, 11, 11, 11, 11, 
11, 11, 11, 11, 11, 11, 11, 11, 11, 11, 11, 11, 11, 11, 11, 11, 
11, 11, 11, 11, 11, 11, 11, 11, 11, 11, 11, 11, 11, 11, 11, 11, 
11, 11, 11, 11, 11, 11, 11, 11, 11, 11, 11, 11, 11, 11, 11, 11, 
11, 11, 11, 11, 11, 11, 11, 11, 11, 11, 11, 11, 11, 11, 11, 11, 
11, 11, 11, 11, 0, 0, 0, 0, 0, 0, 0, 0, 0, 0, 0, 0, 0, 0, 0, 
0, 0, 0, 0, 0, 0, 0, 0, 0, 0, 0, 0, 0, 0, 0, 0, 0, 0, 0, 0, 0, 
0, 0, 0, 0, 11, 11, 11, 11, 11, 11, 11, 11, 11, 11, 11, 11, 11, 
11, 11, 11, 11, 11, 11, 11, 11, 11, 11, 11, 11, 11, 11, 11, 11, 
11, 11, 11, 11, 11, 11, 11, 11, 11, 11, 11, 0.0858585858585859, 
0.0848484848484849, 0.0858585858585859, 0.0838383838383838, 0.0838383838383838, 
0.0878787878787879, 0.0868686868686869, 0.0858585858585859, 0.0868686868686869, 
0.0868686868686869, 0.0848484848484849, 0.0848484848484849, 0.0808080808080808, 
0.0828282828282828, 0.0838383838383838, 0.0858585858585859, 0.0838383838383838, 
0.0848484848484849, 0.0848484848484849, 0.0868686868686869, 0.0787878787878788, 
0.0818181818181818, 0.0838383838383838, 0.0838383838383838, 0.0777777777777778, 
0.0858585858585859, 0.0818181818181818, 0.0828282828282828, 0.0818181818181818, 
0.0828282828282828, 0.0808080808080808, 0.0808080808080808, 0.0838383838383838, 
0.0747474747474747, 0.0767676767676768, 0.0818181818181818, 0.0818181818181818, 
0.0828282828282828, 0.0808080808080808, 0.0797979797979798, 0.094949494949495, 
0.095959595959596, 0.094949494949495, 0.095959595959596, 0.0939393939393939, 
0.095959595959596, 0.094949494949495, 0.095959595959596, 0.0929292929292929, 
0.094949494949495, 0.103030303030303, 0.094949494949495, 0.098989898989899, 
0.1, 0.095959595959596, 0.097979797979798, 0.094949494949495, 
0.096969696969697, 0.098989898989899, 0.095959595959596, 0.098989898989899, 
0.097979797979798, 0.1, 0.098989898989899, 0.103030303030303, 
0.095959595959596, 0.1, 0.096969696969697, 0.095959595959596, 
0.096969696969697, 0.1, 0.101010101010101, 0.103030303030303, 
0.102020202020202, 0.105050505050505, 0.097979797979798, 0.095959595959596, 
0.096969696969697, 0.1, 0.104040404040404, 0.0909090909090909, 
0.0909090909090909, 0.0909090909090909, 0.0909090909090909, 0.0909090909090909, 
0.0909090909090909, 0.0909090909090909, 0.0909090909090909, 0.0909090909090909, 
0.0909090909090909, 0.0909090909090909, 0.0909090909090909, 0.0909090909090909, 
0.0909090909090909, 0.0909090909090909, 0.0909090909090909, 0.0909090909090909, 
0.0909090909090909, 0.0909090909090909, 0.0909090909090909, 0.0909090909090909, 
0.0909090909090909, 0.0909090909090909, 0.0909090909090909, 0.0909090909090909, 
0.0909090909090909, 0.0909090909090909, 0.0909090909090909, 0.0909090909090909, 
0.0909090909090909, 0.0909090909090909, 0.0909090909090909, 0.0909090909090909, 
0.0909090909090909, 0.0909090909090909, 0.0909090909090909, 0.0909090909090909, 
0.0909090909090909, 0.0909090909090909, 0.0909090909090909, 0.00271038542727247, 
0.00319421985875594, 0.00296219763608387, 0.00366987921708787, 
0.00309691105389008, 0.00259499648053841, 0.00278465631355358, 
0.00271038542727247, 0.00230338469716997, 0.00251513123191691, 
0.00456225850126716, 0.00369757681166124, 0.00471620910300151, 
0.00503026246383383, 0.0039121043901085, 0.00411546440150775, 
0.00393809872517534, 0.00426162083024828, 0.00377945190583226, 
0.00361384723636329, 0.00693962183325966, 0.00451730904545412, 
0.00486529073890598, 0.00540191594227108, 0.007824208780217, 
0.00322600392377198, 0.00649927593622037, 0.00414018212766044, 
0.00449466574975495, 0.00465085431645306, 0.00634034538443443, 
0.00549554363989311, 0.00662367527707273, 0.0074774769791199, 
0.00771918108062335, 0.00492780239096989, 0.00471620910300151, 
0.00465085431645306, 0.00611090240899158, 0.0065617704116815, 
0.441939661026876, 0.416388846271746, 0.427068282102908, 0.467351648045531, 
0.471332619884636, 0.422219652751485, 0.471623375154175, 0.390967557817798, 
0.439063714999529, 0.455162875005036, 0.47220528293109, 0.430018918741772, 
0.436532920522638, 0.481489456291189, 0.466279214552539, 0.437681415998989, 
0.432194673008875, 0.43007791046033, 0.423514182764762, 0.453170872436855, 
0.443128927790041, 0.431099056515976, 0.441469154614015, 0.434669171437282, 
0.436777361971638, 0.412377431698525, 0.421769677596754, 0.45674744460148, 
0.449772394271351, 0.422595044525901, 0.411697230193967, 0.441053454002855, 
0.407488646873294, 0.447233119776471, 0.410493146771406, 0.418123140964781, 
0.44648307561047, 0.414015576822193, 0.434159580963807, 0.41866749234929, 
0.441939661026876, 0.416388846271746, 0.427068282102908, 0.467351648045531, 
0.471332619884636, 0.422219652751485, 0.471623375154175, 0.390967557817798, 
0.439063714999529, 0.455162875005036, 0.47220528293109, 0.430018918741772, 
0.436532920522638, 0.481489456291189, 0.466279214552539, 0.437681415998989, 
0.432194673008875, 0.43007791046033, 0.423514182764762, 0.453170872436855, 
0.443128927790041, 0.431099056515976, 0.441469154614015, 0.434669171437282, 
0.436777361971638, 0.412377431698525, 0.421769677596754, 0.45674744460148, 
0.449772394271351, 0.422595044525901, 0.411697230193967, 0.441053454002855, 
0.407488646873294, 0.447233119776471, 0.410493146771406, 0.418123140964781, 
0.44648307561047, 0.414015576822193, 0.434159580963807, 0.41866749234929, 
2.94895964218122, 2.8045867822772, 2.93983614293699, 3.0496266382801, 
3.13420201648595, 2.84515774291087, 3.09443172273447, 2.78025771438672, 
3.06710749668296, 2.93754435471305, 3.17696748340527, 3.09689112656225, 
3.03092656262127, 3.1250429761797, 3.00029251235044, 2.94051758385172, 
3.07426279207237, 2.99407346581729, 3.01906383003349, 3.1757500087388, 
3.07653760011923, 2.97183985952542, 3.06145668809911, 3.05320051591708, 
2.98295964758859, 2.88381720011929, 2.95996883066966, 3.12900258108576, 
3.11070286830025, 2.95972731017937, 3.03383177580903, 3.01201388806756, 
