tmp <-
structure(c(3, 3, 3, 3, 3, 3, 3, 3, 3, 3, 3, 3, 3, 3, 3, 3, 3, 
3, 3, 3, 3, 3, 3, 3, 3, 3, 3, 3, 3, 3, 3, 3, 3, 3, 3, 3, 3, 3, 
3, 3, 40, 40, 40, 40, 40, 40, 40, 40, 40, 40, 40, 40, 40, 40, 
40, 40, 40, 40, 40, 40, 40, 40, 40, 40, 40, 40, 40, 40, 40, 40, 
40, 40, 40, 40, 40, 40, 40, 40, 40, 40, 40, 40, 40, 40, 40, 40, 
40, 40, 40, 40, 40, 40, 40, 40, 40, 40, 40, 40, 40, 40, 40, 40, 
40, 40, 40, 40, 40, 40, 40, 40, 40, 40, 40, 40, 40, 40, 40, 40, 
40, 40, 0, 0, 0, 0, 0, 0, 0, 0, 0, 0, 0, 0, 0, 0, 0, 0, 0, 0, 
0, 0, 0, 0, 0, 0, 0, 0, 0, 0, 0, 0, 0, 0, 0, 0, 0, 0, 0, 0, 0, 
0, 5000, 5000, 5000, 5000, 5000, 5000, 5000, 5000, 5000, 5000, 
5000, 5000, 5000, 5000, 5000, 5000, 5000, 5000, 5000, 5000, 5000, 
5000, 5000, 5000, 5000, 5000, 5000, 5000, 5000, 5000, 5000, 5000, 
5000, 5000, 5000, 5000, 5000, 5000, 5000, 5000, 0.008, 0.008, 
0.008, 0.008, 0.008, 0.008, 0.008, 0.008, 0.008, 0.008, 0.008, 
0.008, 0.008, 0.008, 0.008, 0.008, 0.008, 0.008, 0.008, 0.008, 
0.008, 0.008, 0.008, 0.008, 0.008, 0.008, 0.008, 0.008, 0.008, 
0.008, 0.008, 0.008, 0.008, 0.008, 0.008, 0.008, 0.008, 0.008, 
0.008, 0.008, 1, 1, 1, 1, 1, 1, 1, 1, 1, 1, 1, 1, 1, 1, 1, 1, 
1, 1, 1, 1, 1, 1, 1, 1, 1, 1, 1, 1, 1, 1, 1, 1, 1, 1, 1, 1, 1, 
1, 1, 1, 0, 0, 0, 0, 0, 0, 0, 0, 0, 0, 0, 0, 0, 0, 0, 0, 0, 0, 
0, 0, 0, 0, 0, 0, 0, 0, 0, 0, 0, 0, 0, 0, 0, 0, 0, 0, 0, 0, 0, 
0, 3, 3, 3, 3, 3, 3, 3, 3, 3, 3, 3, 3, 3, 3, 3, 3, 3, 3, 3, 3, 
3, 3, 3, 3, 3, 3, 3, 3, 3, 3, 3, 3, 3, 3, 3, 3, 3, 3, 3, 3, 3, 
3, 3, 3, 3, 3, 3, 3, 3, 3, 3, 3, 3, 3, 3, 3, 3, 3, 3, 3, 3, 3, 
3, 3, 3, 3, 3, 3, 3, 3, 3, 3, 3, 3, 3, 3, 3, 3, 3, 3, 3, 3, 3, 
3, 3, 3, 3, 3, 3, 3, 3, 3, 3, 3, 3, 3, 3, 3, 3, 3, 3, 3, 3, 3, 
3, 3, 3, 3, 3, 3, 3, 3, 3, 3, 3, 3, 3, 3, 3, 3, 0, 0, 0, 0, 0, 
0, 0, 0, 0, 0, 0, 0, 0, 0, 0, 0, 0, 0, 0, 0, 0, 0, 0, 0, 0, 0, 
0, 0, 0, 0, 0, 0, 0, 0, 0, 0, 0, 0, 0, 0, 3, 3, 3, 3, 3, 3, 3, 
3, 3, 3, 3, 3, 3, 3, 3, 3, 3, 3, 3, 3, 3, 3, 3, 3, 3, 3, 3, 3, 
3, 3, 3, 3, 3, 3, 3, 3, 3, 3, 3, 3, 0.33, 0.326, 0.3266, 0.3314, 
0.3264, 0.329, 0.3322, 0.3292, 0.3304, 0.3304, 0.3258, 0.3252, 
0.3268, 0.3308, 0.3306, 0.328, 0.329, 0.329, 0.3306, 0.3296, 
0.3282, 0.3304, 0.327, 0.333, 0.325, 0.3262, 0.3268, 0.3264, 
0.3308, 0.3274, 0.321, 0.3288, 0.3314, 0.3292, 0.3274, 0.331, 
0.3238, 0.3302, 0.328, 0.327, 0.338, 0.3384, 0.3374, 0.337, 0.3408, 
0.3404, 0.3342, 0.3382, 0.3352, 0.3356, 0.3392, 0.3476, 0.3374, 
0.337, 0.3356, 0.3372, 0.341, 0.3394, 0.336, 0.3372, 0.3386, 
0.3358, 0.3374, 0.3338, 0.3472, 0.3372, 0.346, 0.338, 0.3366, 
0.3414, 0.3412, 0.338, 0.3344, 0.3364, 0.3376, 0.3362, 0.3388, 
0.338, 0.3382, 0.344, 0.333333333333333, 0.333333333333333, 0.333333333333333, 
0.333333333333333, 0.333333333333333, 0.333333333333333, 0.333333333333333, 
0.333333333333333, 0.333333333333333, 0.333333333333333, 0.333333333333333, 
0.333333333333333, 0.333333333333333, 0.333333333333333, 0.333333333333333, 
0.333333333333333, 0.333333333333333, 0.333333333333333, 0.333333333333333, 
0.333333333333333, 0.333333333333333, 0.333333333333333, 0.333333333333333, 
0.333333333333333, 0.333333333333333, 0.333333333333333, 0.333333333333333, 
0.333333333333333, 0.333333333333333, 0.333333333333333, 0.333333333333333, 
0.333333333333333, 0.333333333333333, 0.333333333333333, 0.333333333333333, 
0.333333333333333, 0.333333333333333, 0.333333333333333, 0.333333333333333, 
0.333333333333333, 0.00416333199893227, 0.00650333247907049, 
0.0058731025304632, 0.00317700068198505, 0.00721479960451662, 
0.00617197969320486, 0.00102632028788938, 0.00454459385790781, 
0.00257164020293143, 0.00266333124739175, 0.00685370945790187, 
0.0123956981785349, 0.00571430952375992, 0.00325166623953527, 
0.00253245598842968, 0.00477214137817953, 0.0066583281184794, 
0.00541233159861193, 0.00270061721340389, 0.00380175398116887, 
0.00520128189327722, 0.00273007936392575, 0.00555817715922524, 
0.000416333199893212, 0.012090216430376, 0.00618492791658346, 
0.010971478174491, 0.00612318000170935, 0.00296872587709499, 
0.00723970533470341, 0.0108154210890438, 0.00460144904712999, 
0.00167729941672122, 0.00371662929727102, 0.00530031445608025, 
0.00264070697604511, 0.00828573070605927, 0.00411987054812812, 
0.00511598801145324, 0.00929157324317754, 0.103945113773597, 
0.1058423242238, 0.103799726117908, 0.10637978587275, 0.0963455279639515, 
0.0940789160614679, 0.10608990140546, 0.111390170173611, 0.102641630309388, 
0.102307316863048, 0.12283283205698, 0.123575850091342, 0.122394693031266, 
0.126256576342063, 0.127245285468854, 0.124051172343246, 0.125854840637504, 
0.128011598985833, 0.134522899109508, 0.120974281254711, 0.132868530091751, 
0.13897704181237, 0.13051631122105, 0.127554139678316, 0.133433667198025, 
0.13527498659052, 0.137724536450623, 0.135598146423568, 0.131063776900697, 
0.13714082390774, 0.132795870928713, 0.133214129237449, 0.128267396717218, 
0.139608272662046, 0.138051323083371, 0.130077793675241, 0.135682924472329, 
0.13745322018441, 0.135994375736282, 0.135074572346421, 0.103945113773597, 
0.1058423242238, 0.103799726117908, 0.10637978587275, 0.0963455279639514, 
0.0940789160614679, 0.10608990140546, 0.111390170173611, 0.102641630309388, 
0.102307316863048, 0.12283283205698, 0.123575850091342, 0.122394693031266, 
0.126256576342063, 0.127245285468854, 0.124051172343246, 0.125854840637504, 
0.128011598985833, 0.134522899109508, 0.120974281254711, 0.132868530091751, 
0.13897704181237, 0.13051631122105, 0.127554139678316, 0.133433667198025, 
0.13527498659052, 0.137724536450623, 0.135598146423568, 0.131063776900696, 
0.13714082390774, 0.132795870928713, 0.133214129237449, 0.128267396717218, 
0.139608272662046, 0.138051323083371, 0.130077793675241, 0.135682924472329, 
0.13745322018441, 0.135994375736282, 0.135074572346421, 3.02877477836091, 
3.02739787864055, 3.03097748693291, 3.03170223263441, 3.00891633943953, 
3.01004762791988, 3.01996706408215, 3.05754410779861, 3.01227366969564, 
3.01339135516201, 3.03357832365133, 3.02843681942441, 3.0392429622562, 
3.03345339583803, 3.03707437468993, 3.03277305792084, 3.0371933547216, 
3.05048909366075, 3.0557933268419, 3.03446537828656, 3.01730181770255, 
3.01250341654412, 3.00189914994377, 3.0045764080006, 3.01729801952517, 
3.00037396255792, 3.0120178655539, 3.02272569107899, 3.01329000165391, 
3.01417300374186, 2.97536793103694, 2.9757359921046, 2.96790747462441, 
2.97834804518839, 2.97578578861495, 2.96513989976043, 2.98179019591622, 
2.98121554742478, 2.98985410573094, 2.99489890824247, 3.02877477836091, 
3.02739787864055, 3.03097748693291, 3.03170223263441, 3.00891633943953, 
3.01004762791988, 3.01996706408215, 3.05754410779861, 3.01227366969564, 
3.01339135516201, 3.03357832365133, 3.02843681942441, 3.0392429622562, 
3.03345339583803, 3.03707437468993, 3.03277305792084, 3.0371933547216, 
3.05048909366075, 3.0557933268419, 3.03446537828656, 3.01730181770255, 
3.01250341654412, 3.00189914994377, 3.0045764080006, 3.01729801952517, 
3.00037396255792, 3.0120178655539, 3.02272569107899, 3.01329000165391, 
3.01417300374186, 2.97536793103694, 2.9757359921046, 2.96790747462441, 
2.97834804518839, 2.97578578861495, 2.96513989976043, 2.98179019591622, 
2.98121554742478, 2.98985410573094, 2.99489890824247, 0.0776469685327654, 
0.0772038932302279, 0.0774011933033569, 0.0779663989833904, 0.0768267261869034, 
0.076738509219015, 0.0778706084884173, 0.0778373832939173, 0.0771101331325311, 
0.0770968024216145, 0.0811325249689967, 0.0798746210663436, 0.0803749772731662, 
0.0809606101593837, 0.0811379166968975, 0.0815690488284181, 0.0811946768017756, 
0.0806907192458721, 0.0805320508190349, 0.0815174116588841, 0.0838568090771436, 
0.0841798627890636, 0.0843909679842897, 0.0850108212039587, 0.0838306521767758, 
0.0837789572808285, 0.0845002000371267, 0.0833763242769094, 0.0844068661746645, 
0.0844653737327802, 0.0865783605836951, 0.0862425210577725, 0.0856394881035643, 
0.0869148400391789, 0.086355118210213, 0.0860860691980116, 0.0857110652706586, 
