tmp <-
structure(c(2, 2, 2, 2, 2, 2, 2, 2, 2, 2, 2, 2, 2, 2, 2, 2, 2, 
2, 2, 2, 2, 2, 2, 2, 2, 2, 2, 2, 2, 2, 2, 2, 2, 2, 2, 2, 2, 2, 
2, 2, 30, 30, 30, 30, 30, 30, 30, 30, 30, 30, 30, 30, 30, 30, 
30, 30, 30, 30, 30, 30, 30, 30, 30, 30, 30, 30, 30, 30, 30, 30, 
30, 30, 30, 30, 30, 30, 30, 30, 30, 30, 30, 30, 30, 30, 30, 30, 
30, 30, 30, 30, 30, 30, 30, 30, 30, 30, 30, 30, 30, 30, 30, 30, 
30, 30, 30, 30, 30, 30, 30, 30, 30, 30, 30, 30, 30, 30, 30, 30, 
30, 30, 0, 0, 0, 0, 0, 0, 0, 0, 0, 0, 0, 0, 0, 0, 0, 0, 0, 0, 
0, 0, 0, 0, 0, 0, 0, 0, 0, 0, 0, 0, 0, 0, 0, 0, 0, 0, 0, 0, 0, 
0, 569, 569, 569, 569, 569, 569, 569, 569, 569, 569, 569, 569, 
569, 569, 569, 569, 569, 569, 569, 569, 569, 569, 569, 569, 569, 
569, 569, 569, 569, 569, 569, 569, 569, 569, 569, 569, 569, 569, 
569, 569, 0.0527240773286467, 0.0527240773286467, 0.0527240773286467, 
0.0527240773286467, 0.0527240773286467, 0.0527240773286467, 0.0527240773286467, 
0.0527240773286467, 0.0527240773286467, 0.0527240773286467, 0.0527240773286467, 
0.0527240773286467, 0.0527240773286467, 0.0527240773286467, 0.0527240773286467, 
0.0527240773286467, 0.0527240773286467, 0.0527240773286467, 0.0527240773286467, 
0.0527240773286467, 0.0527240773286467, 0.0527240773286467, 0.0527240773286467, 
0.0527240773286467, 0.0527240773286467, 0.0527240773286467, 0.0527240773286467, 
0.0527240773286467, 0.0527240773286467, 0.0527240773286467, 0.0527240773286467, 
0.0527240773286467, 0.0527240773286467, 0.0527240773286467, 0.0527240773286467, 
0.0527240773286467, 0.0527240773286467, 0.0527240773286467, 0.0527240773286467, 
0.0527240773286467, 1, 1, 1, 1, 1, 1, 1, 1, 1, 1, 1, 1, 1, 1, 
1, 1, 1, 1, 1, 1, 1, 1, 1, 1, 1, 1, 1, 1, 1, 1, 1, 1, 1, 1, 1, 
1, 1, 1, 1, 1, 0, 0, 0, 0, 0, 0, 0, 0, 0, 0, 0, 0, 0, 0, 0, 0, 
0, 0, 0, 0, 0, 0, 0, 0, 0, 0, 0, 0, 0, 0, 0, 0, 0, 0, 0, 0, 0, 
0, 0, 0, 2, 2, 2, 2, 2, 2, 2, 2, 2, 2, 2, 2, 2, 2, 2, 2, 2, 2, 
2, 2, 2, 2, 2, 2, 2, 2, 2, 2, 2, 2, 2, 2, 2, 2, 2, 2, 2, 2, 2, 
2, 2, 2, 2, 2, 2, 2, 2, 2, 2, 2, 2, 2, 2, 2, 2, 2, 2, 2, 2, 2, 
2, 2, 2, 2, 2, 2, 2, 2, 2, 2, 2, 2, 2, 2, 2, 2, 2, 2, 2, 2, 2, 
2, 2, 2, 2, 2, 2, 2, 2, 2, 2, 2, 2, 2, 2, 2, 2, 2, 2, 2, 2, 2, 
2, 2, 2, 2, 2, 2, 2, 2, 2, 2, 2, 2, 2, 2, 2, 2, 2, 2, 0, 0, 0, 
0, 0, 0, 0, 0, 0, 0, 0, 0, 0, 0, 0, 0, 0, 0, 0, 0, 0, 0, 0, 0, 
0, 0, 0, 0, 0, 0, 0, 0, 0, 0, 0, 0, 0, 0, 0, 0, 2, 2, 2, 2, 2, 
2, 2, 2, 2, 2, 2, 2, 2, 2, 2, 2, 2, 2, 2, 2, 2, 2, 2, 2, 2, 2, 
2, 2, 2, 2, 2, 2, 2, 2, 2, 2, 2, 2, 2, 2, 0.397188049209139, 
0.390158172231986, 0.37609841827768, 0.383128295254833, 0.390158172231986, 
0.393673110720562, 0.390158172231986, 0.358523725834798, 0.390158172231986, 
0.386643233743409, 0.400702987697715, 0.383128295254833, 0.37609841827768, 
0.37609841827768, 0.386643233743409, 0.404217926186292, 0.383128295254833, 
0.372583479789104, 0.404217926186292, 0.404217926186292, 0.40597539543058, 
0.434094903339192, 0.40597539543058, 0.423550087873462, 0.427065026362039, 
0.391915641476274, 0.398945518453427, 0.395430579964851, 0.413005272407733, 
0.413005272407733, 0.46572934973638, 0.40597539543058, 0.434094903339192, 
0.423550087873462, 0.444639718804921, 0.430579964850615, 0.398945518453427, 
0.444639718804921, 0.434094903339192, 0.434094903339192, 0.602811950790861, 
0.609841827768014, 0.62390158172232, 0.616871704745167, 0.609841827768014, 
0.606326889279438, 0.609841827768014, 0.641476274165202, 0.609841827768014, 
0.613356766256591, 0.599297012302285, 0.616871704745167, 0.62390158172232, 
0.62390158172232, 0.613356766256591, 0.595782073813708, 0.616871704745167, 
0.627416520210896, 0.595782073813708, 0.595782073813708, 0.59402460456942, 
0.565905096660808, 0.59402460456942, 0.576449912126538, 0.572934973637961, 
0.608084358523726, 0.601054481546573, 0.604569420035149, 0.586994727592267, 
0.586994727592267, 0.53427065026362, 0.59402460456942, 0.565905096660808, 
0.576449912126538, 0.555360281195079, 0.569420035149385, 0.601054481546573, 
0.555360281195079, 0.565905096660808, 0.565905096660808, 0.5, 
0.5, 0.5, 0.5, 0.5, 0.5, 0.5, 0.5, 0.5, 0.5, 0.5, 0.5, 0.5, 0.5, 
0.5, 0.5, 0.5, 0.5, 0.5, 0.5, 0.5, 0.5, 0.5, 0.5, 0.5, 0.5, 0.5, 
0.5, 0.5, 0.5, 0.5, 0.5, 0.5, 0.5, 0.5, 0.5, 0.5, 0.5, 0.5, 0.5, 
0.145398055182471, 0.155339802545375, 0.175223297271183, 0.165281549908279, 
0.155339802545375, 0.150368928863923, 0.155339802545375, 0.200077665678443, 
0.155339802545375, 0.160310676226827, 0.140427181501019, 0.165281549908279, 
0.175223297271183, 0.175223297271183, 0.160310676226827, 0.135456307819567, 
0.165281549908279, 0.180194170952635, 0.135456307819567, 0.135456307819567, 
0.132970870978841, 0.0932038815272251, 0.132970870978841, 0.108116502571581, 
0.103145628890129, 0.152854365704649, 0.142912618341745, 0.147883492023197, 
0.123029123615937, 0.123029123615937, 0.048466018394157, 0.132970870978841, 
0.0932038815272251, 0.108116502571581, 0.0782912604828691, 0.0981747552086771, 
0.142912618341745, 0.0782912604828691, 0.0932038815272251, 0.0932038815272251, 
1.47115214744061, 1.66532629234902, 1.57467592216561, 1.53182042496096, 
2.06734201966652, 1.43490796522302, 2.01709446841121, 1.46295954254566, 
1.59117057667966, 1.53843853245845, 1.63444907348159, 1.87445008155962, 
1.56598442978185, 1.6039713482317, 1.84580491927644, 1.93238294483993, 
1.72852955176018, 1.49930403220403, 1.55555440828553, 1.72640572148839, 
1.6112542485616, 1.64624751754578, 1.56570718884247, 1.58153289889103, 
1.86727859383937, 1.65755338615921, 1.5660395946343, 1.82533165895921, 
1.57984169612776, 1.59989758703308, 1.56321869453379, 1.62372370692185, 
1.64233118421656, 1.75380972609764, 1.71427760998244, 1.48110095660854, 
1.51882403148523, 1.61373345274997, 1.57072677093775, 1.87444884690777, 
1.47115214744061, 1.66532629234902, 1.57467592216561, 1.53182042496096, 
2.06734201966652, 1.43490796522302, 2.01709446841121, 1.46295954254566, 
1.59117057667966, 1.53843853245845, 1.63444907348159, 1.87445008155962, 
1.56598442978185, 1.6039713482317, 1.84580491927644, 1.93238294483993, 
1.72852955176018, 1.49930403220403, 1.55555440828553, 1.72640572148839, 
1.6112542485616, 1.64624751754578, 1.56570718884247, 1.58153289889103, 
1.86727859383937, 1.65755338615921, 1.5660395946343, 1.82533165895921, 
1.57984169612776, 1.59989758703308, 1.56321869453379, 1.62372370692185, 
1.64233118421656, 1.75380972609764, 1.71427760998244, 1.48110095660854, 
1.51882403148523, 1.61373345274997, 1.57072677093775, 1.87444884690777, 
8.91928437112664, 10.3472331776687, 10.3188211674738, 9.17394062401826, 
17.5724333847162, 8.67302262866244, 18.2029172587894, 8.70114540261694, 
9.97904980305709, 9.36500008711473, 9.83624324002479, 13.921100052922, 
8.90774453638859, 9.23707715429846, 14.0526719723314, 14.5542579249439, 
10.3169224134581, 8.43833373626274, 9.31159399288305, 10.9473302165667, 
9.34624489364463, 9.52066362656843, 8.7118716219731, 8.95839685376284, 
12.9186437703899, 9.83125432691099, 8.95468948079481, 12.5574440919819, 
8.8868687193865, 9.58487462466954, 8.72604468391163, 8.8935039156341, 
9.26726065265736, 11.7242674701724, 10.4323067928063, 8.0598478077203, 
8.38117767645653, 8.9903617547144, 8.83384431007307, 13.452035265977, 
8.91928437112664, 10.3472331776687, 10.3188211674738, 9.17394062401826, 
17.5724333847162, 8.67302262866244, 18.2029172587894, 8.70114540261694, 
9.97904980305709, 9.36500008711473, 9.83624324002479, 13.921100052922, 
8.90774453638859, 9.23707715429846, 14.0526719723314, 14.5542579249439, 
10.3169224134581, 8.43833373626274, 9.31159399288305, 10.9473302165667, 
9.34624489364463, 9.52066362656843, 8.7118716219731, 8.95839685376284, 
12.9186437703899, 9.83125432691099, 8.95468948079481, 12.5574440919819, 
8.8868687193865, 9.58487462466954, 8.72604468391163, 8.8935039156341, 
9.26726065265736, 11.7242674701724, 10.4323067928063, 8.0598478077203, 
8.38117767645653, 8.9903617547144, 8.83384431007307, 13.452035265977, 
0.333597167929387, 0.342711448418532, 0.333752309324822, 0.335154122623028, 
