tmp <-
structure(c(3, 3, 3, 3, 3, 3, 3, 3, 3, 3, 3, 3, 3, 3, 3, 3, 3, 
3, 3, 3, 3, 3, 3, 3, 3, 3, 3, 3, 3, 3, 3, 3, 3, 3, 3, 3, 3, 3, 
3, 3, 13, 13, 13, 13, 13, 13, 13, 13, 13, 13, 13, 13, 13, 13, 
13, 13, 13, 13, 13, 13, 13, 13, 13, 13, 13, 13, 13, 13, 13, 13, 
13, 13, 13, 13, 13, 13, 13, 13, 13, 13, 13, 13, 13, 13, 13, 13, 
13, 13, 13, 13, 13, 13, 13, 13, 13, 13, 13, 13, 13, 13, 13, 13, 
13, 13, 13, 13, 13, 13, 13, 13, 13, 13, 13, 13, 13, 13, 13, 13, 
13, 13, 0, 0, 0, 0, 0, 0, 0, 0, 0, 0, 0, 0, 0, 0, 0, 0, 0, 0, 
0, 0, 0, 0, 0, 0, 0, 0, 0, 0, 0, 0, 0, 0, 0, 0, 0, 0, 0, 0, 0, 
0, 178, 178, 178, 178, 178, 178, 178, 178, 178, 178, 178, 178, 
178, 178, 178, 178, 178, 178, 178, 178, 178, 178, 178, 178, 178, 
178, 178, 178, 178, 178, 178, 178, 178, 178, 178, 178, 178, 178, 
178, 178, 0.0730337078651685, 0.0730337078651685, 0.0730337078651685, 
0.0730337078651685, 0.0730337078651685, 0.0730337078651685, 0.0730337078651685, 
0.0730337078651685, 0.0730337078651685, 0.0730337078651685, 0.0730337078651685, 
0.0730337078651685, 0.0730337078651685, 0.0730337078651685, 0.0730337078651685, 
0.0730337078651685, 0.0730337078651685, 0.0730337078651685, 0.0730337078651685, 
0.0730337078651685, 0.0730337078651685, 0.0730337078651685, 0.0730337078651685, 
0.0730337078651685, 0.0730337078651685, 0.0730337078651685, 0.0730337078651685, 
0.0730337078651685, 0.0730337078651685, 0.0730337078651685, 0.0730337078651685, 
0.0730337078651685, 0.0730337078651685, 0.0730337078651685, 0.0730337078651685, 
0.0730337078651685, 0.0730337078651685, 0.0730337078651685, 0.0730337078651685, 
0.0730337078651685, 1, 1, 1, 1, 1, 1, 1, 1, 1, 1, 1, 1, 1, 1, 
1, 1, 1, 1, 1, 1, 1, 1, 1, 1, 1, 1, 1, 1, 1, 1, 1, 1, 1, 1, 1, 
1, 1, 1, 1, 1, 0, 0, 0, 0, 0, 0, 0, 0, 0, 0, 0, 0, 0, 0, 0, 0, 
0, 0, 0, 0, 0, 0, 0, 0, 0, 0, 0, 0, 0, 0, 0, 0, 0, 0, 0, 0, 0, 
0, 0, 0, 3, 3, 3, 3, 3, 3, 3, 3, 3, 3, 3, 3, 3, 3, 3, 3, 3, 3, 
3, 3, 3, 3, 3, 3, 3, 3, 3, 3, 3, 3, 3, 3, 3, 3, 3, 3, 3, 3, 3, 
3, 3, 3, 3, 3, 3, 3, 3, 3, 3, 3, 3, 3, 3, 3, 3, 3, 3, 3, 3, 3, 
3, 3, 3, 3, 3, 3, 3, 3, 3, 3, 3, 3, 3, 3, 3, 3, 3, 3, 3, 3, 3, 
3, 3, 3, 3, 3, 3, 3, 3, 3, 3, 3, 3, 3, 3, 3, 3, 3, 3, 3, 3, 3, 
3, 3, 3, 3, 3, 3, 3, 3, 3, 3, 3, 3, 3, 3, 3, 3, 3, 3, 0, 0, 0, 
0, 0, 0, 0, 0, 0, 0, 0, 0, 0, 0, 0, 0, 0, 0, 0, 0, 0, 0, 0, 0, 
0, 0, 0, 0, 0, 0, 0, 0, 0, 0, 0, 0, 0, 0, 0, 0, 3, 3, 3, 3, 3, 
3, 3, 3, 3, 3, 3, 3, 3, 3, 3, 3, 3, 3, 3, 3, 3, 3, 3, 3, 3, 3, 
3, 3, 3, 3, 3, 3, 3, 3, 3, 3, 3, 3, 3, 3, 0.269662921348315, 
0.269662921348315, 0.275280898876405, 0.292134831460674, 0.275280898876405, 
0.269662921348315, 0.264044943820225, 0.247191011235955, 0.252808988764045, 
0.269662921348315, 0.275280898876405, 0.303370786516854, 0.269662921348315, 
0.269662921348315, 0.252808988764045, 0.275280898876405, 0.258426966292135, 
0.269662921348315, 0.269662921348315, 0.275280898876405, 0.286516853932584, 
0.297752808988764, 0.292134831460674, 0.275280898876405, 0.286516853932584, 
0.297752808988764, 0.303370786516854, 0.297752808988764, 0.247191011235955, 
0.275280898876405, 0.286516853932584, 0.297752808988764, 0.280898876404494, 
0.280898876404494, 0.292134831460674, 0.247191011235955, 0.286516853932584, 
0.252808988764045, 0.308988764044944, 0.286516853932584, 0.393258426966292, 
0.387640449438202, 0.382022471910112, 0.376404494382022, 0.370786516853933, 
0.376404494382022, 0.398876404494382, 0.393258426966292, 0.410112359550562, 
0.387640449438202, 0.393258426966292, 0.387640449438202, 0.415730337078652, 
0.404494382022472, 0.421348314606742, 0.365168539325843, 0.438202247191011, 
0.404494382022472, 0.404494382022472, 0.382022471910112, 0.370786516853933, 
0.365168539325843, 0.387640449438202, 0.365168539325843, 0.398876404494382, 
0.370786516853933, 0.387640449438202, 0.376404494382022, 0.410112359550562, 
0.387640449438202, 0.393258426966292, 0.359550561797753, 0.393258426966292, 
0.359550561797753, 0.382022471910112, 0.421348314606742, 0.359550561797753, 
0.393258426966292, 0.382022471910112, 0.398876404494382, 0.333333333333333, 
0.333333333333333, 0.333333333333333, 0.333333333333333, 0.333333333333333, 
0.333333333333333, 0.333333333333333, 0.333333333333333, 0.333333333333333, 
0.333333333333333, 0.333333333333333, 0.333333333333333, 0.333333333333333, 
0.333333333333333, 0.333333333333333, 0.333333333333333, 0.333333333333333, 
0.333333333333333, 0.333333333333333, 0.333333333333333, 0.333333333333333, 
0.333333333333333, 0.333333333333333, 0.333333333333333, 0.333333333333333, 
0.333333333333333, 0.333333333333333, 0.333333333333333, 0.333333333333333, 
0.333333333333333, 0.333333333333333, 0.333333333333333, 0.333333333333333, 
0.333333333333333, 0.333333333333333, 0.333333333333333, 0.333333333333333, 
0.333333333333333, 0.333333333333333, 0.333333333333333, 0.0618828151380461, 
0.0595434947400174, 0.0539832782973767, 0.0421660308958715, 0.050976245650997, 
0.0562733303420102, 0.0674937127001502, 0.0764815650062252, 0.0787185376666056, 
0.0595434947400174, 0.0590110533954634, 0.0471151521550904, 0.0748126754885325, 
0.0677271210487832, 0.0845189819954813, 0.0503532946058006, 0.0935580224479161, 
0.0677271210487832, 0.0677271210487832, 0.0539832782973767, 0.0429080121250547, 
0.0338635605243916, 0.04908367948345, 0.0503532946058006, 0.0584737640299475, 
0.0365528488688074, 0.0471151521550904, 0.0398572971044808, 0.0818632696419266, 
0.0562733303420102, 0.0545648025630467, 0.0319451724891985, 0.056553066930867, 
0.0454095717340155, 0.0454095717340155, 0.0870937524661684, 0.0406414502138777, 
0.0724552139406483, 0.0421660308958716, 0.0584737640299475, 0.721055475978207, 
0.73213560504568, 0.751568164871842, 0.784090586551441, 0.730237768667644, 
0.932856041777454, 0.80759494795237, 0.700992649403024, 0.76100550661382, 
0.874044884132604, 0.843254715444036, 0.8096220695839, 0.854877591070174, 
0.749385413285978, 0.81761109621355, 0.809363351574502, 0.778793483595065, 
0.820188926671571, 0.870495573986761, 0.85396151414614, 0.756087842623443, 
0.817394434544694, 0.709011215170523, 0.729406106887021, 0.748263771257288, 
0.817103152279718, 0.811910594974771, 0.711694287202323, 0.858540606981711, 
0.769709498075127, 0.738679248916978, 0.696607609998034, 0.709601862963132, 
0.774266151145233, 0.727985575240585, 0.709624271159993, 0.771901911468635, 
0.659320569208789, 0.701805534952603, 0.769332777821546, 0.721055475978208, 
0.732135605045681, 0.751568164871841, 0.784090586551441, 0.730237768667644, 
0.932856041777454, 0.80759494795237, 0.700992649403024, 0.76100550661382, 
0.874044884132604, 0.843254715444036, 0.8096220695839, 0.854877591070174, 
0.749385413285977, 0.81761109621355, 0.809363351574502, 0.778793483595066, 
0.820188926671571, 0.87049557398676, 0.85396151414614, 0.756087842623443, 
0.817394434544694, 0.709011215170523, 0.729406106887021, 0.748263771257288, 
0.817103152279718, 0.811910594974771, 0.711694287202323, 0.858540606981711, 
0.769709498075127, 0.738679248916978, 0.696607609998034, 0.709601862963131, 
0.774266151145233, 0.727985575240585, 0.709624271159994, 0.771901911468635, 
0.659320569208789, 0.701805534952603, 0.769332777821547, 3.98312842900867, 
3.9658761374716, 4.07829672172909, 4.23398633697771, 4.1417213491336, 
4.89787959707045, 4.38229454788206, 3.64554177357197, 4.25231812308412, 
4.95641853046022, 4.29988596560509, 4.07292697551416, 4.26924318399324, 
3.90713277354957, 4.14123981000857, 4.1999141130891, 3.80716216583476, 
4.15395974617944, 4.50946625795963, 4.24578938083311, 3.82869575318706, 
4.03171479313605, 3.806466215777, 3.8896639021578, 3.85157745683467, 
4.1027791107772, 4.27300197740636, 3.93019028337579, 4.40799167085676, 
4.01457624173662, 3.57526054332335, 3.77431492251927, 3.69615994824038, 
3.86099292682395, 3.97206935044007, 3.66655241176434, 4.13307116646472, 
3.52846655301309, 3.69159338763302, 3.73777215709947, 3.98312842900867, 
3.9658761374716, 4.07829672172909, 4.23398633697771, 4.1417213491336, 
4.89787959707045, 4.38229454788206, 3.64554177357197, 4.25231812308412, 
