tmp <-
structure(c(6, 6, 6, 6, 6, 6, 6, 6, 6, 6, 6, 6, 6, 6, 6, 6, 6, 
6, 6, 6, 6, 6, 6, 6, 6, 6, 6, 6, 6, 6, 6, 6, 6, 6, 6, 6, 6, 6, 
6, 6, 11, 11, 11, 11, 11, 11, 11, 11, 11, 11, 11, 11, 11, 11, 
11, 11, 11, 11, 11, 11, 11, 11, 11, 11, 11, 11, 11, 11, 11, 11, 
11, 11, 11, 11, 11, 11, 11, 11, 11, 11, 11, 11, 11, 11, 11, 11, 
11, 11, 11, 11, 11, 11, 11, 11, 11, 11, 11, 11, 11, 11, 11, 11, 
11, 11, 11, 11, 11, 11, 11, 11, 11, 11, 11, 11, 11, 11, 11, 11, 
11, 11, 0, 0, 0, 0, 0, 0, 0, 0, 0, 0, 0, 0, 0, 0, 0, 0, 0, 0, 
0, 0, 0, 0, 0, 0, 0, 0, 0, 0, 0, 0, 0, 0, 0, 0, 0, 0, 0, 0, 0, 
0, 6492, 6492, 6492, 6492, 6492, 6492, 6492, 6492, 6492, 6492, 
6492, 6492, 6492, 6492, 6492, 6492, 6492, 6492, 6492, 6492, 6492, 
6492, 6492, 6492, 6492, 6492, 6492, 6492, 6492, 6492, 6492, 6492, 
6492, 6492, 6492, 6492, 6492, 6492, 6492, 6492, 0.00169439309919901, 
0.00169439309919901, 0.00169439309919901, 0.00169439309919901, 
0.00169439309919901, 0.00169439309919901, 0.00169439309919901, 
0.00169439309919901, 0.00169439309919901, 0.00169439309919901, 
0.00169439309919901, 0.00169439309919901, 0.00169439309919901, 
0.00169439309919901, 0.00169439309919901, 0.00169439309919901, 
0.00169439309919901, 0.00169439309919901, 0.00169439309919901, 
0.00169439309919901, 0.00169439309919901, 0.00169439309919901, 
0.00169439309919901, 0.00169439309919901, 0.00169439309919901, 
0.00169439309919901, 0.00169439309919901, 0.00169439309919901, 
0.00169439309919901, 0.00169439309919901, 0.00169439309919901, 
0.00169439309919901, 0.00169439309919901, 0.00169439309919901, 
0.00169439309919901, 0.00169439309919901, 0.00169439309919901, 
0.00169439309919901, 0.00169439309919901, 0.00169439309919901, 
1, 1, 1, 1, 1, 1, 1, 1, 1, 1, 1, 1, 1, 1, 1, 1, 1, 1, 1, 1, 1, 
1, 1, 1, 1, 1, 1, 1, 1, 1, 1, 1, 1, 1, 1, 1, 1, 1, 1, 1, 0, 0, 
0, 0, 0, 0, 0, 0, 0, 0, 0, 0, 0, 0, 0, 0, 0, 0, 0, 0, 0, 0, 0, 
0, 0, 0, 0, 0, 0, 0, 0, 0, 0, 0, 0, 0, 0, 0, 0, 0, 6, 6, 6, 6, 
6, 6, 6, 6, 6, 6, 6, 6, 6, 6, 6, 6, 6, 6, 6, 6, 6, 6, 6, 6, 6, 
6, 6, 6, 6, 6, 6, 6, 6, 6, 6, 6, 6, 6, 6, 6, 6, 6, 6, 6, 6, 6, 
6, 6, 6, 6, 6, 6, 6, 6, 6, 6, 6, 6, 6, 6, 6, 6, 6, 6, 6, 6, 6, 
6, 6, 6, 6, 6, 6, 6, 6, 6, 6, 6, 6, 6, 6, 6, 6, 6, 6, 6, 6, 6, 
6, 6, 6, 6, 6, 6, 6, 6, 6, 6, 6, 6, 6, 6, 6, 6, 6, 6, 6, 6, 6, 
6, 6, 6, 6, 6, 6, 6, 6, 6, 6, 6, 0, 0, 0, 0, 0, 0, 0, 0, 0, 0, 
0, 0, 0, 0, 0, 0, 0, 0, 0, 0, 0, 0, 0, 0, 0, 0, 0, 0, 0, 0, 0, 
0, 0, 0, 0, 0, 0, 0, 0, 0, 6, 6, 6, 6, 6, 6, 6, 6, 6, 6, 6, 6, 
6, 6, 6, 6, 6, 6, 6, 6, 6, 6, 6, 6, 6, 6, 6, 6, 6, 6, 6, 6, 6, 
6, 6, 6, 6, 6, 6, 6, 0.0130930375847197, 0.0155576093653728, 
0.014479359211337, 0.0140172520024646, 0.0160197165742452, 0.0138632162661738, 
0.0146333949476279, 0.0152495378927911, 0.0130930375847197, 0.0155576093653728, 
0.0247997535428219, 0.0264941466420209, 0.0244916820702403, 0.0224892174984596, 
0.023875539125077, 0.0249537892791128, 0.023875539125077, 0.0229513247073321, 
0.0249537892791128, 0.0261860751694393, 0.0358903265557609, 0.0341959334565619, 
0.0368145409735059, 0.0334257547751078, 0.0368145409735059, 0.0358903265557609, 
0.0343499691928527, 0.0338878619839803, 0.0320394331484904, 0.0312692544670364, 
0.0445163277880468, 0.0440542205791744, 0.0434380776340111, 0.0434380776340111, 
0.0431300061614295, 0.0462107208872458, 0.0420517560073937, 0.0448243992606285, 
0.044362292051756, 0.0446703635243376, 0.425138632162662, 0.418977202711029, 
0.4211337030191, 0.416820702402957, 0.420671595810228, 0.419285274183611, 
0.420671595810228, 0.421595810227973, 0.422828096118299, 0.420209488601356, 
0.404805914972274, 0.401109057301294, 0.402957486136784, 0.403881700554529, 
0.403881700554529, 0.408194701170672, 0.401879235982748, 0.405884165126309, 
0.404497843499692, 0.406346272335182, 0.391866913123845, 0.389248305606901, 
0.388786198398028, 0.388786198398028, 0.387861983980283, 0.396950092421442, 
0.388016019716574, 0.393869377695625, 0.384473197781885, 0.384935304990758, 
0.369839802834258, 0.36845348120764, 0.377233518176217, 0.360443622920518, 
0.36845348120764, 0.375385089340727, 0.368299445471349, 0.369377695625385, 
0.372612446087492, 0.375539125077018, 0.166666666666667, 0.166666666666667, 
0.166666666666667, 0.166666666666667, 0.166666666666667, 0.166666666666667, 
0.166666666666667, 0.166666666666667, 0.166666666666667, 0.166666666666667, 
0.166666666666667, 0.166666666666667, 0.166666666666667, 0.166666666666667, 
0.166666666666667, 0.166666666666667, 0.166666666666667, 0.166666666666667, 
0.166666666666667, 0.166666666666667, 0.166666666666667, 0.166666666666667, 
0.166666666666667, 0.166666666666667, 0.166666666666667, 0.166666666666667, 
0.166666666666667, 0.166666666666667, 0.166666666666667, 0.166666666666667, 
0.166666666666667, 0.166666666666667, 0.166666666666667, 0.166666666666667, 
0.166666666666667, 0.166666666666667, 0.166666666666667, 0.166666666666667, 
0.166666666666667, 0.166666666666667, 0.170197653226968, 0.169070454955754, 
0.169277551196644, 0.168120561240481, 0.169254253954384, 0.169503628637068, 
0.168956012692693, 0.168818051111823, 0.169870034511523, 0.169108678703767, 
0.158452841631908, 0.157338799815552, 0.15877000669579, 0.159343696710396, 
0.158283902759129, 0.159117856868798, 0.158247952276162, 0.159696596957967, 
0.158611219215645, 0.159385533408341, 0.148280819602669, 0.14782735057511, 
0.146812396817635, 0.147375963782502, 0.146700387582917, 0.149106338124773, 
0.147592988209308, 0.14896694040113, 0.148518378119257, 0.147730823539204, 
0.135638800062396, 0.135221269300265, 0.136898934574937, 0.134485565947485, 
0.135749659036698, 0.13715032638802, 0.136339430941511, 0.134977675749848, 
0.137442454493404, 0.137700608090465, 1.30119219540094, 1.37526823970629, 
1.31119262473711, 1.31241146232204, 1.34353238151797, 1.28613676056756, 
1.27817881714232, 1.37476400534173, 1.3342606875118, 1.31380968245801, 
1.25862276408595, 1.43882802873031, 1.28579170064682, 1.32874800992188, 
1.23263067470612, 1.38386510283711, 1.38723920827294, 1.24113369668366, 
1.27194678609374, 1.35036456088385, 1.33648167273675, 1.33450732394869, 
1.39082853872836, 1.3169158214172, 1.34596548047053, 1.45521356251505, 
1.34043748654871, 1.34035403676482, 1.28678228462372, 1.32819712313687, 
1.38715255859686, 1.31478412758641, 1.36079973288127, 1.34700240195396, 
1.30820001804595, 1.2941535006093, 1.31257122308785, 1.25770603391177, 
1.28083153094876, 1.2888123428255, 1.30119219540094, 1.37526823970629, 
1.31119262473711, 1.31241146232204, 1.34353238151797, 1.28613676056756, 
1.27817881714231, 1.37476400534173, 1.33426068751181, 1.31380968245801, 
1.25862276408595, 1.43882802873032, 1.28579170064682, 1.32874800992189, 
1.23263067470612, 1.38386510283711, 1.38723920827294, 1.24113369668366, 
1.27194678609374, 1.35036456088385, 1.33648167273675, 1.33450732394869, 
1.39082853872837, 1.3169158214172, 1.34596548047053, 1.45521356251505, 
1.34043748654871, 1.34035403676482, 1.28678228462372, 1.32819712313687, 
1.38715255859686, 1.31478412758641, 1.36079973288127, 1.34700240195396, 
1.30820001804595, 1.2941535006093, 1.31257122308785, 1.25770603391177, 
1.28083153094876, 1.2888123428255, 8.92161832360247, 9.99128110925526, 
9.39243911682781, 9.16881992091746, 9.58912052759875, 8.87969833065954, 
9.10159125993636, 10.1406735407691, 9.83721990028869, 9.12472590481018, 
8.71657588154186, 11.2712866664422, 9.41680751163171, 9.63814687862108, 
8.22619111445653, 9.94537688302502, 10.3369280268533, 8.24319649461183, 
8.71719056758836, 9.47202256104909, 9.8400259180377, 9.74321266436478, 
10.7770570233709, 9.22640878597937, 9.94540863452827, 11.2890645770773, 
9.88899068588547, 9.54352672202758, 9.46313675256464, 9.45015484419275, 
10.1744687936654, 9.40958552368352, 10.1446053188541, 10.1036283210922, 
9.40945387743466, 9.32791592262141, 9.34524806856843, 8.94688559827722, 
9.32482353136651, 9.16726634367222, 8.92161832360247, 9.99128110925526, 
9.39243911682781, 9.16881992091745, 9.58912052759874, 8.87969833065954, 
