tmp <-
structure(c(9, 9, 9, 9, 9, 9, 9, 9, 9, 9, 9, 9, 9, 9, 9, 9, 9, 
9, 9, 9, 9, 9, 9, 9, 9, 9, 9, 9, 9, 9, 9, 9, 9, 9, 9, 9, 9, 9, 
9, 9, 8, 8, 8, 8, 8, 8, 8, 8, 8, 8, 8, 8, 8, 8, 8, 8, 8, 8, 8, 
8, 8, 8, 8, 8, 8, 8, 8, 8, 8, 8, 8, 8, 8, 8, 8, 8, 8, 8, 8, 8, 
8, 8, 8, 8, 8, 8, 8, 8, 8, 8, 8, 8, 8, 8, 8, 8, 8, 8, 8, 8, 8, 
8, 8, 8, 8, 8, 8, 8, 8, 8, 8, 8, 8, 8, 8, 8, 8, 8, 8, 8, 0, 0, 
0, 0, 0, 0, 0, 0, 0, 0, 0, 0, 0, 0, 0, 0, 0, 0, 0, 0, 0, 0, 0, 
0, 0, 0, 0, 0, 0, 0, 0, 0, 0, 0, 0, 0, 0, 0, 0, 0, 1479, 1479, 
1479, 1479, 1479, 1479, 1479, 1479, 1479, 1479, 1479, 1479, 1479, 
1479, 1479, 1479, 1479, 1479, 1479, 1479, 1479, 1479, 1479, 1479, 
1479, 1479, 1479, 1479, 1479, 1479, 1479, 1479, 1479, 1479, 1479, 
1479, 1479, 1479, 1479, 1479, 0.00540906017579446, 0.00540906017579446, 
0.00540906017579446, 0.00540906017579446, 0.00540906017579446, 
0.00540906017579446, 0.00540906017579446, 0.00540906017579446, 
0.00540906017579446, 0.00540906017579446, 0.00540906017579446, 
0.00540906017579446, 0.00540906017579446, 0.00540906017579446, 
0.00540906017579446, 0.00540906017579446, 0.00540906017579446, 
0.00540906017579446, 0.00540906017579446, 0.00540906017579446, 
0.00540906017579446, 0.00540906017579446, 0.00540906017579446, 
0.00540906017579446, 0.00540906017579446, 0.00540906017579446, 
0.00540906017579446, 0.00540906017579446, 0.00540906017579446, 
0.00540906017579446, 0.00540906017579446, 0.00540906017579446, 
0.00540906017579446, 0.00540906017579446, 0.00540906017579446, 
0.00540906017579446, 0.00540906017579446, 0.00540906017579446, 
0.00540906017579446, 0.00540906017579446, 1, 1, 1, 1, 1, 1, 1, 
1, 1, 1, 1, 1, 1, 1, 1, 1, 1, 1, 1, 1, 1, 1, 1, 1, 1, 1, 1, 1, 
1, 1, 1, 1, 1, 1, 1, 1, 1, 1, 1, 1, 0, 0, 0, 0, 0, 0, 0, 0, 0, 
0, 0, 0, 0, 0, 0, 0, 0, 0, 0, 0, 0, 0, 0, 0, 0, 0, 0, 0, 0, 0, 
0, 0, 0, 0, 0, 0, 0, 0, 0, 0, 9, 9, 9, 9, 9, 9, 9, 9, 9, 9, 9, 
9, 9, 9, 9, 9, 9, 9, 9, 9, 9, 9, 9, 9, 9, 9, 9, 9, 9, 9, 9, 9, 
9, 9, 9, 9, 9, 9, 9, 9, 9, 9, 9, 9, 9, 9, 9, 9, 9, 9, 9, 9, 9, 
9, 9, 9, 9, 9, 9, 9, 9, 9, 9, 9, 9, 9, 9, 9, 9, 9, 9, 9, 9, 9, 
9, 9, 9, 9, 9, 9, 9, 9, 9, 9, 9, 9, 9, 9, 9, 9, 9, 9, 9, 9, 9, 
9, 9, 9, 9, 9, 9, 9, 9, 9, 9, 9, 9, 9, 9, 9, 9, 9, 9, 9, 9, 9, 
9, 9, 9, 9, 0, 0, 0, 0, 0, 0, 0, 0, 0, 0, 0, 0, 0, 0, 0, 0, 0, 
0, 0, 0, 0, 0, 0, 0, 0, 0, 0, 0, 0, 0, 0, 0, 0, 0, 0, 0, 0, 0, 
0, 0, 9, 9, 9, 9, 9, 9, 9, 9, 9, 9, 9, 9, 9, 9, 9, 9, 9, 9, 9, 
9, 9, 9, 9, 9, 9, 9, 9, 9, 9, 9, 9, 9, 9, 9, 9, 9, 9, 9, 9, 9, 
0.0196078431372549, 0.0141987829614604, 0.0196078431372549, 0.0189317106152806, 
0.0155510480054091, 0.0182555780933063, 0.0196078431372549, 0.0162271805273834, 
0.0196078431372549, 0.0196078431372549, 0.0283975659229209, 0.026369168356998, 
0.0229885057471264, 0.0223123732251521, 0.0236646382691007, 0.0229885057471264, 
0.0243407707910751, 0.0277214334009466, 0.0223123732251521, 0.0216362407031778, 
0.0311020960108181, 0.0277214334009466, 0.0297498309668695, 0.0256930358350237, 
0.0283975659229209, 0.0311020960108181, 0.0277214334009466, 0.0256930358350237, 
0.0290736984448952, 0.0297498309668695, 0.0392156862745098, 0.035158891142664, 
0.035158891142664, 0.0405679513184584, 0.0338066260987153, 0.0371872887085869, 
0.0317782285327924, 0.0317782285327924, 0.0371872887085869, 0.0392156862745098, 
0.306964164976335, 0.30290736984449, 0.305611899932387, 0.30764029749831, 
0.30290736984449, 0.301555104800541, 0.305611899932387, 0.301555104800541, 
0.304935767410412, 0.303583502366464, 0.290736984448952, 0.293441514536849, 
0.300878972278567, 0.290736984448952, 0.284651791751183, 0.292089249492901, 
0.286680189317106, 0.291413116970926, 0.288032454361055, 0.286004056795132, 
0.283299526707235, 0.283299526707235, 0.283975659229209, 0.288032454361055, 
0.290736984448952, 0.267072346179851, 0.286680189317106, 0.277214334009466, 
0.27789046653144, 0.288708586883029, 0.266396213657877, 0.262339418526031, 
0.259634888438134, 0.267072346179851, 0.262339418526031, 0.267072346179851, 
0.264367816091954, 0.266396213657877, 0.271129141311697, 0.271129141311697, 
0.111111111111111, 0.111111111111111, 0.111111111111111, 0.111111111111111, 
0.111111111111111, 0.111111111111111, 0.111111111111111, 0.111111111111111, 
0.111111111111111, 0.111111111111111, 0.111111111111111, 0.111111111111111, 
0.111111111111111, 0.111111111111111, 0.111111111111111, 0.111111111111111, 
0.111111111111111, 0.111111111111111, 0.111111111111111, 0.111111111111111, 
0.111111111111111, 0.111111111111111, 0.111111111111111, 0.111111111111111, 
0.111111111111111, 0.111111111111111, 0.111111111111111, 0.111111111111111, 
0.111111111111111, 0.111111111111111, 0.111111111111111, 0.111111111111111, 
0.111111111111111, 0.111111111111111, 0.111111111111111, 0.111111111111111, 
0.111111111111111, 0.111111111111111, 0.111111111111111, 0.111111111111111, 
0.113730032493891, 0.112867055245126, 0.111320348320336, 0.112811348684679, 
0.113144166532625, 0.114230883735891, 0.11456755844539, 0.112271596590763, 
0.112812361776757, 0.112880724471543, 0.104943848451241, 0.105135346027094, 
0.106195324878263, 0.107331645574099, 0.103747242405328, 0.106778109457622, 
0.105842278244963, 0.106112962639287, 0.106134501421354, 0.10472581252504, 
0.0993040509980837, 0.100755089640907, 0.102383856907888, 0.101000937749935, 
0.102136302157189, 0.0987037699175642, 0.101006595400174, 0.100200581393772, 
0.0991139709712012, 0.101849439637015, 0.0887048763220729, 0.0919881961318713, 
0.0915017413893358, 0.0902339318820594, 0.0932597310624322, 0.0916265596682777, 
0.0901718479394095, 0.0918097344670428, 0.0946953709910051, 0.0916695825430927, 
2.13755613488223, 2.24248964913432, 2.13613425758439, 2.12592285377148, 
2.32152847332638, 2.25743255755669, 2.145407843324, 2.12463456621198, 
2.04379683314861, 2.13470091366501, 2.12889712381072, 2.343728246196, 
2.24841806887541, 2.20883251962261, 2.00969696676191, 2.47398914065909, 
2.26117698601459, 1.83554848136654, 2.16925402691203, 2.27667057028134, 
2.68708276341179, 2.61942797333191, 2.06766248701007, 2.73881169392759, 
2.30350499907079, 2.44438997612768, 1.99588965400364, 1.99659046627576, 
2.26474016801087, 2.36020180481386, 2.25666618649403, 2.31212195256371, 
2.66261104331666, 1.95093355207851, 2.29415175967341, 2.30194073787425, 
2.30107157394288, 2.6283569330684, 2.17274998884504, 2.52929273257665, 
2.13755613488223, 2.24248964913432, 2.13613425758439, 2.12592285377148, 
2.32152847332638, 2.2574325575567, 2.145407843324, 2.12463456621198, 
2.04379683314861, 2.13470091366501, 2.12889712381072, 2.343728246196, 
2.24841806887541, 2.20883251962261, 2.00969696676191, 2.47398914065909, 
2.26117698601459, 1.83554848136654, 2.16925402691203, 2.27667057028134, 
2.68708276341179, 2.61942797333191, 2.06766248701007, 2.73881169392759, 
2.30350499907079, 2.44438997612768, 1.99588965400364, 1.99659046627576, 
2.26474016801087, 2.36020180481386, 2.25666618649403, 2.31212195256371, 
2.66261104331666, 1.95093355207851, 2.29415175967341, 2.30194073787425, 
2.30107157394288, 2.6283569330684, 2.17274998884504, 2.52929273257665, 
20.5783371108135, 21.0756715870621, 21.2644481410523, 18.7317382340078, 
23.6369909329984, 21.9859091263889, 20.8153673757162, 21.4289007791006, 
19.8471201080849, 19.7660159814912, 21.4182426017366, 24.7309679362906, 
21.4048612785215, 21.5168488609456, 19.3774493878572, 26.3775781438366, 
22.2191209382716, 14.325365930401, 20.1740858996268, 22.4007438438121, 
28.2077909941759, 28.1710527354864, 18.4724329779708, 30.7373838723523, 
22.4359689868254, 24.233017357034, 16.9781151648054, 18.9249651507133, 
22.0751796991411, 22.0423130614283, 21.7937788228515, 22.4699657015336, 
27.067279143333, 16.8781706068432, 22.8015146709106, 23.3746525140156, 
22.3197496671751, 28.8414459908108, 20.7104160762523, 25.3032004223604, 
20.5783371108135, 21.0756715870621, 21.2644481410523, 18.7317382340078, 
23.6369909329984, 21.9859091263889, 20.8153673757162, 21.4289007791006, 
19.8471201080849, 19.7660159814912, 21.4182426017366, 24.7309679362906, 
