tmp <-
structure(c(4, 4, 4, 4, 4, 4, 4, 4, 4, 4, 4, 4, 4, 4, 4, 4, 4, 
4, 4, 4, 4, 4, 4, 4, 4, 4, 4, 4, 4, 4, 4, 4, 4, 4, 4, 4, 4, 4, 
4, 4, 16, 16, 16, 16, 16, 16, 16, 16, 16, 16, 16, 16, 16, 16, 
16, 16, 16, 16, 16, 16, 16, 16, 16, 16, 16, 16, 16, 16, 16, 16, 
16, 16, 16, 16, 16, 16, 16, 16, 16, 16, 1, 1, 1, 1, 1, 1, 1, 
1, 1, 1, 1, 1, 1, 1, 1, 1, 1, 1, 1, 1, 1, 1, 1, 1, 1, 1, 1, 1, 
1, 1, 1, 1, 1, 1, 1, 1, 1, 1, 1, 1, 15, 15, 15, 15, 15, 15, 15, 
15, 15, 15, 15, 15, 15, 15, 15, 15, 15, 15, 15, 15, 15, 15, 15, 
15, 15, 15, 15, 15, 15, 15, 15, 15, 15, 15, 15, 15, 15, 15, 15, 
15, 84, 84, 84, 84, 84, 84, 84, 84, 84, 84, 84, 84, 84, 84, 84, 
84, 84, 84, 84, 84, 84, 84, 84, 84, 84, 84, 84, 84, 84, 84, 84, 
84, 84, 84, 84, 84, 84, 84, 84, 84, 0.19047619047619, 0.19047619047619, 
0.19047619047619, 0.19047619047619, 0.19047619047619, 0.19047619047619, 
0.19047619047619, 0.19047619047619, 0.19047619047619, 0.19047619047619, 
0.19047619047619, 0.19047619047619, 0.19047619047619, 0.19047619047619, 
0.19047619047619, 0.19047619047619, 0.19047619047619, 0.19047619047619, 
0.19047619047619, 0.19047619047619, 0.19047619047619, 0.19047619047619, 
0.19047619047619, 0.19047619047619, 0.19047619047619, 0.19047619047619, 
0.19047619047619, 0.19047619047619, 0.19047619047619, 0.19047619047619, 
0.19047619047619, 0.19047619047619, 0.19047619047619, 0.19047619047619, 
0.19047619047619, 0.19047619047619, 0.19047619047619, 0.19047619047619, 
0.19047619047619, 0.19047619047619, 0.0625, 0.0625, 0.0625, 0.0625, 
0.0625, 0.0625, 0.0625, 0.0625, 0.0625, 0.0625, 0.0625, 0.0625, 
0.0625, 0.0625, 0.0625, 0.0625, 0.0625, 0.0625, 0.0625, 0.0625, 
0.0625, 0.0625, 0.0625, 0.0625, 0.0625, 0.0625, 0.0625, 0.0625, 
0.0625, 0.0625, 0.0625, 0.0625, 0.0625, 0.0625, 0.0625, 0.0625, 
0.0625, 0.0625, 0.0625, 0.0625, 0.9375, 0.9375, 0.9375, 0.9375, 
0.9375, 0.9375, 0.9375, 0.9375, 0.9375, 0.9375, 0.9375, 0.9375, 
0.9375, 0.9375, 0.9375, 0.9375, 0.9375, 0.9375, 0.9375, 0.9375, 
0.9375, 0.9375, 0.9375, 0.9375, 0.9375, 0.9375, 0.9375, 0.9375, 
0.9375, 0.9375, 0.9375, 0.9375, 0.9375, 0.9375, 0.9375, 0.9375, 
0.9375, 0.9375, 0.9375, 0.9375, 2, 2, 2, 2, 2, 2, 2, 2, 2, 2, 
2, 2, 2, 2, 2, 2, 2, 2, 2, 2, 2, 2, 2, 2, 2, 2, 2, 2, 2, 2, 2, 
2, 2, 2, 2, 2, 2, 2, 2, 2, 4, 4, 4, 4, 4, 4, 4, 4, 4, 4, 4, 4, 
4, 4, 4, 4, 4, 4, 4, 4, 4, 4, 4, 4, 4, 4, 4, 4, 4, 4, 4, 4, 4, 
4, 4, 4, 4, 4, 4, 4, 2.125, 2.125, 2.125, 2.125, 2.125, 2.125, 
2.125, 2.125, 2.125, 2.125, 2.125, 2.125, 2.125, 2.125, 2.125, 
2.125, 2.125, 2.125, 2.125, 2.125, 2.125, 2.125, 2.125, 2.125, 
2.125, 2.125, 2.125, 2.125, 2.125, 2.125, 2.125, 2.125, 2.125, 
2.125, 2.125, 2.125, 2.125, 2.125, 2.125, 2.125, 0.5, 0.5, 0.5, 
0.5, 0.5, 0.5, 0.5, 0.5, 0.5, 0.5, 0.5, 0.5, 0.5, 0.5, 0.5, 0.5, 
0.5, 0.5, 0.5, 0.5, 0.5, 0.5, 0.5, 0.5, 0.5, 0.5, 0.5, 0.5, 0.5, 
0.5, 0.5, 0.5, 0.5, 0.5, 0.5, 0.5, 0.5, 0.5, 0.5, 0.5, 34, 34, 
34, 34, 34, 34, 34, 34, 34, 34, 34, 34, 34, 34, 34, 34, 34, 34, 
34, 34, 34, 34, 34, 34, 34, 34, 34, 34, 34, 34, 34, 34, 34, 34, 
34, 34, 34, 34, 34, 34, 0.130952380952381, 0.142857142857143, 
0.130952380952381, 0.130952380952381, 0.119047619047619, 0.142857142857143, 
0.130952380952381, 0.107142857142857, 0.119047619047619, 0.119047619047619, 
0.130952380952381, 0.0714285714285714, 0.142857142857143, 0.130952380952381, 
0.119047619047619, 0.142857142857143, 0.130952380952381, 0.154761904761905, 
0.154761904761905, 0.166666666666667, 0.119047619047619, 0.142857142857143, 
0.154761904761905, 0.119047619047619, 0.154761904761905, 0.130952380952381, 
0.130952380952381, 0.166666666666667, 0.142857142857143, 0.130952380952381, 
0.166666666666667, 0.142857142857143, 0.142857142857143, 0.166666666666667, 
0.142857142857143, 0.130952380952381, 0.154761904761905, 0.130952380952381, 
0.107142857142857, 0.107142857142857, 0.488095238095238, 0.464285714285714, 
0.511904761904762, 0.452380952380952, 0.488095238095238, 0.5, 
0.44047619047619, 0.476190476190476, 0.5, 0.488095238095238, 
0.44047619047619, 0.488095238095238, 0.44047619047619, 0.428571428571429, 
0.488095238095238, 0.44047619047619, 0.452380952380952, 0.416666666666667, 
0.464285714285714, 0.416666666666667, 0.452380952380952, 0.416666666666667, 
0.476190476190476, 0.476190476190476, 0.428571428571429, 0.428571428571429, 
0.44047619047619, 0.404761904761905, 0.392857142857143, 0.404761904761905, 
0.369047619047619, 0.44047619047619, 0.392857142857143, 0.416666666666667, 
0.44047619047619, 0.44047619047619, 0.428571428571429, 0.44047619047619, 
0.380952380952381, 0.452380952380952, 0.25, 0.25, 0.25, 0.25, 
0.25, 0.25, 0.25, 0.25, 0.25, 0.25, 0.25, 0.25, 0.25, 0.25, 0.25, 
0.25, 0.25, 0.25, 0.25, 0.25, 0.25, 0.25, 0.25, 0.25, 0.25, 0.25, 
0.25, 0.25, 0.25, 0.25, 0.25, 0.25, 0.25, 0.25, 0.25, 0.25, 0.25, 
0.25, 0.25, 0.25, 0.163807678099606, 0.147093277721037, 0.178439104412041, 
0.149640536785435, 0.174693338913136, 0.170034010203401, 0.136082763487954, 
0.160014644076635, 0.176843491707597, 0.163519029984417, 0.134335800633419, 
0.178967814028249, 0.135037297834711, 0.137120258279135, 0.166382978517751, 
0.131492393061753, 0.143845785399935, 0.115010926557059, 0.145153501255332, 
0.117851130197758, 0.145153501255332, 0.117851130197758, 0.152145154862546, 
0.16322987143812, 0.12256702548794, 0.12858612496841, 0.138491494973136, 
0.106034835046725, 0.109541061443193, 0.114599437128521, 0.086395004194751, 
0.132921700194002, 0.105140010313427, 0.113771993546281, 0.13077188137527, 
0.145153501255332, 0.124099172786602, 0.136082763487954, 0.12858612496841, 
0.154609204276017, 0.454228920988081, 1.23767751309605, 1.16415241247797, 
0.461241149215528, 0.545326824398646, 0.397084761126903, 2.01472187592265, 
0.858803830608661, 2.2535065202085, 1.92054097526333, 1.48991235305707, 
1.90482433222521, 1.56060318259685, 0.597830901280835, 2.2226830448325, 
1.81271261838515, 1.87432961506401, 0.903255782602906, 2.21993218310686, 
2.06950936786807, 0.948933654203619, 0.86539929466851, 0.823055621015962, 
0.960422735418796, 1.66930182988616, 1.71690874822066, 1.15293396780405, 
1.42758247089971, 1.36804782140296, 0.967131407582505, 1.3502747791393, 
1.15232526706065, 1.16128295895061, 1.67251593196927, 0.621353692102498, 
0.850519064270915, 0.768804715293855, 0.897930519390246, 0.817913462247153, 
0.881807759748836, 2.1815730145002, 1.93915964323357, 2.15106310390442, 
2.15514205284835, 2.17340157431012, 1.82383392105597, 2.35181851033259, 
2.05506901935428, 2.46444398387918, 2.34350904211128, 2.35177564730971, 
2.33181250879924, 2.09892172881587, 2.05784005205883, 2.3691376380292, 
2.07804652421776, 2.03575288974612, 1.81924483473818, 2.36921639475772, 
2.29660742849483, 2.01384161578862, 2.15353739237813, 1.57994942418327, 
2.0106015711293, 1.93507999366998, 2.13462460453287, 2.06648433227498, 
1.97457431731165, 1.95518550317048, 1.94459559660896, 1.82033186276065, 
1.91042795962709, 1.95945077085879, 1.79238772606274, 2.06287451115824, 
1.85135269071611, 1.84561944261194, 1.90571914590326, 1.84854134130825, 
1.81280468822048, 3.06205053594684, 5.2074765086573, 4.59838026646545, 
5.21466536783396, 3.98470812641742, 2.88884294666802, 7.61217091885158, 
3.22624613260631, 8.43593339368128, 6.86153575061748, 4.45624221222019, 
6.62720619276155, 4.72309499922859, 3.44015736895338, 8.58598624480916, 
6.6995947141238, 7.36116256206373, 3.60083216334549, 8.24775248139172, 
7.88484675337964, 3.10017116433609, 3.86205930461614, 3.13757447876467, 
4.1763584917363, 6.11805882819272, 6.6205110468463, 4.42328343961818, 
4.12255943136278, 3.68652727466557, 4.16784316028565, 3.96193482039788, 
4.03809302183064, 3.2133050691171, 5.2415059354167, 4.05087872927532, 
3.33371460178188, 4.65182106802457, 3.91344675022048, 3.01974550873599, 
3.3584447466944, 7.63428100927553, 6.74695103323682, 7.70882401253449, 
7.91404701012614, 8.21408606023736, 5.549603653567, 8.6836861377546, 
7.59688155587448, 9.47340957245196, 8.50955426081247, 8.47275263685585, 
