tmp <-
structure(c(19, 19, 19, 19, 19, 19, 19, 19, 19, 19, 19, 19, 19, 
19, 19, 19, 19, 19, 19, 19, 19, 19, 19, 19, 19, 19, 19, 19, 19, 
19, 19, 19, 19, 19, 19, 19, 19, 19, 19, 19, 8, 8, 8, 8, 8, 8, 
8, 8, 8, 8, 8, 8, 8, 8, 8, 8, 8, 8, 8, 8, 8, 8, 8, 8, 8, 8, 8, 
8, 8, 8, 8, 8, 8, 8, 8, 8, 8, 8, 8, 8, 7, 7, 7, 7, 7, 7, 7, 7, 
7, 7, 7, 7, 7, 7, 7, 7, 7, 7, 7, 7, 7, 7, 7, 7, 7, 7, 7, 7, 7, 
7, 7, 7, 7, 7, 7, 7, 7, 7, 7, 7, 1, 1, 1, 1, 1, 1, 1, 1, 1, 1, 
1, 1, 1, 1, 1, 1, 1, 1, 1, 1, 1, 1, 1, 1, 1, 1, 1, 1, 1, 1, 1, 
1, 1, 1, 1, 1, 1, 1, 1, 1, 4153, 4153, 4153, 4153, 4153, 4153, 
4153, 4153, 4153, 4153, 4153, 4153, 4153, 4153, 4153, 4153, 4153, 
4153, 4153, 4153, 4153, 4153, 4153, 4153, 4153, 4153, 4153, 4153, 
4153, 4153, 4153, 4153, 4153, 4153, 4153, 4153, 4153, 4153, 4153, 
4153, 0.00192631832410306, 0.00192631832410306, 0.00192631832410306, 
0.00192631832410306, 0.00192631832410306, 0.00192631832410306, 
0.00192631832410306, 0.00192631832410306, 0.00192631832410306, 
0.00192631832410306, 0.00192631832410306, 0.00192631832410306, 
0.00192631832410306, 0.00192631832410306, 0.00192631832410306, 
0.00192631832410306, 0.00192631832410306, 0.00192631832410306, 
0.00192631832410306, 0.00192631832410306, 0.00192631832410306, 
0.00192631832410306, 0.00192631832410306, 0.00192631832410306, 
0.00192631832410306, 0.00192631832410306, 0.00192631832410306, 
0.00192631832410306, 0.00192631832410306, 0.00192631832410306, 
0.00192631832410306, 0.00192631832410306, 0.00192631832410306, 
0.00192631832410306, 0.00192631832410306, 0.00192631832410306, 
0.00192631832410306, 0.00192631832410306, 0.00192631832410306, 
0.00192631832410306, 0.875, 0.875, 0.875, 0.875, 0.875, 0.875, 
0.875, 0.875, 0.875, 0.875, 0.875, 0.875, 0.875, 0.875, 0.875, 
0.875, 0.875, 0.875, 0.875, 0.875, 0.875, 0.875, 0.875, 0.875, 
0.875, 0.875, 0.875, 0.875, 0.875, 0.875, 0.875, 0.875, 0.875, 
0.875, 0.875, 0.875, 0.875, 0.875, 0.875, 0.875, 0.125, 0.125, 
0.125, 0.125, 0.125, 0.125, 0.125, 0.125, 0.125, 0.125, 0.125, 
0.125, 0.125, 0.125, 0.125, 0.125, 0.125, 0.125, 0.125, 0.125, 
0.125, 0.125, 0.125, 0.125, 0.125, 0.125, 0.125, 0.125, 0.125, 
0.125, 0.125, 0.125, 0.125, 0.125, 0.125, 0.125, 0.125, 0.125, 
0.125, 0.125, 3, 3, 3, 3, 3, 3, 3, 3, 3, 3, 3, 3, 3, 3, 3, 3, 
3, 3, 3, 3, 3, 3, 3, 3, 3, 3, 3, 3, 3, 3, 3, 3, 3, 3, 3, 3, 3, 
3, 3, 3, 19, 19, 19, 19, 19, 19, 19, 19, 19, 19, 19, 19, 19, 
19, 19, 19, 19, 19, 19, 19, 19, 19, 19, 19, 19, 19, 19, 19, 19, 
19, 19, 19, 19, 19, 19, 19, 19, 19, 19, 19, 11, 11, 11, 11, 11, 
11, 11, 11, 11, 11, 11, 11, 11, 11, 11, 11, 11, 11, 11, 11, 11, 
11, 11, 11, 11, 11, 11, 11, 11, 11, 11, 11, 11, 11, 11, 11, 11, 
11, 11, 11, 11.3137084989848, 11.3137084989848, 11.3137084989848, 
11.3137084989848, 11.3137084989848, 11.3137084989848, 11.3137084989848, 
11.3137084989848, 11.3137084989848, 11.3137084989848, 11.3137084989848, 
11.3137084989848, 11.3137084989848, 11.3137084989848, 11.3137084989848, 
11.3137084989848, 11.3137084989848, 11.3137084989848, 11.3137084989848, 
11.3137084989848, 11.3137084989848, 11.3137084989848, 11.3137084989848, 
11.3137084989848, 11.3137084989848, 11.3137084989848, 11.3137084989848, 
11.3137084989848, 11.3137084989848, 11.3137084989848, 11.3137084989848, 
11.3137084989848, 11.3137084989848, 11.3137084989848, 11.3137084989848, 
11.3137084989848, 11.3137084989848, 11.3137084989848, 11.3137084989848, 
11.3137084989848, 22, 22, 22, 22, 22, 22, 22, 22, 22, 22, 22, 
22, 22, 22, 22, 22, 22, 22, 22, 22, 22, 22, 22, 22, 22, 22, 22, 
22, 22, 22, 22, 22, 22, 22, 22, 22, 22, 22, 22, 22, 0.00337105706718035, 
0.00337105706718035, 0.00337105706718035, 0.00337105706718035, 
0.00337105706718035, 0.00337105706718035, 0.00337105706718035, 
0.00337105706718035, 0.00337105706718035, 0.00337105706718035, 
0.00337105706718035, 0.00337105706718035, 0.00337105706718035, 
0.00337105706718035, 0.00337105706718035, 0.00337105706718035, 
0.00337105706718035, 0.00337105706718035, 0.00337105706718035, 
0.00337105706718035, 0.00337105706718035, 0.00337105706718035, 
0.00337105706718035, 0.00337105706718035, 0.00337105706718035, 
0.00337105706718035, 0.00337105706718035, 0.00337105706718035, 
0.00337105706718035, 0.00337105706718035, 0.00337105706718035, 
0.00337105706718035, 0.00337105706718035, 0.00337105706718035, 
0.00337105706718035, 0.00337105706718035, 0.00337105706718035, 
0.00337105706718035, 0.00337105706718035, 0.00337105706718035, 
0.160847580062605, 0.160847580062605, 0.160847580062605, 0.160847580062605, 
0.160847580062605, 0.160847580062605, 0.160847580062605, 0.160847580062605, 
0.160847580062605, 0.160847580062605, 0.169034432940043, 0.169034432940043, 
0.169034432940043, 0.169034432940043, 0.169034432940043, 0.169034432940043, 
0.169034432940043, 0.169034432940043, 0.169034432940043, 0.169034432940043, 
0.177462075607994, 0.177462075607994, 0.177462075607994, 0.177462075607994, 
0.177462075607994, 0.177462075607994, 0.177462075607994, 0.177462075607994, 
0.177462075607994, 0.177462075607994, 0.185648928485432, 0.185648928485432, 
0.185648928485432, 0.185648928485432, 0.185648928485432, 0.185648928485432, 
0.185648928485432, 0.185648928485432, 0.185648928485432, 0.185648928485432, 
0.0526315789473684, 0.0526315789473684, 0.0526315789473684, 0.0526315789473684, 
0.0526315789473684, 0.0526315789473684, 0.0526315789473684, 0.0526315789473684, 
0.0526315789473684, 0.0526315789473684, 0.0526315789473684, 0.0526315789473684, 
0.0526315789473684, 0.0526315789473684, 0.0526315789473684, 0.0526315789473684, 
0.0526315789473684, 0.0526315789473684, 0.0526315789473684, 0.0526315789473684, 
0.0526315789473684, 0.0526315789473684, 0.0526315789473684, 0.0526315789473684, 
0.0526315789473684, 0.0526315789473684, 0.0526315789473684, 0.0526315789473684, 
0.0526315789473684, 0.0526315789473684, 0.0526315789473684, 0.0526315789473684, 
0.0526315789473684, 0.0526315789473684, 0.0526315789473684, 0.0526315789473684, 
0.0526315789473684, 0.0526315789473684, 0.0526315789473684, 0.0526315789473684, 
0.0542724683199474, 0.0542724683199474, 0.0542724683199474, 0.0542724683199474, 
0.0542724683199474, 0.0542724683199474, 0.0542724683199474, 0.0542724683199474, 
0.0542724683199474, 0.0542724683199474, 0.0543672276238741, 0.0543672276238741, 
0.0543672276238741, 0.0543672276238741, 0.0543672276238741, 0.0543672276238741, 
0.0543672276238741, 0.0543672276238741, 0.0543672276238741, 0.0543672276238741, 
0.0546072406999994, 0.0546072406999994, 0.0546072406999994, 0.0546072406999994, 
0.0546072406999994, 0.0546072406999994, 0.0546072406999994, 0.0546072406999994, 
0.0546072406999994, 0.0546072406999994, 0.0549770144806324, 0.0549770144806324, 
0.0549770144806324, 0.0549770144806324, 0.0549770144806324, 0.0549770144806324, 
0.0549770144806324, 0.0549770144806324, 0.0549770144806324, 0.0549770144806324, 
0.717461130683995, 0.717027668920888, 0.716854443208739, 0.716942005212074, 
0.716022216670235, 0.714111974400908, 0.716415594059999, 0.717168638554897, 
0.716939364592454, 0.716780632936591, 0.716375730881063, 0.716318470271378, 
0.717168648432666, 0.714952140167069, 0.717290817379786, 0.71565652983815, 
0.71526494016496, 0.717241386986908, 0.715805677664614, 0.716301375875772, 
0.715296299276517, 0.717502322173106, 0.716998042675989, 0.716172413443418, 
0.716128565735409, 0.714627506841132, 0.717389298526577, 0.716742797828056, 
0.713437964296922, 0.715997423613188, 0.715280475743763, 0.715927706370333, 
0.714137095072971, 0.71737382366749, 0.715926854470047, 0.713298231677975, 
0.716493800321062, 0.71469646157305, 0.717422366633904, 0.71628856353005, 
0.745366692761548, 0.745033378592412, 0.744901044260462, 0.744965418067637, 
0.744242752001974, 0.742773007814212, 0.744550021555829, 0.745145418418585, 
0.744950361725206, 0.744832631320251, 0.744638269987731, 0.744616626333894, 
0.745247249168831, 0.743532924920643, 0.745344003115543, 0.744069741661024, 
0.743771374807714, 0.745293863071313, 0.744196847727793, 0.744549441127564, 
