tmp <-
structure(c(2, 2, 2, 2, 2, 2, 2, 2, 2, 2, 2, 2, 2, 2, 2, 2, 2, 
2, 2, 2, 2, 2, 2, 2, 2, 2, 2, 2, 2, 2, 2, 2, 2, 2, 2, 2, 2, 2, 
2, 2, 7, 7, 7, 7, 7, 7, 7, 7, 7, 7, 7, 7, 7, 7, 7, 7, 7, 7, 7, 
7, 7, 7, 7, 7, 7, 7, 7, 7, 7, 7, 7, 7, 7, 7, 7, 7, 7, 7, 7, 7, 
1, 1, 1, 1, 1, 1, 1, 1, 1, 1, 1, 1, 1, 1, 1, 1, 1, 1, 1, 1, 1, 
1, 1, 1, 1, 1, 1, 1, 1, 1, 1, 1, 1, 1, 1, 1, 1, 1, 1, 1, 6, 6, 
6, 6, 6, 6, 6, 6, 6, 6, 6, 6, 6, 6, 6, 6, 6, 6, 6, 6, 6, 6, 6, 
6, 6, 6, 6, 6, 6, 6, 6, 6, 6, 6, 6, 6, 6, 6, 6, 6, 120, 120, 
120, 120, 120, 120, 120, 120, 120, 120, 120, 120, 120, 120, 120, 
120, 120, 120, 120, 120, 120, 120, 120, 120, 120, 120, 120, 120, 
120, 120, 120, 120, 120, 120, 120, 120, 120, 120, 120, 120, 0.0583333333333333, 
0.0583333333333333, 0.0583333333333333, 0.0583333333333333, 0.0583333333333333, 
0.0583333333333333, 0.0583333333333333, 0.0583333333333333, 0.0583333333333333, 
0.0583333333333333, 0.0583333333333333, 0.0583333333333333, 0.0583333333333333, 
0.0583333333333333, 0.0583333333333333, 0.0583333333333333, 0.0583333333333333, 
0.0583333333333333, 0.0583333333333333, 0.0583333333333333, 0.0583333333333333, 
0.0583333333333333, 0.0583333333333333, 0.0583333333333333, 0.0583333333333333, 
0.0583333333333333, 0.0583333333333333, 0.0583333333333333, 0.0583333333333333, 
0.0583333333333333, 0.0583333333333333, 0.0583333333333333, 0.0583333333333333, 
0.0583333333333333, 0.0583333333333333, 0.0583333333333333, 0.0583333333333333, 
0.0583333333333333, 0.0583333333333333, 0.0583333333333333, 0.142857142857143, 
0.142857142857143, 0.142857142857143, 0.142857142857143, 0.142857142857143, 
0.142857142857143, 0.142857142857143, 0.142857142857143, 0.142857142857143, 
0.142857142857143, 0.142857142857143, 0.142857142857143, 0.142857142857143, 
0.142857142857143, 0.142857142857143, 0.142857142857143, 0.142857142857143, 
0.142857142857143, 0.142857142857143, 0.142857142857143, 0.142857142857143, 
0.142857142857143, 0.142857142857143, 0.142857142857143, 0.142857142857143, 
0.142857142857143, 0.142857142857143, 0.142857142857143, 0.142857142857143, 
0.142857142857143, 0.142857142857143, 0.142857142857143, 0.142857142857143, 
0.142857142857143, 0.142857142857143, 0.142857142857143, 0.142857142857143, 
0.142857142857143, 0.142857142857143, 0.142857142857143, 0.857142857142857, 
0.857142857142857, 0.857142857142857, 0.857142857142857, 0.857142857142857, 
0.857142857142857, 0.857142857142857, 0.857142857142857, 0.857142857142857, 
0.857142857142857, 0.857142857142857, 0.857142857142857, 0.857142857142857, 
0.857142857142857, 0.857142857142857, 0.857142857142857, 0.857142857142857, 
0.857142857142857, 0.857142857142857, 0.857142857142857, 0.857142857142857, 
0.857142857142857, 0.857142857142857, 0.857142857142857, 0.857142857142857, 
0.857142857142857, 0.857142857142857, 0.857142857142857, 0.857142857142857, 
0.857142857142857, 0.857142857142857, 0.857142857142857, 0.857142857142857, 
0.857142857142857, 0.857142857142857, 0.857142857142857, 0.857142857142857, 
0.857142857142857, 0.857142857142857, 0.857142857142857, 2, 2, 
2, 2, 2, 2, 2, 2, 2, 2, 2, 2, 2, 2, 2, 2, 2, 2, 2, 2, 2, 2, 2, 
2, 2, 2, 2, 2, 2, 2, 2, 2, 2, 2, 2, 2, 2, 2, 2, 2, 2, 2, 2, 2, 
2, 2, 2, 2, 2, 2, 2, 2, 2, 2, 2, 2, 2, 2, 2, 2, 2, 2, 2, 2, 2, 
2, 2, 2, 2, 2, 2, 2, 2, 2, 2, 2, 2, 2, 2, 2, 2, 2, 2, 2, 2, 2, 
2, 2, 2, 2, 2, 2, 2, 2, 2, 2, 2, 2, 2, 2, 2, 2, 2, 2, 2, 2, 2, 
2, 2, 2, 2, 2, 2, 2, 2, 2, 2, 2, 2, 2, 0, 0, 0, 0, 0, 0, 0, 0, 
0, 0, 0, 0, 0, 0, 0, 0, 0, 0, 0, 0, 0, 0, 0, 0, 0, 0, 0, 0, 0, 
0, 0, 0, 0, 0, 0, 0, 0, 0, 0, 0, 14, 14, 14, 14, 14, 14, 14, 
14, 14, 14, 14, 14, 14, 14, 14, 14, 14, 14, 14, 14, 14, 14, 14, 
14, 14, 14, 14, 14, 14, 14, 14, 14, 14, 14, 14, 14, 14, 14, 14, 
14, 0.441666666666667, 0.441666666666667, 0.441666666666667, 
0.441666666666667, 0.441666666666667, 0.441666666666667, 0.441666666666667, 
0.441666666666667, 0.441666666666667, 0.441666666666667, 0.475, 
0.475, 0.475, 0.475, 0.475, 0.475, 0.475, 0.475, 0.475, 0.475, 
0.5, 0.5, 0.5, 0.5, 0.5, 0.5, 0.5, 0.5, 0.5, 0.5, 0.466666666666667, 
0.466666666666667, 0.466666666666667, 0.466666666666667, 0.466666666666667, 
0.466666666666667, 0.466666666666667, 0.466666666666667, 0.466666666666667, 
0.466666666666667, 0.558333333333333, 0.558333333333333, 0.558333333333333, 
0.558333333333333, 0.558333333333333, 0.558333333333333, 0.558333333333333, 
0.558333333333333, 0.558333333333333, 0.558333333333333, 0.525, 
0.525, 0.525, 0.525, 0.525, 0.525, 0.525, 0.525, 0.525, 0.525, 
0.5, 0.5, 0.5, 0.5, 0.5, 0.5, 0.5, 0.5, 0.5, 0.5, 0.533333333333333, 
0.533333333333333, 0.533333333333333, 0.533333333333333, 0.533333333333333, 
0.533333333333333, 0.533333333333333, 0.533333333333333, 0.533333333333333, 
0.533333333333333, 0.5, 0.5, 0.5, 0.5, 0.5, 0.5, 0.5, 0.5, 0.5, 
0.5, 0.5, 0.5, 0.5, 0.5, 0.5, 0.5, 0.5, 0.5, 0.5, 0.5, 0.5, 0.5, 
0.5, 0.5, 0.5, 0.5, 0.5, 0.5, 0.5, 0.5, 0.5, 0.5, 0.5, 0.5, 0.5, 
0.5, 0.5, 0.5, 0.5, 0.5, 0.0824957911384306, 0.0824957911384306, 
0.0824957911384306, 0.0824957911384306, 0.0824957911384306, 0.0824957911384306, 
0.0824957911384306, 0.0824957911384306, 0.0824957911384306, 0.0824957911384306, 
0.0353553390593274, 0.0353553390593274, 0.0353553390593274, 0.0353553390593274, 
0.0353553390593274, 0.0353553390593274, 0.0353553390593274, 0.0353553390593274, 
0.0353553390593274, 0.0353553390593274, 0, 0, 0, 0, 0, 0, 0, 
0, 0, 0, 0.0471404520791032, 0.0471404520791032, 0.0471404520791032, 
0.0471404520791032, 0.0471404520791032, 0.0471404520791032, 0.0471404520791032, 
0.0471404520791032, 0.0471404520791032, 0.0471404520791032, 1.39643410005011, 
1.35466177755796, 1.50377756226812, 1.27127772908773, 1.40019572691335, 
1.29913977755908, 1.46305752935577, 1.2578215619862, 1.23525886625144, 
1.30770890302901, 1.39269886548148, 1.4833760051654, 1.21353450256434, 
1.28445528778175, 1.27189111591635, 1.35483412807534, 1.28465430110076, 
1.27476779112657, 1.34451082886806, 1.37646256300814, 1.31059069408733, 
1.1737093359332, 1.39612940813938, 1.24845455483531, 1.14570152861258, 
1.29554636579737, 1.12767045321269, 1.11085071116695, 1.15310240800227, 
1.22807375713913, 1.2500260519938, 1.13255863326351, 1.22563945967106, 
1.24208998846911, 1.25064141442765, 1.10683896871964, 1.10962784590241, 
1.16456042171933, 1.17128811856058, 1.21218205234408, 0.991817690665671, 
0.985627643175336, 1.15447679591759, 0.948043278735759, 0.99218165321437, 
0.974731114418647, 1.148701291523, 0.887592789529319, 0.934971097807483, 
0.918208575359068, 0.760606006256589, 0.796510578771229, 0.795754349548294, 
0.833561874340296, 0.788045535057359, 0.776672825850313, 0.859679988275324, 
0.831862807175525, 0.842693476741472, 0.768090217650449, 0.714789990217385, 
0.769953793067891, 0.776366810878228, 0.75661795713155, 0.722461355777756, 
0.757668334322455, 0.815399530843416, 0.683695579795547, 0.676720688769753, 
0.668976427035037, 0.634780834133255, 0.703768181531522, 0.71900441420953, 
0.664410684801599, 0.758528230624081, 0.732027622935165, 0.648254379784632, 
0.683142685637205, 0.645064902236229, 0.752336355241173, 4.3259456088233, 
4.14727659983528, 4.83560502777975, 3.848691272834, 4.30434478037209, 
3.96810270739499, 4.71455515315687, 3.77188406470208, 3.65938428185036, 
3.96635920949322, 4.30338459625877, 4.59256539043441, 3.58074781871709, 
3.89525449412461, 3.7383048007662, 4.2050273968316, 3.72567852153171, 
3.79464171276774, 4.06571706436251, 4.31245412620585, 3.94859746112511, 
3.35939928977719, 4.34069288545557, 3.6267654697715, 3.27493501013865, 
3.84548110944717, 3.22205072930074, 3.23866399211417, 3.38930276291266, 
3.70210123271483, 3.7963372531685, 3.38084865198574, 3.72413866256053, 
4.000793535156, 3.77929674583074, 3.30942934088121, 3.30578399326614, 
3.46995112281099, 3.61831967755407, 3.72674879041485, 3.55063521883572, 
3.52475823734242, 5.48391471616936, 3.44577255555488, 3.54735181388398, 
3.48271199280346, 5.46646794619822, 2.85235152507781, 3.42742447883939, 
