tmp <-
structure(c(2, 2, 2, 2, 2, 2, 2, 2, 2, 2, 2, 2, 2, 2, 2, 2, 2, 
2, 2, 2, 2, 2, 2, 2, 2, 2, 2, 2, 2, 2, 2, 2, 2, 2, 2, 2, 2, 2, 
2, 2, 7, 7, 7, 7, 7, 7, 7, 7, 7, 7, 7, 7, 7, 7, 7, 7, 7, 7, 7, 
7, 7, 7, 7, 7, 7, 7, 7, 7, 7, 7, 7, 7, 7, 7, 7, 7, 7, 7, 7, 7, 
7, 7, 7, 7, 7, 7, 7, 7, 7, 7, 7, 7, 7, 7, 7, 7, 7, 7, 7, 7, 7, 
7, 7, 7, 7, 7, 7, 7, 7, 7, 7, 7, 7, 7, 7, 7, 7, 7, 7, 7, 0, 0, 
0, 0, 0, 0, 0, 0, 0, 0, 0, 0, 0, 0, 0, 0, 0, 0, 0, 0, 0, 0, 0, 
0, 0, 0, 0, 0, 0, 0, 0, 0, 0, 0, 0, 0, 0, 0, 0, 0, 106, 106, 
106, 106, 106, 106, 106, 106, 106, 106, 106, 106, 106, 106, 106, 
106, 106, 106, 106, 106, 106, 106, 106, 106, 106, 106, 106, 106, 
106, 106, 106, 106, 106, 106, 106, 106, 106, 106, 106, 106, 0.0660377358490566, 
0.0660377358490566, 0.0660377358490566, 0.0660377358490566, 0.0660377358490566, 
0.0660377358490566, 0.0660377358490566, 0.0660377358490566, 0.0660377358490566, 
0.0660377358490566, 0.0660377358490566, 0.0660377358490566, 0.0660377358490566, 
0.0660377358490566, 0.0660377358490566, 0.0660377358490566, 0.0660377358490566, 
0.0660377358490566, 0.0660377358490566, 0.0660377358490566, 0.0660377358490566, 
0.0660377358490566, 0.0660377358490566, 0.0660377358490566, 0.0660377358490566, 
0.0660377358490566, 0.0660377358490566, 0.0660377358490566, 0.0660377358490566, 
0.0660377358490566, 0.0660377358490566, 0.0660377358490566, 0.0660377358490566, 
0.0660377358490566, 0.0660377358490566, 0.0660377358490566, 0.0660377358490566, 
0.0660377358490566, 0.0660377358490566, 0.0660377358490566, 1, 
1, 1, 1, 1, 1, 1, 1, 1, 1, 1, 1, 1, 1, 1, 1, 1, 1, 1, 1, 1, 1, 
1, 1, 1, 1, 1, 1, 1, 1, 1, 1, 1, 1, 1, 1, 1, 1, 1, 1, 0, 0, 0, 
0, 0, 0, 0, 0, 0, 0, 0, 0, 0, 0, 0, 0, 0, 0, 0, 0, 0, 0, 0, 0, 
0, 0, 0, 0, 0, 0, 0, 0, 0, 0, 0, 0, 0, 0, 0, 0, 2, 2, 2, 2, 2, 
2, 2, 2, 2, 2, 2, 2, 2, 2, 2, 2, 2, 2, 2, 2, 2, 2, 2, 2, 2, 2, 
2, 2, 2, 2, 2, 2, 2, 2, 2, 2, 2, 2, 2, 2, 2, 2, 2, 2, 2, 2, 2, 
2, 2, 2, 2, 2, 2, 2, 2, 2, 2, 2, 2, 2, 2, 2, 2, 2, 2, 2, 2, 2, 
2, 2, 2, 2, 2, 2, 2, 2, 2, 2, 2, 2, 2, 2, 2, 2, 2, 2, 2, 2, 2, 
2, 2, 2, 2, 2, 2, 2, 2, 2, 2, 2, 2, 2, 2, 2, 2, 2, 2, 2, 2, 2, 
2, 2, 2, 2, 2, 2, 2, 2, 2, 2, 0, 0, 0, 0, 0, 0, 0, 0, 0, 0, 0, 
0, 0, 0, 0, 0, 0, 0, 0, 0, 0, 0, 0, 0, 0, 0, 0, 0, 0, 0, 0, 0, 
0, 0, 0, 0, 0, 0, 0, 0, 2, 2, 2, 2, 2, 2, 2, 2, 2, 2, 2, 2, 2, 
2, 2, 2, 2, 2, 2, 2, 2, 2, 2, 2, 2, 2, 2, 2, 2, 2, 2, 2, 2, 2, 
2, 2, 2, 2, 2, 2, 0.235849056603774, 0.235849056603774, 0.235849056603774, 
0.235849056603774, 0.235849056603774, 0.235849056603774, 0.235849056603774, 
0.235849056603774, 0.235849056603774, 0.235849056603774, 0.273584905660377, 
0.273584905660377, 0.273584905660377, 0.273584905660377, 0.273584905660377, 
0.273584905660377, 0.273584905660377, 0.273584905660377, 0.273584905660377, 
0.273584905660377, 0.311320754716981, 0.311320754716981, 0.311320754716981, 
0.311320754716981, 0.311320754716981, 0.311320754716981, 0.311320754716981, 
0.311320754716981, 0.311320754716981, 0.311320754716981, 0.358490566037736, 
0.358490566037736, 0.358490566037736, 0.358490566037736, 0.358490566037736, 
0.358490566037736, 0.358490566037736, 0.358490566037736, 0.358490566037736, 
0.358490566037736, 0.764150943396226, 0.764150943396226, 0.764150943396226, 
0.764150943396226, 0.764150943396226, 0.764150943396226, 0.764150943396226, 
0.764150943396226, 0.764150943396226, 0.764150943396226, 0.726415094339623, 
0.726415094339623, 0.726415094339623, 0.726415094339623, 0.726415094339623, 
0.726415094339623, 0.726415094339623, 0.726415094339623, 0.726415094339623, 
0.726415094339623, 0.688679245283019, 0.688679245283019, 0.688679245283019, 
0.688679245283019, 0.688679245283019, 0.688679245283019, 0.688679245283019, 
0.688679245283019, 0.688679245283019, 0.688679245283019, 0.641509433962264, 
0.641509433962264, 0.641509433962264, 0.641509433962264, 0.641509433962264, 
0.641509433962264, 0.641509433962264, 0.641509433962264, 0.641509433962264, 
0.641509433962264, 0.5, 0.5, 0.5, 0.5, 0.5, 0.5, 0.5, 0.5, 0.5, 
0.5, 0.5, 0.5, 0.5, 0.5, 0.5, 0.5, 0.5, 0.5, 0.5, 0.5, 0.5, 0.5, 
0.5, 0.5, 0.5, 0.5, 0.5, 0.5, 0.5, 0.5, 0.5, 0.5, 0.5, 0.5, 0.5, 
0.5, 0.5, 0.5, 0.5, 0.5, 0.373565846664591, 0.373565846664591, 
0.373565846664591, 0.373565846664591, 0.373565846664591, 0.373565846664591, 
0.373565846664591, 0.373565846664591, 0.373565846664591, 0.373565846664591, 
0.320199297141078, 0.320199297141078, 0.320199297141078, 0.320199297141078, 
0.320199297141078, 0.320199297141078, 0.320199297141078, 0.320199297141078, 
0.320199297141078, 0.320199297141078, 0.266832747617565, 0.266832747617565, 
0.266832747617565, 0.266832747617565, 0.266832747617565, 0.266832747617565, 
0.266832747617565, 0.266832747617565, 0.266832747617565, 0.266832747617565, 
0.200124560713174, 0.200124560713174, 0.200124560713174, 0.200124560713174, 
0.200124560713174, 0.200124560713174, 0.200124560713174, 0.200124560713174, 
0.200124560713174, 0.200124560713174, 1.11345291647141, 1.02485303597833, 
1.0249817209075, 1.03782057734759, 1.12973824541965, 1.09522000154534, 
1.07689789068132, 0.996826302240282, 1.03675528388146, 1.02516761447063, 
1.12877131712253, 1.13254961723726, 1.01693641592515, 1.0675805509053, 
1.0611681240711, 0.94553816293373, 0.982760392663887, 1.08286691770519, 
1.00278164594446, 1.00871678374934, 0.997513304317473, 1.11698269774276, 
1.01454713678717, 0.882628343078891, 1.02055131895405, 0.977002386072871, 
0.91934788330095, 0.932964324576629, 1.04061832097672, 0.989081613182477, 
0.86895766261858, 0.975345443572338, 0.882325282336649, 0.820932278224362, 
1.04295359327324, 0.912523191286521, 0.912622660799826, 0.968379944378094, 
0.993906268610933, 0.92775873852136, 1.11345291647141, 1.02485303597833, 
1.0249817209075, 1.03782057734759, 1.12973824541965, 1.09522000154534, 
1.07689789068132, 0.996826302240282, 1.03675528388146, 1.02516761447063, 
1.12877131712253, 1.13254961723726, 1.01693641592515, 1.0675805509053, 
1.0611681240711, 0.94553816293373, 0.982760392663887, 1.08286691770519, 
1.00278164594446, 1.00871678374934, 0.997513304317473, 1.11698269774276, 
1.01454713678717, 0.882628343078891, 1.02055131895405, 0.977002386072871, 
0.91934788330095, 0.932964324576629, 1.04061832097672, 0.989081613182477, 
0.86895766261858, 0.975345443572338, 0.882325282336649, 0.820932278224362, 
1.04295359327324, 0.912523191286521, 0.912622660799826, 0.968379944378094, 
0.993906268610933, 0.92775873852136, 5.01258465916217, 4.42464573774378, 
4.53322035401064, 4.76822140348904, 5.11531222144758, 4.88623525914065, 
4.86651816814376, 4.3386864925808, 4.36517750151136, 4.44600082863964, 
5.20522410996865, 5.10935549892463, 4.47895499563343, 4.71904699043497, 
4.8737833844859, 4.26969876608797, 4.29859742627485, 4.75461453672718, 
4.35865570396704, 4.16630368306381, 4.5389467402869, 5.15114359959346, 
4.40401275998043, 3.94278945408063, 4.2037766147746, 4.36326491714798, 
4.23217242763223, 4.24284922969265, 4.63765945770803, 4.38854712037173, 
4.04610736350993, 4.41405341401988, 3.89482294754804, 3.70709715916563, 
4.51457804337366, 4.2108712885097, 4.182165913059, 4.41521856831815, 
4.49938341528438, 4.01659948820004, 5.01258465916217, 4.42464573774378, 
4.53322035401064, 4.76822140348904, 5.11531222144758, 4.88623525914065, 
4.86651816814376, 4.3386864925808, 4.36517750151136, 4.44600082863964, 
5.20522410996865, 5.10935549892463, 4.47895499563343, 4.71904699043497, 
4.8737833844859, 4.26969876608797, 4.29859742627485, 4.75461453672718, 
4.35865570396704, 4.16630368306381, 4.5389467402869, 5.15114359959346, 
4.40401275998043, 3.94278945408063, 4.2037766147746, 4.36326491714798, 
4.23217242763223, 4.24284922969265, 4.63765945770803, 4.38854712037173, 
4.04610736350993, 4.41405341401988, 3.89482294754804, 3.70709715916563, 
4.51457804337366, 4.2108712885097, 4.182165913059, 4.41521856831815, 
4.49938341528438, 4.01659948820004, 0.456083763283286, 0.455655159732613, 
0.461299519853751, 0.44849256288441, 0.438479347151461, 0.456890483479431, 
