tmp <-
structure(c(2, 2, 2, 2, 2, 2, 2, 2, 2, 2, 2, 2, 2, 2, 2, 2, 2, 
2, 2, 2, 2, 2, 2, 2, 2, 2, 2, 2, 2, 2, 2, 2, 2, 2, 2, 2, 2, 2, 
2, 2, 14, 14, 14, 14, 14, 14, 14, 14, 14, 14, 14, 14, 14, 14, 
14, 14, 14, 14, 14, 14, 14, 14, 14, 14, 14, 14, 14, 14, 14, 14, 
14, 14, 14, 14, 14, 14, 14, 14, 14, 14, 8, 8, 8, 8, 8, 8, 8, 
8, 8, 8, 8, 8, 8, 8, 8, 8, 8, 8, 8, 8, 8, 8, 8, 8, 8, 8, 8, 8, 
8, 8, 8, 8, 8, 8, 8, 8, 8, 8, 8, 8, 6, 6, 6, 6, 6, 6, 6, 6, 6, 
6, 6, 6, 6, 6, 6, 6, 6, 6, 6, 6, 6, 6, 6, 6, 6, 6, 6, 6, 6, 6, 
6, 6, 6, 6, 6, 6, 6, 6, 6, 6, 690, 690, 690, 690, 690, 690, 690, 
690, 690, 690, 690, 690, 690, 690, 690, 690, 690, 690, 690, 690, 
690, 690, 690, 690, 690, 690, 690, 690, 690, 690, 690, 690, 690, 
690, 690, 690, 690, 690, 690, 690, 0.0202898550724638, 0.0202898550724638, 
0.0202898550724638, 0.0202898550724638, 0.0202898550724638, 0.0202898550724638, 
0.0202898550724638, 0.0202898550724638, 0.0202898550724638, 0.0202898550724638, 
0.0202898550724638, 0.0202898550724638, 0.0202898550724638, 0.0202898550724638, 
0.0202898550724638, 0.0202898550724638, 0.0202898550724638, 0.0202898550724638, 
0.0202898550724638, 0.0202898550724638, 0.0202898550724638, 0.0202898550724638, 
0.0202898550724638, 0.0202898550724638, 0.0202898550724638, 0.0202898550724638, 
0.0202898550724638, 0.0202898550724638, 0.0202898550724638, 0.0202898550724638, 
0.0202898550724638, 0.0202898550724638, 0.0202898550724638, 0.0202898550724638, 
0.0202898550724638, 0.0202898550724638, 0.0202898550724638, 0.0202898550724638, 
0.0202898550724638, 0.0202898550724638, 0.571428571428571, 0.571428571428571, 
0.571428571428571, 0.571428571428571, 0.571428571428571, 0.571428571428571, 
0.571428571428571, 0.571428571428571, 0.571428571428571, 0.571428571428571, 
0.571428571428571, 0.571428571428571, 0.571428571428571, 0.571428571428571, 
0.571428571428571, 0.571428571428571, 0.571428571428571, 0.571428571428571, 
0.571428571428571, 0.571428571428571, 0.571428571428571, 0.571428571428571, 
0.571428571428571, 0.571428571428571, 0.571428571428571, 0.571428571428571, 
0.571428571428571, 0.571428571428571, 0.571428571428571, 0.571428571428571, 
0.571428571428571, 0.571428571428571, 0.571428571428571, 0.571428571428571, 
0.571428571428571, 0.571428571428571, 0.571428571428571, 0.571428571428571, 
0.571428571428571, 0.571428571428571, 0.428571428571429, 0.428571428571429, 
0.428571428571429, 0.428571428571429, 0.428571428571429, 0.428571428571429, 
0.428571428571429, 0.428571428571429, 0.428571428571429, 0.428571428571429, 
0.428571428571429, 0.428571428571429, 0.428571428571429, 0.428571428571429, 
0.428571428571429, 0.428571428571429, 0.428571428571429, 0.428571428571429, 
0.428571428571429, 0.428571428571429, 0.428571428571429, 0.428571428571429, 
0.428571428571429, 0.428571428571429, 0.428571428571429, 0.428571428571429, 
0.428571428571429, 0.428571428571429, 0.428571428571429, 0.428571428571429, 
0.428571428571429, 0.428571428571429, 0.428571428571429, 0.428571428571429, 
0.428571428571429, 0.428571428571429, 0.428571428571429, 0.428571428571429, 
0.428571428571429, 0.428571428571429, 2, 2, 2, 2, 2, 2, 2, 2, 
2, 2, 2, 2, 2, 2, 2, 2, 2, 2, 2, 2, 2, 2, 2, 2, 2, 2, 2, 2, 2, 
2, 2, 2, 2, 2, 2, 2, 2, 2, 2, 2, 3, 3, 3, 3, 3, 3, 3, 3, 3, 3, 
3, 3, 3, 3, 3, 3, 3, 3, 3, 3, 3, 3, 3, 3, 3, 3, 3, 3, 3, 3, 3, 
3, 3, 3, 3, 3, 3, 3, 3, 3, 2.28571428571429, 2.28571428571429, 
2.28571428571429, 2.28571428571429, 2.28571428571429, 2.28571428571429, 
2.28571428571429, 2.28571428571429, 2.28571428571429, 2.28571428571429, 
2.28571428571429, 2.28571428571429, 2.28571428571429, 2.28571428571429, 
2.28571428571429, 2.28571428571429, 2.28571428571429, 2.28571428571429, 
2.28571428571429, 2.28571428571429, 2.28571428571429, 2.28571428571429, 
2.28571428571429, 2.28571428571429, 2.28571428571429, 2.28571428571429, 
2.28571428571429, 2.28571428571429, 2.28571428571429, 2.28571428571429, 
2.28571428571429, 2.28571428571429, 2.28571428571429, 2.28571428571429, 
2.28571428571429, 2.28571428571429, 2.28571428571429, 2.28571428571429, 
2.28571428571429, 2.28571428571429, 0.487950036474267, 0.487950036474267, 
0.487950036474267, 0.487950036474267, 0.487950036474267, 0.487950036474267, 
0.487950036474267, 0.487950036474267, 0.487950036474267, 0.487950036474267, 
0.487950036474267, 0.487950036474267, 0.487950036474267, 0.487950036474267, 
0.487950036474267, 0.487950036474267, 0.487950036474267, 0.487950036474267, 
0.487950036474267, 0.487950036474267, 0.487950036474267, 0.487950036474267, 
0.487950036474267, 0.487950036474267, 0.487950036474267, 0.487950036474267, 
0.487950036474267, 0.487950036474267, 0.487950036474267, 0.487950036474267, 
0.487950036474267, 0.487950036474267, 0.487950036474267, 0.487950036474267, 
0.487950036474267, 0.487950036474267, 0.487950036474267, 0.487950036474267, 
0.487950036474267, 0.487950036474267, 16, 16, 16, 16, 16, 16, 
16, 16, 16, 16, 16, 16, 16, 16, 16, 16, 16, 16, 16, 16, 16, 16, 
16, 16, 16, 16, 16, 16, 16, 16, 16, 16, 16, 16, 16, 16, 16, 16, 
16, 16, 0.472463768115942, 0.472463768115942, 0.472463768115942, 
0.472463768115942, 0.472463768115942, 0.472463768115942, 0.472463768115942, 
0.472463768115942, 0.472463768115942, 0.472463768115942, 0.5, 
0.5, 0.5, 0.5, 0.5, 0.5, 0.5, 0.5, 0.5, 0.5, 0.472463768115942, 
0.472463768115942, 0.472463768115942, 0.472463768115942, 0.472463768115942, 
0.472463768115942, 0.472463768115942, 0.472463768115942, 0.472463768115942, 
0.472463768115942, 0.444927536231884, 0.444927536231884, 0.444927536231884, 
0.444927536231884, 0.444927536231884, 0.444927536231884, 0.444927536231884, 
0.444927536231884, 0.444927536231884, 0.444927536231884, 0.527536231884058, 
0.527536231884058, 0.527536231884058, 0.527536231884058, 0.527536231884058, 
0.527536231884058, 0.527536231884058, 0.527536231884058, 0.527536231884058, 
0.527536231884058, 0.5, 0.5, 0.5, 0.5, 0.5, 0.5, 0.5, 0.5, 0.5, 
0.5, 0.527536231884058, 0.527536231884058, 0.527536231884058, 
0.527536231884058, 0.527536231884058, 0.527536231884058, 0.527536231884058, 
0.527536231884058, 0.527536231884058, 0.527536231884058, 0.555072463768116, 
0.555072463768116, 0.555072463768116, 0.555072463768116, 0.555072463768116, 
0.555072463768116, 0.555072463768116, 0.555072463768116, 0.555072463768116, 
0.555072463768116, 0.5, 0.5, 0.5, 0.5, 0.5, 0.5, 0.5, 0.5, 0.5, 
0.5, 0.5, 0.5, 0.5, 0.5, 0.5, 0.5, 0.5, 0.5, 0.5, 0.5, 0.5, 0.5, 
0.5, 0.5, 0.5, 0.5, 0.5, 0.5, 0.5, 0.5, 0.5, 0.5, 0.5, 0.5, 0.5, 
0.5, 0.5, 0.5, 0.5, 0.5, 0.0389421125870852, 0.0389421125870852, 
0.0389421125870852, 0.0389421125870852, 0.0389421125870852, 0.0389421125870852, 
0.0389421125870852, 0.0389421125870852, 0.0389421125870852, 0.0389421125870852, 
0, 0, 0, 0, 0, 0, 0, 0, 0, 0, 0.0389421125870852, 0.0389421125870852, 
0.0389421125870852, 0.0389421125870852, 0.0389421125870852, 0.0389421125870852, 
0.0389421125870852, 0.0389421125870852, 0.0389421125870852, 0.0389421125870852, 
0.0778842251741704, 0.0778842251741704, 0.0778842251741704, 0.0778842251741704, 
0.0778842251741704, 0.0778842251741704, 0.0778842251741704, 0.0778842251741704, 
0.0778842251741704, 0.0778842251741704, 3.4099469062278, 3.41571439575648, 
3.43044657800697, 3.45658023583595, 3.43809232183249, 3.41237224093485, 
3.42135555376264, 3.4426737699603, 3.42168872321445, 3.43078239127732, 
3.48060458709176, 3.49597785085375, 3.47027502871913, 3.43701672543138, 
3.45952301457312, 3.45205839808327, 3.49893920809364, 3.45839102109935, 
3.48244464474496, 3.44148997480516, 3.52312575367705, 3.39716668289358, 
3.44326419573823, 3.5212869257007, 3.53828600519109, 3.61039813964979, 
3.55526383039093, 3.47263402951594, 3.56152626039074, 3.4925417677392, 
3.44439968563962, 3.47138105862551, 3.3927824135407, 3.53091442463204, 
3.4470181286411, 3.55143150706431, 3.55261016960123, 3.49730982475556, 
3.51754741769869, 3.50568103664827, 2.50033326825801, 2.50132416189724, 
2.49785174943777, 2.52065806498307, 2.50764572219167, 2.50616978898929, 
