tmp <-
structure(c(2, 2, 2, 2, 2, 2, 2, 2, 2, 2, 2, 2, 2, 2, 2, 2, 2, 
2, 2, 2, 2, 2, 2, 2, 2, 2, 2, 2, 2, 2, 2, 2, 2, 2, 2, 2, 2, 2, 
2, 2, 31, 31, 31, 31, 31, 31, 31, 31, 31, 31, 31, 31, 31, 31, 
31, 31, 31, 31, 31, 31, 31, 31, 31, 31, 31, 31, 31, 31, 31, 31, 
31, 31, 31, 31, 31, 31, 31, 31, 31, 31, 5, 5, 5, 5, 5, 5, 5, 
5, 5, 5, 5, 5, 5, 5, 5, 5, 5, 5, 5, 5, 5, 5, 5, 5, 5, 5, 5, 5, 
5, 5, 5, 5, 5, 5, 5, 5, 5, 5, 5, 5, 26, 26, 26, 26, 26, 26, 26, 
26, 26, 26, 26, 26, 26, 26, 26, 26, 26, 26, 26, 26, 26, 26, 26, 
26, 26, 26, 26, 26, 26, 26, 26, 26, 26, 26, 26, 26, 26, 26, 26, 
26, 180, 180, 180, 180, 180, 180, 180, 180, 180, 180, 180, 180, 
180, 180, 180, 180, 180, 180, 180, 180, 180, 180, 180, 180, 180, 
180, 180, 180, 180, 180, 180, 180, 180, 180, 180, 180, 180, 180, 
180, 180, 0.172222222222222, 0.172222222222222, 0.172222222222222, 
0.172222222222222, 0.172222222222222, 0.172222222222222, 0.172222222222222, 
0.172222222222222, 0.172222222222222, 0.172222222222222, 0.172222222222222, 
0.172222222222222, 0.172222222222222, 0.172222222222222, 0.172222222222222, 
0.172222222222222, 0.172222222222222, 0.172222222222222, 0.172222222222222, 
0.172222222222222, 0.172222222222222, 0.172222222222222, 0.172222222222222, 
0.172222222222222, 0.172222222222222, 0.172222222222222, 0.172222222222222, 
0.172222222222222, 0.172222222222222, 0.172222222222222, 0.172222222222222, 
0.172222222222222, 0.172222222222222, 0.172222222222222, 0.172222222222222, 
0.172222222222222, 0.172222222222222, 0.172222222222222, 0.172222222222222, 
0.172222222222222, 0.161290322580645, 0.161290322580645, 0.161290322580645, 
0.161290322580645, 0.161290322580645, 0.161290322580645, 0.161290322580645, 
0.161290322580645, 0.161290322580645, 0.161290322580645, 0.161290322580645, 
0.161290322580645, 0.161290322580645, 0.161290322580645, 0.161290322580645, 
0.161290322580645, 0.161290322580645, 0.161290322580645, 0.161290322580645, 
0.161290322580645, 0.161290322580645, 0.161290322580645, 0.161290322580645, 
0.161290322580645, 0.161290322580645, 0.161290322580645, 0.161290322580645, 
0.161290322580645, 0.161290322580645, 0.161290322580645, 0.161290322580645, 
0.161290322580645, 0.161290322580645, 0.161290322580645, 0.161290322580645, 
0.161290322580645, 0.161290322580645, 0.161290322580645, 0.161290322580645, 
0.161290322580645, 0.838709677419355, 0.838709677419355, 0.838709677419355, 
0.838709677419355, 0.838709677419355, 0.838709677419355, 0.838709677419355, 
0.838709677419355, 0.838709677419355, 0.838709677419355, 0.838709677419355, 
0.838709677419355, 0.838709677419355, 0.838709677419355, 0.838709677419355, 
0.838709677419355, 0.838709677419355, 0.838709677419355, 0.838709677419355, 
0.838709677419355, 0.838709677419355, 0.838709677419355, 0.838709677419355, 
0.838709677419355, 0.838709677419355, 0.838709677419355, 0.838709677419355, 
0.838709677419355, 0.838709677419355, 0.838709677419355, 0.838709677419355, 
0.838709677419355, 0.838709677419355, 0.838709677419355, 0.838709677419355, 
0.838709677419355, 0.838709677419355, 0.838709677419355, 0.838709677419355, 
0.838709677419355, 2, 2, 2, 2, 2, 2, 2, 2, 2, 2, 2, 2, 2, 2, 
2, 2, 2, 2, 2, 2, 2, 2, 2, 2, 2, 2, 2, 2, 2, 2, 2, 2, 2, 2, 2, 
2, 2, 2, 2, 2, 10, 10, 10, 10, 10, 10, 10, 10, 10, 10, 10, 10, 
10, 10, 10, 10, 10, 10, 10, 10, 10, 10, 10, 10, 10, 10, 10, 10, 
10, 10, 10, 10, 10, 10, 10, 10, 10, 10, 10, 10, 2.7037037037037, 
2.7037037037037, 2.7037037037037, 2.7037037037037, 2.7037037037037, 
2.7037037037037, 2.7037037037037, 2.7037037037037, 2.7037037037037, 
2.7037037037037, 2.7037037037037, 2.7037037037037, 2.7037037037037, 
2.7037037037037, 2.7037037037037, 2.7037037037037, 2.7037037037037, 
2.7037037037037, 2.7037037037037, 2.7037037037037, 2.7037037037037, 
2.7037037037037, 2.7037037037037, 2.7037037037037, 2.7037037037037, 
2.7037037037037, 2.7037037037037, 2.7037037037037, 2.7037037037037, 
2.7037037037037, 2.7037037037037, 2.7037037037037, 2.7037037037037, 
2.7037037037037, 2.7037037037037, 2.7037037037037, 2.7037037037037, 
2.7037037037037, 2.7037037037037, 2.7037037037037, 1.9575262021002, 
1.9575262021002, 1.9575262021002, 1.9575262021002, 1.9575262021002, 
1.9575262021002, 1.9575262021002, 1.9575262021002, 1.9575262021002, 
1.9575262021002, 1.9575262021002, 1.9575262021002, 1.9575262021002, 
1.9575262021002, 1.9575262021002, 1.9575262021002, 1.9575262021002, 
1.9575262021002, 1.9575262021002, 1.9575262021002, 1.9575262021002, 
1.9575262021002, 1.9575262021002, 1.9575262021002, 1.9575262021002, 
1.9575262021002, 1.9575262021002, 1.9575262021002, 1.9575262021002, 
1.9575262021002, 1.9575262021002, 1.9575262021002, 1.9575262021002, 
1.9575262021002, 1.9575262021002, 1.9575262021002, 1.9575262021002, 
1.9575262021002, 1.9575262021002, 1.9575262021002, 73, 73, 73, 
73, 73, 73, 73, 73, 73, 73, 73, 73, 73, 73, 73, 73, 73, 73, 73, 
73, 73, 73, 73, 73, 73, 73, 73, 73, 73, 73, 73, 73, 73, 73, 73, 
73, 73, 73, 73, 73, 0.177777777777778, 0.177777777777778, 0.177777777777778, 
0.177777777777778, 0.177777777777778, 0.177777777777778, 0.177777777777778, 
0.177777777777778, 0.177777777777778, 0.177777777777778, 0.222222222222222, 
0.222222222222222, 0.222222222222222, 0.222222222222222, 0.222222222222222, 
0.222222222222222, 0.222222222222222, 0.222222222222222, 0.222222222222222, 
0.222222222222222, 0.266666666666667, 0.266666666666667, 0.266666666666667, 
0.266666666666667, 0.266666666666667, 0.266666666666667, 0.266666666666667, 
0.266666666666667, 0.266666666666667, 0.266666666666667, 0.311111111111111, 
0.311111111111111, 0.311111111111111, 0.311111111111111, 0.311111111111111, 
0.311111111111111, 0.311111111111111, 0.311111111111111, 0.311111111111111, 
0.311111111111111, 0.822222222222222, 0.822222222222222, 0.822222222222222, 
0.822222222222222, 0.822222222222222, 0.822222222222222, 0.822222222222222, 
0.822222222222222, 0.822222222222222, 0.822222222222222, 0.777777777777778, 
0.777777777777778, 0.777777777777778, 0.777777777777778, 0.777777777777778, 
0.777777777777778, 0.777777777777778, 0.777777777777778, 0.777777777777778, 
0.777777777777778, 0.733333333333333, 0.733333333333333, 0.733333333333333, 
0.733333333333333, 0.733333333333333, 0.733333333333333, 0.733333333333333, 
0.733333333333333, 0.733333333333333, 0.733333333333333, 0.688888888888889, 
0.688888888888889, 0.688888888888889, 0.688888888888889, 0.688888888888889, 
0.688888888888889, 0.688888888888889, 0.688888888888889, 0.688888888888889, 
0.688888888888889, 0.5, 0.5, 0.5, 0.5, 0.5, 0.5, 0.5, 0.5, 0.5, 
0.5, 0.5, 0.5, 0.5, 0.5, 0.5, 0.5, 0.5, 0.5, 0.5, 0.5, 0.5, 0.5, 
0.5, 0.5, 0.5, 0.5, 0.5, 0.5, 0.5, 0.5, 0.5, 0.5, 0.5, 0.5, 0.5, 
0.5, 0.5, 0.5, 0.5, 0.5, 0.455691036764664, 0.455691036764664, 
0.455691036764664, 0.455691036764664, 0.455691036764664, 0.455691036764664, 
0.455691036764664, 0.455691036764664, 0.455691036764664, 0.455691036764664, 
0.392837100659193, 0.392837100659193, 0.392837100659193, 0.392837100659193, 
0.392837100659193, 0.392837100659193, 0.392837100659193, 0.392837100659193, 
0.392837100659193, 0.392837100659193, 0.329983164553722, 0.329983164553722, 
0.329983164553722, 0.329983164553722, 0.329983164553722, 0.329983164553722, 
0.329983164553722, 0.329983164553722, 0.329983164553722, 0.329983164553722, 
0.267129228448251, 0.267129228448251, 0.267129228448251, 0.267129228448251, 
0.267129228448251, 0.267129228448251, 0.267129228448251, 0.267129228448251, 
0.267129228448251, 0.267129228448251, 0.64345944508867, 0.606926842963915, 
0.641768963213804, 0.505019120431378, 0.628270424268988, 0.643920363236178, 
0.551855194385044, 0.609065218213997, 0.606446256716726, 0.666153219140852, 
0.634946922117118, 0.529280684150357, 0.575165656603421, 0.569254469590497, 
0.583356246209679, 0.558557818040758, 0.524079176258958, 0.592896086549082, 
0.592115534821533, 0.626807206642049, 0.677858948086025, 0.577385928471799, 
0.492539243671596, 0.601436895490674, 0.570038570944114, 0.583983073201259, 
