tmp <-
structure(c(3, 3, 3, 3, 3, 3, 3, 3, 3, 3, 3, 3, 3, 3, 3, 3, 3, 
3, 3, 3, 3, 3, 3, 3, 3, 3, 3, 3, 3, 3, 3, 3, 3, 3, 3, 3, 3, 3, 
3, 3, 4, 4, 4, 4, 4, 4, 4, 4, 4, 4, 4, 4, 4, 4, 4, 4, 4, 4, 4, 
4, 4, 4, 4, 4, 4, 4, 4, 4, 4, 4, 4, 4, 4, 4, 4, 4, 4, 4, 4, 4, 
4, 4, 4, 4, 4, 4, 4, 4, 4, 4, 4, 4, 4, 4, 4, 4, 4, 4, 4, 4, 4, 
4, 4, 4, 4, 4, 4, 4, 4, 4, 4, 4, 4, 4, 4, 4, 4, 4, 4, 4, 0, 0, 
0, 0, 0, 0, 0, 0, 0, 0, 0, 0, 0, 0, 0, 0, 0, 0, 0, 0, 0, 0, 0, 
0, 0, 0, 0, 0, 0, 0, 0, 0, 0, 0, 0, 0, 0, 0, 0, 0, 625, 625, 
625, 625, 625, 625, 625, 625, 625, 625, 625, 625, 625, 625, 625, 
625, 625, 625, 625, 625, 625, 625, 625, 625, 625, 625, 625, 625, 
625, 625, 625, 625, 625, 625, 625, 625, 625, 625, 625, 625, 0.0064, 
0.0064, 0.0064, 0.0064, 0.0064, 0.0064, 0.0064, 0.0064, 0.0064, 
0.0064, 0.0064, 0.0064, 0.0064, 0.0064, 0.0064, 0.0064, 0.0064, 
0.0064, 0.0064, 0.0064, 0.0064, 0.0064, 0.0064, 0.0064, 0.0064, 
0.0064, 0.0064, 0.0064, 0.0064, 0.0064, 0.0064, 0.0064, 0.0064, 
0.0064, 0.0064, 0.0064, 0.0064, 0.0064, 0.0064, 0.0064, 1, 1, 
1, 1, 1, 1, 1, 1, 1, 1, 1, 1, 1, 1, 1, 1, 1, 1, 1, 1, 1, 1, 1, 
1, 1, 1, 1, 1, 1, 1, 1, 1, 1, 1, 1, 1, 1, 1, 1, 1, 0, 0, 0, 0, 
0, 0, 0, 0, 0, 0, 0, 0, 0, 0, 0, 0, 0, 0, 0, 0, 0, 0, 0, 0, 0, 
0, 0, 0, 0, 0, 0, 0, 0, 0, 0, 0, 0, 0, 0, 0, 3, 3, 3, 3, 3, 3, 
3, 3, 3, 3, 3, 3, 3, 3, 3, 3, 3, 3, 3, 3, 3, 3, 3, 3, 3, 3, 3, 
3, 3, 3, 3, 3, 3, 3, 3, 3, 3, 3, 3, 3, 3, 3, 3, 3, 3, 3, 3, 3, 
3, 3, 3, 3, 3, 3, 3, 3, 3, 3, 3, 3, 3, 3, 3, 3, 3, 3, 3, 3, 3, 
3, 3, 3, 3, 3, 3, 3, 3, 3, 3, 3, 3, 3, 3, 3, 3, 3, 3, 3, 3, 3, 
3, 3, 3, 3, 3, 3, 3, 3, 3, 3, 3, 3, 3, 3, 3, 3, 3, 3, 3, 3, 3, 
3, 3, 3, 3, 3, 3, 3, 3, 3, 0, 0, 0, 0, 0, 0, 0, 0, 0, 0, 0, 0, 
0, 0, 0, 0, 0, 0, 0, 0, 0, 0, 0, 0, 0, 0, 0, 0, 0, 0, 0, 0, 0, 
0, 0, 0, 0, 0, 0, 0, 3, 3, 3, 3, 3, 3, 3, 3, 3, 3, 3, 3, 3, 3, 
3, 3, 3, 3, 3, 3, 3, 3, 3, 3, 3, 3, 3, 3, 3, 3, 3, 3, 3, 3, 3, 
3, 3, 3, 3, 3, 0.0784, 0.0784, 0.0784, 0.0784, 0.0784, 0.0784, 
0.0784, 0.0784, 0.0784, 0.0784, 0.0784, 0.0784, 0.0784, 0.0784, 
0.0784, 0.0784, 0.0784, 0.0784, 0.0784, 0.0784, 0.0784, 0.0784, 
0.0784, 0.0784, 0.0784, 0.0784, 0.0784, 0.0784, 0.0784, 0.0784, 
0.0784, 0.0784, 0.0784, 0.0784, 0.0784, 0.0784, 0.0784, 0.0784, 
0.0784, 0.0784, 0.4832, 0.4832, 0.4832, 0.4832, 0.4832, 0.4832, 
0.4832, 0.4832, 0.4832, 0.4832, 0.5056, 0.5056, 0.5056, 0.5056, 
0.5056, 0.5056, 0.5056, 0.5056, 0.5056, 0.5056, 0.5296, 0.5296, 
0.5296, 0.5296, 0.5296, 0.5296, 0.5296, 0.5296, 0.5296, 0.5296, 
0.552, 0.552, 0.552, 0.552, 0.552, 0.552, 0.552, 0.552, 0.552, 
0.552, 0.333333333333333, 0.333333333333333, 0.333333333333333, 
0.333333333333333, 0.333333333333333, 0.333333333333333, 0.333333333333333, 
0.333333333333333, 0.333333333333333, 0.333333333333333, 0.333333333333333, 
0.333333333333333, 0.333333333333333, 0.333333333333333, 0.333333333333333, 
0.333333333333333, 0.333333333333333, 0.333333333333333, 0.333333333333333, 
0.333333333333333, 0.333333333333333, 0.333333333333333, 0.333333333333333, 
0.333333333333333, 0.333333333333333, 0.333333333333333, 0.333333333333333, 
0.333333333333333, 0.333333333333333, 0.333333333333333, 0.333333333333333, 
0.333333333333333, 0.333333333333333, 0.333333333333333, 0.333333333333333, 
0.333333333333333, 0.333333333333333, 0.333333333333333, 0.333333333333333, 
0.333333333333333, 0.22191217481998, 0.22191217481998, 0.22191217481998, 
0.22191217481998, 0.22191217481998, 0.22191217481998, 0.22191217481998, 
0.22191217481998, 0.22191217481998, 0.22191217481998, 0.225278257569019, 
0.225278257569019, 0.225278257569019, 0.225278257569019, 0.225278257569019, 
0.225278257569019, 0.225278257569019, 0.225278257569019, 0.225278257569019, 
0.225278257569019, 0.23125028288271, 0.23125028288271, 0.23125028288271, 
0.23125028288271, 0.23125028288271, 0.23125028288271, 0.23125028288271, 
0.23125028288271, 0.23125028288271, 0.23125028288271, 0.238873802107584, 
0.238873802107584, 0.238873802107584, 0.238873802107584, 0.238873802107584, 
0.238873802107584, 0.238873802107584, 0.238873802107584, 0.238873802107584, 
0.238873802107584, 0.369822897373507, 0.356304782362523, 0.359676193528998, 
0.358806800811378, 0.355751570679297, 0.363903410004677, 0.355251214524228, 
0.362777589493852, 0.365873421877209, 0.356375824626558, 0.351323643780559, 
0.352912198544436, 0.340167299162512, 0.343128097898116, 0.337685655269326, 
0.343391314565721, 0.340365115631519, 0.34795358854165, 0.357431134024924, 
0.346944842778842, 0.331460682398904, 0.327537845040541, 0.333580147002316, 
0.332016142440415, 0.330751682285836, 0.339165655818293, 0.336256664934493, 
0.327564328140866, 0.327397089435179, 0.327434784287492, 0.331814223104847, 
0.335511834400573, 0.324566238251119, 0.32502332548384, 0.312385093503009, 
0.312658786679362, 0.319772247093089, 0.314542613903741, 0.313374815685482, 
0.315385847457196, 0.369822897373508, 0.356304782362524, 0.359676193528998, 
0.358806800811379, 0.355751570679297, 0.363903410004677, 0.355251214524229, 
0.362777589493852, 0.365873421877209, 0.356375824626558, 0.351323643780559, 
0.352912198544436, 0.340167299162512, 0.343128097898116, 0.337685655269327, 
0.343391314565722, 0.340365115631519, 0.34795358854165, 0.357431134024925, 
0.346944842778842, 0.331460682398905, 0.327537845040542, 0.333580147002317, 
0.332016142440416, 0.330751682285836, 0.339165655818293, 0.336256664934493, 
0.327564328140866, 0.327397089435179, 0.327434784287493, 0.331814223104847, 
0.335511834400573, 0.324566238251119, 0.32502332548384, 0.312385093503009, 
0.312658786679362, 0.319772247093089, 0.314542613903741, 0.313374815685482, 
0.315385847457197, 1.9978566125037, 1.97403535051192, 1.97973709238237, 
1.97762478830191, 1.97413006634053, 1.98857857117947, 1.97156287054897, 
1.98517259452262, 1.98980681783625, 1.97419812351947, 1.96589205499556, 
1.97246055589472, 1.95226503835344, 1.95304091677462, 1.94431343951656, 
1.95486279208704, 1.94848639797221, 1.96274295751858, 1.97865657241986, 
1.96040334744846, 1.94075850104655, 1.93446423592956, 1.93947154084852, 
1.93663457242285, 1.93771499481095, 1.95056757583993, 1.94431869556494, 
1.93293935718041, 1.92937824319416, 1.93236089825889, 1.94880528711742, 
1.95263308200847, 1.93290617105483, 1.93257486101626, 1.91191127690065, 
1.91427754756786, 1.92619024241956, 1.91790127285916, 1.92203510150424, 
1.91868366503956, 1.9978566125037, 1.97403535051192, 1.97973709238237, 
1.97762478830191, 1.97413006634053, 1.98857857117947, 1.97156287054897, 
1.98517259452262, 1.98980681783625, 1.97419812351947, 1.96589205499556, 
1.97246055589472, 1.95226503835344, 1.95304091677462, 1.94431343951656, 
1.95486279208704, 1.94848639797221, 1.96274295751858, 1.97865657241986, 
1.96040334744846, 1.94075850104655, 1.93446423592956, 1.93947154084852, 
1.93663457242285, 1.93771499481095, 1.95056757583993, 1.94431869556494, 
1.93293935718041, 1.92937824319416, 1.93236089825889, 1.94880528711742, 
1.95263308200847, 1.93290617105483, 1.93257486101626, 1.91191127690065, 
1.91427754756786, 1.92619024241956, 1.91790127285916, 1.92203510150424, 
1.91868366503956, 0.225742755047473, 0.22178794870842, 0.220335174819921, 
0.222512990807889, 0.216396772807954, 0.220088121358878, 0.21759832035489, 
0.224348788907317, 0.22591275661188, 0.218550754825474, 0.210927366592944, 
0.210441908626926, 0.20342970998234, 0.211394372512728, 0.211060692103856, 
0.2107162682661, 0.209598765560264, 0.20751066846476, 0.212168517336697, 
0.206209076966338, 0.200484545720128, 0.198511984123445, 0.199760131920581, 
0.20156140118843, 0.200605833691095, 0.204646616429749, 0.20020643032284, 
0.196261269052026, 0.199028698700731, 0.199432197123284, 0.192909303712882, 
0.199498666277477, 0.193391401495197, 0.197894768045387, 0.191860126649024, 
0.19288264005884, 0.190880221337313, 0.192899158400092, 0.186342336302377, 
0.191025481197406, 0.795412955921194, 0.787495118279101, 0.782339075550921, 
0.787212935307574, 0.772149654626485, 0.779927377780389, 0.774167078103508, 
