tmp <-
structure(c(2, 2, 2, 2, 2, 2, 2, 2, 2, 2, 2, 2, 2, 2, 2, 2, 2, 
2, 2, 2, 2, 2, 2, 2, 2, 2, 2, 2, 2, 2, 2, 2, 2, 2, 2, 2, 2, 2, 
2, 2, 2, 2, 2, 2, 2, 2, 2, 2, 2, 2, 2, 2, 2, 2, 2, 2, 2, 2, 2, 
2, 2, 2, 2, 2, 2, 2, 2, 2, 2, 2, 2, 2, 2, 2, 2, 2, 2, 2, 2, 2, 
2, 2, 2, 2, 2, 2, 2, 2, 2, 2, 2, 2, 2, 2, 2, 2, 2, 2, 2, 2, 2, 
2, 2, 2, 2, 2, 2, 2, 2, 2, 2, 2, 2, 2, 2, 2, 2, 2, 2, 2, 0, 0, 
0, 0, 0, 0, 0, 0, 0, 0, 0, 0, 0, 0, 0, 0, 0, 0, 0, 0, 0, 0, 0, 
0, 0, 0, 0, 0, 0, 0, 0, 0, 0, 0, 0, 0, 0, 0, 0, 0, 5300, 5300, 
5300, 5300, 5300, 5300, 5300, 5300, 5300, 5300, 5300, 5300, 5300, 
5300, 5300, 5300, 5300, 5300, 5300, 5300, 5300, 5300, 5300, 5300, 
5300, 5300, 5300, 5300, 5300, 5300, 5300, 5300, 5300, 5300, 5300, 
5300, 5300, 5300, 5300, 5300, 0.000377358490566038, 0.000377358490566038, 
0.000377358490566038, 0.000377358490566038, 0.000377358490566038, 
0.000377358490566038, 0.000377358490566038, 0.000377358490566038, 
0.000377358490566038, 0.000377358490566038, 0.000377358490566038, 
0.000377358490566038, 0.000377358490566038, 0.000377358490566038, 
0.000377358490566038, 0.000377358490566038, 0.000377358490566038, 
0.000377358490566038, 0.000377358490566038, 0.000377358490566038, 
0.000377358490566038, 0.000377358490566038, 0.000377358490566038, 
0.000377358490566038, 0.000377358490566038, 0.000377358490566038, 
0.000377358490566038, 0.000377358490566038, 0.000377358490566038, 
0.000377358490566038, 0.000377358490566038, 0.000377358490566038, 
0.000377358490566038, 0.000377358490566038, 0.000377358490566038, 
0.000377358490566038, 0.000377358490566038, 0.000377358490566038, 
0.000377358490566038, 0.000377358490566038, 1, 1, 1, 1, 1, 1, 
1, 1, 1, 1, 1, 1, 1, 1, 1, 1, 1, 1, 1, 1, 1, 1, 1, 1, 1, 1, 1, 
1, 1, 1, 1, 1, 1, 1, 1, 1, 1, 1, 1, 1, 0, 0, 0, 0, 0, 0, 0, 0, 
0, 0, 0, 0, 0, 0, 0, 0, 0, 0, 0, 0, 0, 0, 0, 0, 0, 0, 0, 0, 0, 
0, 0, 0, 0, 0, 0, 0, 0, 0, 0, 0, 2, 2, 2, 2, 2, 2, 2, 2, 2, 2, 
2, 2, 2, 2, 2, 2, 2, 2, 2, 2, 2, 2, 2, 2, 2, 2, 2, 2, 2, 2, 2, 
2, 2, 2, 2, 2, 2, 2, 2, 2, 2, 2, 2, 2, 2, 2, 2, 2, 2, 2, 2, 2, 
2, 2, 2, 2, 2, 2, 2, 2, 2, 2, 2, 2, 2, 2, 2, 2, 2, 2, 2, 2, 2, 
2, 2, 2, 2, 2, 2, 2, 2, 2, 2, 2, 2, 2, 2, 2, 2, 2, 2, 2, 2, 2, 
2, 2, 2, 2, 2, 2, 2, 2, 2, 2, 2, 2, 2, 2, 2, 2, 2, 2, 2, 2, 2, 
2, 2, 2, 2, 2, 0, 0, 0, 0, 0, 0, 0, 0, 0, 0, 0, 0, 0, 0, 0, 0, 
0, 0, 0, 0, 0, 0, 0, 0, 0, 0, 0, 0, 0, 0, 0, 0, 0, 0, 0, 0, 0, 
0, 0, 0, 2, 2, 2, 2, 2, 2, 2, 2, 2, 2, 2, 2, 2, 2, 2, 2, 2, 2, 
2, 2, 2, 2, 2, 2, 2, 2, 2, 2, 2, 2, 2, 2, 2, 2, 2, 2, 2, 2, 2, 
2, 0.475849056603774, 0.475849056603774, 0.475849056603774, 0.475849056603774, 
0.475849056603774, 0.475849056603774, 0.475849056603774, 0.475849056603774, 
0.475849056603774, 0.475849056603774, 0.496603773584906, 0.496603773584906, 
0.496603773584906, 0.496603773584906, 0.496603773584906, 0.496603773584906, 
0.496603773584906, 0.496603773584906, 0.496603773584906, 0.496603773584906, 
0.469056603773585, 0.469056603773585, 0.469056603773585, 0.469056603773585, 
0.469056603773585, 0.469056603773585, 0.469056603773585, 0.469056603773585, 
0.469056603773585, 0.469056603773585, 0.441509433962264, 0.441509433962264, 
0.441509433962264, 0.441509433962264, 0.441509433962264, 0.441509433962264, 
0.441509433962264, 0.441509433962264, 0.441509433962264, 0.441509433962264, 
0.524150943396226, 0.524150943396226, 0.524150943396226, 0.524150943396226, 
0.524150943396226, 0.524150943396226, 0.524150943396226, 0.524150943396226, 
0.524150943396226, 0.524150943396226, 0.503396226415094, 0.503396226415094, 
0.503396226415094, 0.503396226415094, 0.503396226415094, 0.503396226415094, 
0.503396226415094, 0.503396226415094, 0.503396226415094, 0.503396226415094, 
0.530943396226415, 0.530943396226415, 0.530943396226415, 0.530943396226415, 
0.530943396226415, 0.530943396226415, 0.530943396226415, 0.530943396226415, 
0.530943396226415, 0.530943396226415, 0.558490566037736, 0.558490566037736, 
0.558490566037736, 0.558490566037736, 0.558490566037736, 0.558490566037736, 
0.558490566037736, 0.558490566037736, 0.558490566037736, 0.558490566037736, 
0.5, 0.5, 0.5, 0.5, 0.5, 0.5, 0.5, 0.5, 0.5, 0.5, 0.5, 0.5, 0.5, 
0.5, 0.5, 0.5, 0.5, 0.5, 0.5, 0.5, 0.5, 0.5, 0.5, 0.5, 0.5, 0.5, 
0.5, 0.5, 0.5, 0.5, 0.5, 0.5, 0.5, 0.5, 0.5, 0.5, 0.5, 0.5, 0.5, 
0.5, 0.0341545916950483, 0.0341545916950483, 0.0341545916950483, 
0.0341545916950483, 0.0341545916950483, 0.0341545916950483, 0.0341545916950483, 
0.0341545916950483, 0.0341545916950483, 0.0341545916950483, 0.00480298945711615, 
0.00480298945711615, 0.00480298945711615, 0.00480298945711615, 
0.00480298945711615, 0.00480298945711615, 0.00480298945711615, 
0.00480298945711615, 0.00480298945711615, 0.00480298945711615, 
0.0437605706092807, 0.0437605706092807, 0.0437605706092807, 0.0437605706092807, 
0.0437605706092807, 0.0437605706092807, 0.0437605706092807, 0.0437605706092807, 
0.0437605706092807, 0.0437605706092807, 0.0827181517614452, 0.0827181517614452, 
0.0827181517614452, 0.0827181517614452, 0.0827181517614452, 0.0827181517614452, 
0.0827181517614452, 0.0827181517614452, 0.0827181517614452, 0.0827181517614452, 
0.129568199599558, 0.131197534335475, 0.144822264027391, 0.131572840915991, 
0.126399264571543, 0.124862156414918, 0.133567933556469, 0.143224699858204, 
0.128688944262422, 0.128675794988945, 0.129024104007205, 0.122480464355472, 
0.115272907450342, 0.132887713183397, 0.129731447588077, 0.128101774199991, 
0.112002815485615, 0.123285349860628, 0.115233849163143, 0.128040434944974, 
0.123861241353738, 0.10232905608128, 0.12324029270449, 0.133521250278521, 
0.113138613151112, 0.122459864756888, 0.113947213253424, 0.115748955837947, 
0.124274366900936, 0.116997121189491, 0.11180451707228, 0.101059528238535, 
0.130190781773649, 0.11301631582717, 0.110102157090312, 0.123539710007794, 
0.109022632373674, 0.112477092629625, 0.1004394222601, 0.12083921177927, 
0.129568199599558, 0.131197534335475, 0.144822264027392, 0.131572840915991, 
0.126399264571543, 0.124862156414917, 0.133567933556469, 0.143224699858204, 
0.128688944262422, 0.128675794988944, 0.129024104007205, 0.122480464355472, 
0.115272907450342, 0.132887713183398, 0.129731447588077, 0.128101774199991, 
0.112002815485615, 0.123285349860628, 0.115233849163143, 0.128040434944975, 
0.123861241353739, 0.10232905608128, 0.12324029270449, 0.133521250278521, 
0.113138613151112, 0.122459864756889, 0.113947213253424, 0.115748955837948, 
0.124274366900936, 0.116997121189491, 0.11180451707228, 0.101059528238534, 
0.130190781773649, 0.11301631582717, 0.110102157090312, 0.123539710007794, 
0.109022632373674, 0.112477092629625, 0.1004394222601, 0.12083921177927, 
2.22117125101533, 2.21865849234501, 2.22406225399685, 2.22374127317881, 
2.21987229102547, 2.21501782872621, 2.22460009509282, 2.22599989292586, 
2.22026815571182, 2.21915598565954, 2.20498194216737, 2.19603581964702, 
2.19226126953178, 2.20459868330898, 2.20303236765016, 2.20599951352435, 
2.19192496596849, 2.20481240923751, 2.197800686032, 2.20436755079524, 
2.18697932232966, 2.18425430374041, 2.17898017721072, 2.18878533466848, 
2.17873120608123, 2.19216619785809, 2.18632066312355, 2.17820494017043, 
2.18493832843926, 2.18307039951723, 2.1630789734417, 2.16442842224442, 
2.1760899553236, 2.1728727468573, 2.1798861049298, 2.17989786971188, 
2.16531656217306, 2.17370325710939, 2.16508443084347, 2.17497840690368, 
2.22117125101533, 2.21865849234501, 2.22406225399685, 2.22374127317881, 
2.21987229102547, 2.21501782872621, 2.22460009509282, 2.22599989292586, 
2.22026815571182, 2.21915598565954, 2.20498194216737, 2.19603581964702, 
2.19226126953178, 2.20459868330898, 2.20303236765016, 2.20599951352435, 
2.19192496596849, 2.20481240923751, 2.197800686032, 2.20436755079524, 
2.18697932232966, 2.18425430374041, 2.17898017721072, 2.18878533466848, 
2.17873120608123, 2.19216619785809, 2.18632066312355, 2.17820494017043, 
2.18493832843926, 2.18307039951722, 2.1630789734417, 2.16442842224442, 
2.1760899553236, 2.1728727468573, 2.1798861049298, 2.17989786971188, 
