tmp <-
structure(c(2, 2, 2, 2, 2, 2, 2, 2, 2, 2, 2, 2, 2, 2, 2, 2, 2, 
2, 2, 2, 2, 2, 2, 2, 2, 2, 2, 2, 2, 2, 2, 2, 2, 2, 2, 2, 2, 2, 
2, 2, 4, 4, 4, 4, 4, 4, 4, 4, 4, 4, 4, 4, 4, 4, 4, 4, 4, 4, 4, 
4, 4, 4, 4, 4, 4, 4, 4, 4, 4, 4, 4, 4, 4, 4, 4, 4, 4, 4, 4, 4, 
4, 4, 4, 4, 4, 4, 4, 4, 4, 4, 4, 4, 4, 4, 4, 4, 4, 4, 4, 4, 4, 
4, 4, 4, 4, 4, 4, 4, 4, 4, 4, 4, 4, 4, 4, 4, 4, 4, 4, 4, 0, 0, 
0, 0, 0, 0, 0, 0, 0, 0, 0, 0, 0, 0, 0, 0, 0, 0, 0, 0, 0, 0, 0, 
0, 0, 0, 0, 0, 0, 0, 0, 0, 0, 0, 0, 0, 0, 0, 0, 0, 748, 748, 
748, 748, 748, 748, 748, 748, 748, 748, 748, 748, 748, 748, 748, 
748, 748, 748, 748, 748, 748, 748, 748, 748, 748, 748, 748, 748, 
748, 748, 748, 748, 748, 748, 748, 748, 748, 748, 748, 748, 0.0053475935828877, 
0.0053475935828877, 0.0053475935828877, 0.0053475935828877, 0.0053475935828877, 
0.0053475935828877, 0.0053475935828877, 0.0053475935828877, 0.0053475935828877, 
0.0053475935828877, 0.0053475935828877, 0.0053475935828877, 0.0053475935828877, 
0.0053475935828877, 0.0053475935828877, 0.0053475935828877, 0.0053475935828877, 
0.0053475935828877, 0.0053475935828877, 0.0053475935828877, 0.0053475935828877, 
0.0053475935828877, 0.0053475935828877, 0.0053475935828877, 0.0053475935828877, 
0.0053475935828877, 0.0053475935828877, 0.0053475935828877, 0.0053475935828877, 
0.0053475935828877, 0.0053475935828877, 0.0053475935828877, 0.0053475935828877, 
0.0053475935828877, 0.0053475935828877, 0.0053475935828877, 0.0053475935828877, 
0.0053475935828877, 0.0053475935828877, 0.0053475935828877, 1, 
1, 1, 1, 1, 1, 1, 1, 1, 1, 1, 1, 1, 1, 1, 1, 1, 1, 1, 1, 1, 1, 
1, 1, 1, 1, 1, 1, 1, 1, 1, 1, 1, 1, 1, 1, 1, 1, 1, 1, 0, 0, 0, 
0, 0, 0, 0, 0, 0, 0, 0, 0, 0, 0, 0, 0, 0, 0, 0, 0, 0, 0, 0, 0, 
0, 0, 0, 0, 0, 0, 0, 0, 0, 0, 0, 0, 0, 0, 0, 0, 2, 2, 2, 2, 2, 
2, 2, 2, 2, 2, 2, 2, 2, 2, 2, 2, 2, 2, 2, 2, 2, 2, 2, 2, 2, 2, 
2, 2, 2, 2, 2, 2, 2, 2, 2, 2, 2, 2, 2, 2, 2, 2, 2, 2, 2, 2, 2, 
2, 2, 2, 2, 2, 2, 2, 2, 2, 2, 2, 2, 2, 2, 2, 2, 2, 2, 2, 2, 2, 
2, 2, 2, 2, 2, 2, 2, 2, 2, 2, 2, 2, 2, 2, 2, 2, 2, 2, 2, 2, 2, 
2, 2, 2, 2, 2, 2, 2, 2, 2, 2, 2, 2, 2, 2, 2, 2, 2, 2, 2, 2, 2, 
2, 2, 2, 2, 2, 2, 2, 2, 2, 2, 0, 0, 0, 0, 0, 0, 0, 0, 0, 0, 0, 
0, 0, 0, 0, 0, 0, 0, 0, 0, 0, 0, 0, 0, 0, 0, 0, 0, 0, 0, 0, 0, 
0, 0, 0, 0, 0, 0, 0, 0, 2, 2, 2, 2, 2, 2, 2, 2, 2, 2, 2, 2, 2, 
2, 2, 2, 2, 2, 2, 2, 2, 2, 2, 2, 2, 2, 2, 2, 2, 2, 2, 2, 2, 2, 
2, 2, 2, 2, 2, 2, 0.275401069518717, 0.275401069518717, 0.275401069518717, 
0.275401069518717, 0.275401069518717, 0.275401069518717, 0.275401069518717, 
0.275401069518717, 0.275401069518717, 0.275401069518717, 0.314171122994652, 
0.314171122994652, 0.314171122994652, 0.314171122994652, 0.314171122994652, 
0.314171122994652, 0.314171122994652, 0.314171122994652, 0.314171122994652, 
0.314171122994652, 0.351604278074866, 0.351604278074866, 0.351604278074866, 
0.351604278074866, 0.351604278074866, 0.351604278074866, 0.351604278074866, 
0.351604278074866, 0.351604278074866, 0.351604278074866, 0.390374331550802, 
0.390374331550802, 0.390374331550802, 0.390374331550802, 0.390374331550802, 
0.390374331550802, 0.390374331550802, 0.390374331550802, 0.390374331550802, 
0.390374331550802, 0.724598930481283, 0.724598930481283, 0.724598930481283, 
0.724598930481283, 0.724598930481283, 0.724598930481283, 0.724598930481283, 
0.724598930481283, 0.724598930481283, 0.724598930481283, 0.685828877005348, 
0.685828877005348, 0.685828877005348, 0.685828877005348, 0.685828877005348, 
0.685828877005348, 0.685828877005348, 0.685828877005348, 0.685828877005348, 
0.685828877005348, 0.648395721925134, 0.648395721925134, 0.648395721925134, 
0.648395721925134, 0.648395721925134, 0.648395721925134, 0.648395721925134, 
0.648395721925134, 0.648395721925134, 0.648395721925134, 0.609625668449198, 
0.609625668449198, 0.609625668449198, 0.609625668449198, 0.609625668449198, 
0.609625668449198, 0.609625668449198, 0.609625668449198, 0.609625668449198, 
0.609625668449198, 0.5, 0.5, 0.5, 0.5, 0.5, 0.5, 0.5, 0.5, 0.5, 
0.5, 0.5, 0.5, 0.5, 0.5, 0.5, 0.5, 0.5, 0.5, 0.5, 0.5, 0.5, 0.5, 
0.5, 0.5, 0.5, 0.5, 0.5, 0.5, 0.5, 0.5, 0.5, 0.5, 0.5, 0.5, 0.5, 
0.5, 0.5, 0.5, 0.5, 0.5, 0.317630853581123, 0.317630853581123, 
0.317630853581123, 0.317630853581123, 0.317630853581123, 0.317630853581123, 
0.317630853581123, 0.317630853581123, 0.317630853581123, 0.317630853581123, 
0.262801718141524, 0.262801718141524, 0.262801718141524, 0.262801718141524, 
0.262801718141524, 0.262801718141524, 0.262801718141524, 0.262801718141524, 
0.262801718141524, 0.262801718141524, 0.209863242544671, 0.209863242544671, 
0.209863242544671, 0.209863242544671, 0.209863242544671, 0.209863242544671, 
0.209863242544671, 0.209863242544671, 0.209863242544671, 0.209863242544671, 
0.155034107105072, 0.155034107105072, 0.155034107105072, 0.155034107105072, 
0.155034107105072, 0.155034107105072, 0.155034107105072, 0.155034107105072, 
0.155034107105072, 0.155034107105072, 1.93163798969744, 2.04248662927372, 
2.02980513114803, 1.96597255812112, 1.94517761663821, 2.05975049323503, 
2.02601794092655, 2.04692013560083, 2.04980595055656, 2.0426723311214, 
2.0465498003514, 2.02713698065699, 2.03837042117668, 2.01326002659226, 
2.08835390521218, 2.03926499473461, 2.09951444023983, 2.30691109552915, 
2.03022494398424, 2.05683233640556, 2.1383460145441, 2.28902379791021, 
1.95976976251125, 2.09086350808501, 2.13216557540282, 2.24692343405424, 
2.06155306393913, 2.05051105400961, 1.92321859925574, 2.04197811051879, 
2.20857762181357, 2.07972900948879, 1.94520821383026, 2.04089986415036, 
2.0196272946999, 1.86921846376324, 1.91127917383195, 2.07681413103353, 
2.05567992687295, 2.01791056256458, 1.93163798969744, 2.04248662927372, 
2.02980513114803, 1.96597255812112, 1.94517761663821, 2.05975049323503, 
2.02601794092655, 2.04692013560083, 2.04980595055656, 2.0426723311214, 
2.0465498003514, 2.02713698065699, 2.03837042117668, 2.01326002659226, 
2.08835390521218, 2.03926499473461, 2.09951444023983, 2.30691109552915, 
2.03022494398424, 2.05683233640556, 2.1383460145441, 2.28902379791021, 
1.95976976251125, 2.09086350808501, 2.13216557540282, 2.24692343405424, 
2.06155306393913, 2.05051105400961, 1.92321859925574, 2.04197811051879, 
2.20857762181357, 2.07972900948879, 1.94520821383026, 2.04089986415036, 
2.0196272946999, 1.86921846376324, 1.91127917383195, 2.07681413103353, 
2.05567992687295, 2.01791056256458, 9.08803977380201, 10.3945150781669, 
10.4158859733064, 9.70717644527773, 9.67018017237945, 10.6005550296094, 
10.4429399696946, 10.4716103839572, 10.45021125263, 10.4279140177572, 
10.5576743303446, 10.5019920452475, 10.5749311435733, 10.5265844702876, 
10.9982021605966, 10.5375687820459, 11.0167228276225, 14.0194667795611, 
10.5574525343469, 10.6863034121826, 11.9707061117009, 13.9111962223036, 
9.65534609482598, 11.2173678549877, 11.7586520777745, 13.0607520169929, 
10.8820628338878, 11.0205368541057, 9.27226169311899, 10.578970331212, 
12.4652260198559, 11.0756655660506, 9.59886480309618, 10.936362988137, 
10.8129912419473, 9.21039966009994, 9.44414329051392, 11.2086600936897, 
10.9261638884382, 10.6434684973109, 9.08803977380201, 10.3945150781669, 
10.4158859733064, 9.70717644527773, 9.67018017237945, 10.6005550296094, 
10.4429399696946, 10.4716103839572, 10.45021125263, 10.4279140177572, 
10.5576743303446, 10.5019920452475, 10.5749311435733, 10.5265844702876, 
10.9982021605966, 10.5375687820459, 11.0167228276225, 14.0194667795611, 
10.5574525343469, 10.6863034121826, 11.9707061117009, 13.9111962223036, 
9.65534609482598, 11.2173678549877, 11.7586520777745, 13.0607520169929, 
10.8820628338878, 11.0205368541057, 9.27226169311899, 10.578970331212, 
12.4652260198559, 11.0756655660506, 9.59886480309618, 10.936362988137, 
10.8129912419473, 9.21039966009994, 9.44414329051391, 11.2086600936897, 
10.9261638884382, 10.6434684973109, 0.473937515873281, 0.469079098744686, 
0.473366257344443, 0.472320550002263, 0.467545781344827, 0.473382681917555, 
0.47036935895383, 0.470996396040489, 0.466033983217915, 0.472724128756149, 
