tmp <-
structure(c(6, 6, 6, 6, 6, 6, 6, 6, 6, 6, 6, 6, 6, 6, 6, 6, 6, 
6, 6, 6, 6, 6, 6, 6, 6, 6, 6, 6, 6, 6, 6, 6, 6, 6, 6, 6, 6, 6, 
6, 6, 9, 9, 9, 9, 9, 9, 9, 9, 9, 9, 9, 9, 9, 9, 9, 9, 9, 9, 9, 
9, 9, 9, 9, 9, 9, 9, 9, 9, 9, 9, 9, 9, 9, 9, 9, 9, 9, 9, 9, 9, 
9, 9, 9, 9, 9, 9, 9, 9, 9, 9, 9, 9, 9, 9, 9, 9, 9, 9, 9, 9, 9, 
9, 9, 9, 9, 9, 9, 9, 9, 9, 9, 9, 9, 9, 9, 9, 9, 9, 9, 9, 0, 0, 
0, 0, 0, 0, 0, 0, 0, 0, 0, 0, 0, 0, 0, 0, 0, 0, 0, 0, 0, 0, 0, 
0, 0, 0, 0, 0, 0, 0, 0, 0, 0, 0, 0, 0, 0, 0, 0, 0, 106, 106, 
106, 106, 106, 106, 106, 106, 106, 106, 106, 106, 106, 106, 106, 
106, 106, 106, 106, 106, 106, 106, 106, 106, 106, 106, 106, 106, 
106, 106, 106, 106, 106, 106, 106, 106, 106, 106, 106, 106, 0.0849056603773585, 
0.0849056603773585, 0.0849056603773585, 0.0849056603773585, 0.0849056603773585, 
0.0849056603773585, 0.0849056603773585, 0.0849056603773585, 0.0849056603773585, 
0.0849056603773585, 0.0849056603773585, 0.0849056603773585, 0.0849056603773585, 
0.0849056603773585, 0.0849056603773585, 0.0849056603773585, 0.0849056603773585, 
0.0849056603773585, 0.0849056603773585, 0.0849056603773585, 0.0849056603773585, 
0.0849056603773585, 0.0849056603773585, 0.0849056603773585, 0.0849056603773585, 
0.0849056603773585, 0.0849056603773585, 0.0849056603773585, 0.0849056603773585, 
0.0849056603773585, 0.0849056603773585, 0.0849056603773585, 0.0849056603773585, 
0.0849056603773585, 0.0849056603773585, 0.0849056603773585, 0.0849056603773585, 
0.0849056603773585, 0.0849056603773585, 0.0849056603773585, 1, 
1, 1, 1, 1, 1, 1, 1, 1, 1, 1, 1, 1, 1, 1, 1, 1, 1, 1, 1, 1, 1, 
1, 1, 1, 1, 1, 1, 1, 1, 1, 1, 1, 1, 1, 1, 1, 1, 1, 1, 0, 0, 0, 
0, 0, 0, 0, 0, 0, 0, 0, 0, 0, 0, 0, 0, 0, 0, 0, 0, 0, 0, 0, 0, 
0, 0, 0, 0, 0, 0, 0, 0, 0, 0, 0, 0, 0, 0, 0, 0, 6, 6, 6, 6, 6, 
6, 6, 6, 6, 6, 6, 6, 6, 6, 6, 6, 6, 6, 6, 6, 6, 6, 6, 6, 6, 6, 
6, 6, 6, 6, 6, 6, 6, 6, 6, 6, 6, 6, 6, 6, 6, 6, 6, 6, 6, 6, 6, 
6, 6, 6, 6, 6, 6, 6, 6, 6, 6, 6, 6, 6, 6, 6, 6, 6, 6, 6, 6, 6, 
6, 6, 6, 6, 6, 6, 6, 6, 6, 6, 6, 6, 6, 6, 6, 6, 6, 6, 6, 6, 6, 
6, 6, 6, 6, 6, 6, 6, 6, 6, 6, 6, 6, 6, 6, 6, 6, 6, 6, 6, 6, 6, 
6, 6, 6, 6, 6, 6, 6, 6, 6, 6, 0, 0, 0, 0, 0, 0, 0, 0, 0, 0, 0, 
0, 0, 0, 0, 0, 0, 0, 0, 0, 0, 0, 0, 0, 0, 0, 0, 0, 0, 0, 0, 0, 
0, 0, 0, 0, 0, 0, 0, 0, 6, 6, 6, 6, 6, 6, 6, 6, 6, 6, 6, 6, 6, 
6, 6, 6, 6, 6, 6, 6, 6, 6, 6, 6, 6, 6, 6, 6, 6, 6, 6, 6, 6, 6, 
6, 6, 6, 6, 6, 6, 0.132075471698113, 0.132075471698113, 0.132075471698113, 
0.132075471698113, 0.132075471698113, 0.132075471698113, 0.132075471698113, 
0.132075471698113, 0.132075471698113, 0.132075471698113, 0.132075471698113, 
0.132075471698113, 0.132075471698113, 0.132075471698113, 0.132075471698113, 
0.132075471698113, 0.132075471698113, 0.132075471698113, 0.132075471698113, 
0.132075471698113, 0.132075471698113, 0.132075471698113, 0.132075471698113, 
0.132075471698113, 0.132075471698113, 0.132075471698113, 0.132075471698113, 
0.132075471698113, 0.132075471698113, 0.132075471698113, 0.132075471698113, 
0.132075471698113, 0.132075471698113, 0.132075471698113, 0.132075471698113, 
0.132075471698113, 0.132075471698113, 0.132075471698113, 0.132075471698113, 
0.132075471698113, 0.207547169811321, 0.207547169811321, 0.207547169811321, 
0.207547169811321, 0.207547169811321, 0.207547169811321, 0.207547169811321, 
0.207547169811321, 0.207547169811321, 0.207547169811321, 0.216981132075472, 
0.216981132075472, 0.216981132075472, 0.216981132075472, 0.216981132075472, 
0.216981132075472, 0.216981132075472, 0.216981132075472, 0.216981132075472, 
0.216981132075472, 0.226415094339623, 0.226415094339623, 0.226415094339623, 
0.226415094339623, 0.226415094339623, 0.226415094339623, 0.226415094339623, 
0.226415094339623, 0.226415094339623, 0.226415094339623, 0.235849056603774, 
0.235849056603774, 0.235849056603774, 0.235849056603774, 0.235849056603774, 
0.235849056603774, 0.235849056603774, 0.235849056603774, 0.235849056603774, 
0.235849056603774, 0.166666666666667, 0.166666666666667, 0.166666666666667, 
0.166666666666667, 0.166666666666667, 0.166666666666667, 0.166666666666667, 
0.166666666666667, 0.166666666666667, 0.166666666666667, 0.166666666666667, 
0.166666666666667, 0.166666666666667, 0.166666666666667, 0.166666666666667, 
0.166666666666667, 0.166666666666667, 0.166666666666667, 0.166666666666667, 
0.166666666666667, 0.166666666666667, 0.166666666666667, 0.166666666666667, 
0.166666666666667, 0.166666666666667, 0.166666666666667, 0.166666666666667, 
0.166666666666667, 0.166666666666667, 0.166666666666667, 0.166666666666667, 
0.166666666666667, 0.166666666666667, 0.166666666666667, 0.166666666666667, 
0.166666666666667, 0.166666666666667, 0.166666666666667, 0.166666666666667, 
0.166666666666667, 0.0308111917331217, 0.0308111917331217, 0.0308111917331217, 
0.0308111917331217, 0.0308111917331217, 0.0308111917331217, 0.0308111917331217, 
0.0308111917331217, 0.0308111917331217, 0.0308111917331217, 0.0319457235200007, 
0.0319457235200007, 0.0319457235200007, 0.0319457235200007, 0.0319457235200007, 
0.0319457235200007, 0.0319457235200007, 0.0319457235200007, 0.0319457235200007, 
0.0319457235200007, 0.0341017401552854, 0.0341017401552854, 0.0341017401552854, 
0.0341017401552854, 0.0341017401552854, 0.0341017401552854, 0.0341017401552854, 
0.0341017401552854, 0.0341017401552854, 0.0341017401552854, 0.0371015879339689, 
0.0371015879339689, 0.0371015879339689, 0.0371015879339689, 0.0371015879339689, 
0.0371015879339689, 0.0371015879339689, 0.0371015879339689, 0.0371015879339689, 
0.0371015879339689, 0.939598470188692, 0.961297050133321, 0.903819393416607, 
0.976747235491497, 1.05803306784887, 1.14100330920331, 0.976747235491497, 
1.12488503523604, 1.09075747501353, 1.16096554914051, 0.86985817199933, 
1.04446185206719, 1.0953055547627, 1.06248897033926, 1.00473523417378, 
1.06264213189487, 0.997863994693934, 0.984674028184716, 0.915732153152054, 
1.0516018090337, 1.06520616585062, 1.01245063270873, 0.922233580326216, 
0.931599538564723, 1.04248591320033, 1.05907601896401, 1.03344943029383, 
0.938491037121473, 1.02807595854717, 0.873533401363867, 0.982594267630313, 
0.957047023528564, 1.08124741511356, 1.06643490053609, 0.844060647179658, 
1.00257665248372, 0.853980603944468, 0.948592754857796, 1.00844105607902, 
0.99944310749421, 0.939598470188692, 0.961297050133321, 0.903819393416607, 
0.976747235491497, 1.05803306784887, 1.14100330920331, 0.976747235491497, 
1.12488503523604, 1.09075747501353, 1.16096554914051, 0.86985817199933, 
1.04446185206719, 1.0953055547627, 1.06248897033926, 1.00473523417378, 
1.06264213189487, 0.997863994693934, 0.984674028184716, 0.915732153152054, 
1.05160180903371, 1.06520616585062, 1.01245063270873, 0.922233580326216, 
0.931599538564724, 1.04248591320033, 1.05907601896401, 1.03344943029383, 
0.938491037121473, 1.02807595854717, 0.873533401363867, 0.982594267630314, 
0.957047023528564, 1.08124741511356, 1.06643490053609, 0.844060647179659, 
1.00257665248372, 0.853980603944468, 0.948592754857796, 1.00844105607902, 
0.999443107494211, 4.22143790578216, 4.32873801213685, 4.1009301699528, 
4.4008722836732, 4.67639254538368, 4.97023972576573, 4.4008722836732, 
4.86607674647478, 4.76638897474818, 5.22376645305197, 3.82719445192611, 
4.46386281753735, 4.95626100432209, 4.34801485082033, 4.28298889853787, 
4.51177749030055, 4.30342469737075, 4.2453802502879, 3.94798313292992, 
4.41885952070221, 4.53117615346864, 4.3375877326081, 3.91962297068931, 
3.97132293572112, 4.55271755149892, 4.50761990164844, 4.24851701038854, 
3.96848499579612, 4.07358337617085, 3.74257433992035, 3.9969373496562, 
3.99732024344814, 4.51031368652315, 4.70585805477997, 3.61013977143631, 
4.13046435810616, 3.67458344593139, 3.95884733759599, 4.30573543871105, 
4.3629626617293, 4.22143790578216, 4.32873801213685, 4.1009301699528, 
4.4008722836732, 4.67639254538368, 4.97023972576573, 4.4008722836732, 
4.86607674647478, 4.76638897474818, 5.22376645305197, 3.82719445192611, 
4.46386281753735, 4.95626100432209, 4.34801485082033, 4.28298889853787, 
