tmp <-
structure(c(2, 2, 2, 2, 2, 2, 2, 2, 2, 2, 2, 2, 2, 2, 2, 2, 2, 
2, 2, 2, 2, 2, 2, 2, 2, 2, 2, 2, 2, 2, 2, 2, 2, 2, 2, 2, 2, 2, 
2, 2, 6, 6, 6, 6, 6, 6, 6, 6, 6, 6, 6, 6, 6, 6, 6, 6, 6, 6, 6, 
6, 6, 6, 6, 6, 6, 6, 6, 6, 6, 6, 6, 6, 6, 6, 6, 6, 6, 6, 6, 6, 
6, 6, 6, 6, 6, 6, 6, 6, 6, 6, 6, 6, 6, 6, 6, 6, 6, 6, 6, 6, 6, 
6, 6, 6, 6, 6, 6, 6, 6, 6, 6, 6, 6, 6, 6, 6, 6, 6, 6, 6, 0, 0, 
0, 0, 0, 0, 0, 0, 0, 0, 0, 0, 0, 0, 0, 0, 0, 0, 0, 0, 0, 0, 0, 
0, 0, 0, 0, 0, 0, 0, 0, 0, 0, 0, 0, 0, 0, 0, 0, 0, 345, 345, 
345, 345, 345, 345, 345, 345, 345, 345, 345, 345, 345, 345, 345, 
345, 345, 345, 345, 345, 345, 345, 345, 345, 345, 345, 345, 345, 
345, 345, 345, 345, 345, 345, 345, 345, 345, 345, 345, 345, 0.0173913043478261, 
0.0173913043478261, 0.0173913043478261, 0.0173913043478261, 0.0173913043478261, 
0.0173913043478261, 0.0173913043478261, 0.0173913043478261, 0.0173913043478261, 
0.0173913043478261, 0.0173913043478261, 0.0173913043478261, 0.0173913043478261, 
0.0173913043478261, 0.0173913043478261, 0.0173913043478261, 0.0173913043478261, 
0.0173913043478261, 0.0173913043478261, 0.0173913043478261, 0.0173913043478261, 
0.0173913043478261, 0.0173913043478261, 0.0173913043478261, 0.0173913043478261, 
0.0173913043478261, 0.0173913043478261, 0.0173913043478261, 0.0173913043478261, 
0.0173913043478261, 0.0173913043478261, 0.0173913043478261, 0.0173913043478261, 
0.0173913043478261, 0.0173913043478261, 0.0173913043478261, 0.0173913043478261, 
0.0173913043478261, 0.0173913043478261, 0.0173913043478261, 1, 
1, 1, 1, 1, 1, 1, 1, 1, 1, 1, 1, 1, 1, 1, 1, 1, 1, 1, 1, 1, 1, 
1, 1, 1, 1, 1, 1, 1, 1, 1, 1, 1, 1, 1, 1, 1, 1, 1, 1, 0, 0, 0, 
0, 0, 0, 0, 0, 0, 0, 0, 0, 0, 0, 0, 0, 0, 0, 0, 0, 0, 0, 0, 0, 
0, 0, 0, 0, 0, 0, 0, 0, 0, 0, 0, 0, 0, 0, 0, 0, 2, 2, 2, 2, 2, 
2, 2, 2, 2, 2, 2, 2, 2, 2, 2, 2, 2, 2, 2, 2, 2, 2, 2, 2, 2, 2, 
2, 2, 2, 2, 2, 2, 2, 2, 2, 2, 2, 2, 2, 2, 2, 2, 2, 2, 2, 2, 2, 
2, 2, 2, 2, 2, 2, 2, 2, 2, 2, 2, 2, 2, 2, 2, 2, 2, 2, 2, 2, 2, 
2, 2, 2, 2, 2, 2, 2, 2, 2, 2, 2, 2, 2, 2, 2, 2, 2, 2, 2, 2, 2, 
2, 2, 2, 2, 2, 2, 2, 2, 2, 2, 2, 2, 2, 2, 2, 2, 2, 2, 2, 2, 2, 
2, 2, 2, 2, 2, 2, 2, 2, 2, 2, 0, 0, 0, 0, 0, 0, 0, 0, 0, 0, 0, 
0, 0, 0, 0, 0, 0, 0, 0, 0, 0, 0, 0, 0, 0, 0, 0, 0, 0, 0, 0, 0, 
0, 0, 0, 0, 0, 0, 0, 0, 2, 2, 2, 2, 2, 2, 2, 2, 2, 2, 2, 2, 2, 
2, 2, 2, 2, 2, 2, 2, 2, 2, 2, 2, 2, 2, 2, 2, 2, 2, 2, 2, 2, 2, 
2, 2, 2, 2, 2, 2, 0.449275362318841, 0.449275362318841, 0.449275362318841, 
0.449275362318841, 0.449275362318841, 0.449275362318841, 0.449275362318841, 
0.449275362318841, 0.449275362318841, 0.449275362318841, 0.478260869565217, 
0.478260869565217, 0.478260869565217, 0.478260869565217, 0.478260869565217, 
0.478260869565217, 0.478260869565217, 0.478260869565217, 0.478260869565217, 
0.478260869565217, 0.492753623188406, 0.492753623188406, 0.492753623188406, 
0.492753623188406, 0.492753623188406, 0.492753623188406, 0.492753623188406, 
0.492753623188406, 0.492753623188406, 0.492753623188406, 0.463768115942029, 
0.463768115942029, 0.463768115942029, 0.463768115942029, 0.463768115942029, 
0.463768115942029, 0.463768115942029, 0.463768115942029, 0.463768115942029, 
0.463768115942029, 0.550724637681159, 0.550724637681159, 0.550724637681159, 
0.550724637681159, 0.550724637681159, 0.550724637681159, 0.550724637681159, 
0.550724637681159, 0.550724637681159, 0.550724637681159, 0.521739130434783, 
0.521739130434783, 0.521739130434783, 0.521739130434783, 0.521739130434783, 
0.521739130434783, 0.521739130434783, 0.521739130434783, 0.521739130434783, 
0.521739130434783, 0.507246376811594, 0.507246376811594, 0.507246376811594, 
0.507246376811594, 0.507246376811594, 0.507246376811594, 0.507246376811594, 
0.507246376811594, 0.507246376811594, 0.507246376811594, 0.536231884057971, 
0.536231884057971, 0.536231884057971, 0.536231884057971, 0.536231884057971, 
0.536231884057971, 0.536231884057971, 0.536231884057971, 0.536231884057971, 
0.536231884057971, 0.5, 0.5, 0.5, 0.5, 0.5, 0.5, 0.5, 0.5, 0.5, 
0.5, 0.5, 0.5, 0.5, 0.5, 0.5, 0.5, 0.5, 0.5, 0.5, 0.5, 0.5, 0.5, 
0.5, 0.5, 0.5, 0.5, 0.5, 0.5, 0.5, 0.5, 0.5, 0.5, 0.5, 0.5, 0.5, 
0.5, 0.5, 0.5, 0.5, 0.5, 0.071735470555157, 0.071735470555157, 
0.071735470555157, 0.071735470555157, 0.071735470555157, 0.071735470555157, 
0.071735470555157, 0.071735470555157, 0.071735470555157, 0.071735470555157, 
0.0307437730950673, 0.0307437730950673, 0.0307437730950673, 0.0307437730950673, 
0.0307437730950673, 0.0307437730950673, 0.0307437730950673, 0.0307437730950673, 
0.0307437730950673, 0.0307437730950673, 0.0102479243650224, 0.0102479243650224, 
0.0102479243650224, 0.0102479243650224, 0.0102479243650224, 0.0102479243650224, 
0.0102479243650224, 0.0102479243650224, 0.0102479243650224, 0.0102479243650224, 
0.0512396218251122, 0.0512396218251122, 0.0512396218251122, 0.0512396218251122, 
0.0512396218251122, 0.0512396218251122, 0.0512396218251122, 0.0512396218251122, 
0.0512396218251122, 0.0512396218251122, 1.58756534997164, 1.57734948626449, 
1.64575113778538, 1.59756731209314, 1.56425380437195, 1.57486608083933, 
1.59381233667255, 1.71577842286642, 1.56329367702975, 1.57021478355184, 
1.60137798602742, 1.69905363088329, 1.55213581545234, 1.68218680781287, 
1.72546857798223, 1.72076702758365, 1.57210958371834, 1.70217471733916, 
1.61326483304265, 1.57180390696378, 1.59215172119431, 1.62239933788101, 
1.7391930387985, 1.71618193951395, 1.58996915865871, 1.6857822284304, 
1.54373463595496, 1.74043441379153, 1.7134687108913, 1.64476747629779, 
1.70546517506344, 1.5802254844245, 1.63609667759653, 1.69759884417055, 
1.74044901988684, 1.66759234727079, 1.74662787606547, 1.69899542055387, 
1.76258954536287, 1.60307672765081, 1.58756534997164, 1.57734948626449, 
1.64575113778538, 1.59756731209314, 1.56425380437195, 1.57486608083933, 
1.59381233667254, 1.71577842286642, 1.56329367702975, 1.57021478355184, 
1.60137798602742, 1.69905363088329, 1.55213581545234, 1.68218680781287, 
1.72546857798223, 1.72076702758365, 1.57210958371834, 1.70217471733916, 
1.61326483304265, 1.57180390696378, 1.59215172119431, 1.62239933788101, 
1.7391930387985, 1.71618193951395, 1.58996915865871, 1.6857822284304, 
1.54373463595496, 1.74043441379153, 1.7134687108913, 1.64476747629779, 
1.70546517506344, 1.5802254844245, 1.63609667759653, 1.69759884417055, 
1.74044901988684, 1.66759234727079, 1.74662787606547, 1.69899542055387, 
1.76258954536287, 1.60307672765081, 7.65591931331053, 7.63195825974899, 
7.84860539000394, 7.80530755674372, 7.56566683273317, 7.58417172240422, 
7.72639412516205, 8.75528555436482, 7.54596999224705, 7.58857181458231, 
7.73555458219684, 8.61151116836079, 7.47184240293667, 8.56090762663861, 
8.8493107135533, 8.86809015955278, 7.63744413376894, 8.74779387333732, 
7.84293817700243, 7.62228568063228, 7.65860866703753, 7.81198576011336, 
8.49196912633067, 8.67007805985156, 7.6898827748917, 8.04097834294549, 
7.38269733683093, 8.9073193647148, 8.62506426539514, 8.07453008554512, 
8.65924201490475, 7.52525830403607, 7.99916035593218, 8.46180540043822, 
9.02904727099776, 8.1723757358568, 9.0601750115912, 8.61841470849602, 
8.96573093419497, 7.75727134163904, 7.65591931331053, 7.63195825974899, 
7.84860539000394, 7.80530755674372, 7.56566683273317, 7.58417172240422, 
7.72639412516205, 8.75528555436481, 7.54596999224705, 7.58857181458231, 
7.73555458219684, 8.61151116836079, 7.47184240293667, 8.56090762663861, 
8.8493107135533, 8.86809015955278, 7.63744413376894, 8.74779387333732, 
7.84293817700243, 7.62228568063228, 7.65860866703753, 7.81198576011336, 
8.49196912633067, 8.67007805985156, 7.6898827748917, 8.04097834294549, 
7.38269733683093, 8.9073193647148, 8.62506426539514, 8.07453008554512, 
8.65924201490475, 7.52525830403607, 7.99916035593218, 8.46180540043822, 
9.02904727099776, 8.1723757358568, 9.0601750115912, 8.61841470849602, 
8.96573093419497, 7.75727134163904, 0.277631300543823, 0.281245600127996, 
0.280419063565026, 0.276325701757052, 0.27922757096475, 0.279535915087158, 
