tmp <-
structure(c(4, 4, 4, 4, 4, 4, 4, 4, 4, 4, 4, 4, 4, 4, 4, 4, 4, 
4, 4, 4, 4, 4, 4, 4, 4, 4, 4, 4, 4, 4, 4, 4, 4, 4, 4, 4, 4, 4, 
4, 4, 6, 6, 6, 6, 6, 6, 6, 6, 6, 6, 6, 6, 6, 6, 6, 6, 6, 6, 6, 
6, 6, 6, 6, 6, 6, 6, 6, 6, 6, 6, 6, 6, 6, 6, 6, 6, 6, 6, 6, 6, 
0, 0, 0, 0, 0, 0, 0, 0, 0, 0, 0, 0, 0, 0, 0, 0, 0, 0, 0, 0, 0, 
0, 0, 0, 0, 0, 0, 0, 0, 0, 0, 0, 0, 0, 0, 0, 0, 0, 0, 0, 6, 6, 
6, 6, 6, 6, 6, 6, 6, 6, 6, 6, 6, 6, 6, 6, 6, 6, 6, 6, 6, 6, 6, 
6, 6, 6, 6, 6, 6, 6, 6, 6, 6, 6, 6, 6, 6, 6, 6, 6, 1728, 1728, 
1728, 1728, 1728, 1728, 1728, 1728, 1728, 1728, 1728, 1728, 1728, 
1728, 1728, 1728, 1728, 1728, 1728, 1728, 1728, 1728, 1728, 1728, 
1728, 1728, 1728, 1728, 1728, 1728, 1728, 1728, 1728, 1728, 1728, 
1728, 1728, 1728, 1728, 1728, 0.00347222222222222, 0.00347222222222222, 
0.00347222222222222, 0.00347222222222222, 0.00347222222222222, 
0.00347222222222222, 0.00347222222222222, 0.00347222222222222, 
0.00347222222222222, 0.00347222222222222, 0.00347222222222222, 
0.00347222222222222, 0.00347222222222222, 0.00347222222222222, 
0.00347222222222222, 0.00347222222222222, 0.00347222222222222, 
0.00347222222222222, 0.00347222222222222, 0.00347222222222222, 
0.00347222222222222, 0.00347222222222222, 0.00347222222222222, 
0.00347222222222222, 0.00347222222222222, 0.00347222222222222, 
0.00347222222222222, 0.00347222222222222, 0.00347222222222222, 
0.00347222222222222, 0.00347222222222222, 0.00347222222222222, 
0.00347222222222222, 0.00347222222222222, 0.00347222222222222, 
0.00347222222222222, 0.00347222222222222, 0.00347222222222222, 
0.00347222222222222, 0.00347222222222222, 0, 0, 0, 0, 0, 0, 0, 
0, 0, 0, 0, 0, 0, 0, 0, 0, 0, 0, 0, 0, 0, 0, 0, 0, 0, 0, 0, 0, 
0, 0, 0, 0, 0, 0, 0, 0, 0, 0, 0, 0, 1, 1, 1, 1, 1, 1, 1, 1, 1, 
1, 1, 1, 1, 1, 1, 1, 1, 1, 1, 1, 1, 1, 1, 1, 1, 1, 1, 1, 1, 1, 
1, 1, 1, 1, 1, 1, 1, 1, 1, 1, 3, 3, 3, 3, 3, 3, 3, 3, 3, 3, 3, 
3, 3, 3, 3, 3, 3, 3, 3, 3, 3, 3, 3, 3, 3, 3, 3, 3, 3, 3, 3, 3, 
3, 3, 3, 3, 3, 3, 3, 3, 4, 4, 4, 4, 4, 4, 4, 4, 4, 4, 4, 4, 4, 
4, 4, 4, 4, 4, 4, 4, 4, 4, 4, 4, 4, 4, 4, 4, 4, 4, 4, 4, 4, 4, 
4, 4, 4, 4, 4, 4, 3.57142857142857, 3.57142857142857, 3.57142857142857, 
3.57142857142857, 3.57142857142857, 3.57142857142857, 3.57142857142857, 
3.57142857142857, 3.57142857142857, 3.57142857142857, 3.57142857142857, 
3.57142857142857, 3.57142857142857, 3.57142857142857, 3.57142857142857, 
3.57142857142857, 3.57142857142857, 3.57142857142857, 3.57142857142857, 
3.57142857142857, 3.57142857142857, 3.57142857142857, 3.57142857142857, 
3.57142857142857, 3.57142857142857, 3.57142857142857, 3.57142857142857, 
3.57142857142857, 3.57142857142857, 3.57142857142857, 3.57142857142857, 
3.57142857142857, 3.57142857142857, 3.57142857142857, 3.57142857142857, 
3.57142857142857, 3.57142857142857, 3.57142857142857, 3.57142857142857, 
3.57142857142857, 0.534522483824849, 0.534522483824849, 0.534522483824849, 
0.534522483824849, 0.534522483824849, 0.534522483824849, 0.534522483824849, 
0.534522483824849, 0.534522483824849, 0.534522483824849, 0.534522483824849, 
0.534522483824849, 0.534522483824849, 0.534522483824849, 0.534522483824849, 
0.534522483824849, 0.534522483824849, 0.534522483824849, 0.534522483824849, 
0.534522483824849, 0.534522483824849, 0.534522483824849, 0.534522483824849, 
0.534522483824849, 0.534522483824849, 0.534522483824849, 0.534522483824849, 
0.534522483824849, 0.534522483824849, 0.534522483824849, 0.534522483824849, 
0.534522483824849, 0.534522483824849, 0.534522483824849, 0.534522483824849, 
0.534522483824849, 0.534522483824849, 0.534522483824849, 0.534522483824849, 
0.534522483824849, 25, 25, 25, 25, 25, 25, 25, 25, 25, 25, 25, 
25, 25, 25, 25, 25, 25, 25, 25, 25, 25, 25, 25, 25, 25, 25, 25, 
25, 25, 25, 25, 25, 25, 25, 25, 25, 25, 25, 25, 25, 0.0376157407407407, 
0.0376157407407407, 0.0376157407407407, 0.0376157407407407, 0.0376157407407407, 
0.0376157407407407, 0.0376157407407407, 0.0376157407407407, 0.0376157407407407, 
0.0376157407407407, 0.0376157407407407, 0.0376157407407407, 0.0376157407407407, 
0.0376157407407407, 0.0376157407407407, 0.0376157407407407, 0.0376157407407407, 
0.0376157407407407, 0.0376157407407407, 0.0376157407407407, 0.0376157407407407, 
0.0376157407407407, 0.0376157407407407, 0.0376157407407407, 0.0376157407407407, 
0.0376157407407407, 0.0376157407407407, 0.0376157407407407, 0.0376157407407407, 
0.0376157407407407, 0.0376157407407407, 0.0376157407407407, 0.0376157407407407, 
0.0376157407407407, 0.0376157407407407, 0.0376157407407407, 0.0376157407407407, 
0.0376157407407407, 0.0376157407407407, 0.0376157407407407, 0.665509259259259, 
0.665509259259259, 0.665509259259259, 0.665509259259259, 0.665509259259259, 
0.665509259259259, 0.665509259259259, 0.665509259259259, 0.665509259259259, 
0.665509259259259, 0.630208333333333, 0.630208333333333, 0.630208333333333, 
0.630208333333333, 0.630208333333333, 0.630208333333333, 0.630208333333333, 
0.630208333333333, 0.630208333333333, 0.630208333333333, 0.595486111111111, 
0.595486111111111, 0.595486111111111, 0.595486111111111, 0.595486111111111, 
0.595486111111111, 0.595486111111111, 0.595486111111111, 0.595486111111111, 
0.595486111111111, 0.560185185185185, 0.560185185185185, 0.560185185185185, 
0.560185185185185, 0.560185185185185, 0.560185185185185, 0.560185185185185, 
0.560185185185185, 0.560185185185185, 0.560185185185185, 0.25, 
0.25, 0.25, 0.25, 0.25, 0.25, 0.25, 0.25, 0.25, 0.25, 0.25, 0.25, 
0.25, 0.25, 0.25, 0.25, 0.25, 0.25, 0.25, 0.25, 0.25, 0.25, 0.25, 
0.25, 0.25, 0.25, 0.25, 0.25, 0.25, 0.25, 0.25, 0.25, 0.25, 0.25, 
0.25, 0.25, 0.25, 0.25, 0.25, 0.25, 0.295484018129082, 0.295484018129082, 
0.295484018129082, 0.295484018129082, 0.295484018129082, 0.295484018129082, 
0.295484018129082, 0.295484018129082, 0.295484018129082, 0.295484018129082, 
0.280225678768704, 0.280225678768704, 0.280225678768704, 0.280225678768704, 
0.280225678768704, 0.280225678768704, 0.280225678768704, 0.280225678768704, 
0.280225678768704, 0.280225678768704, 0.267407870957756, 0.267407870957756, 
0.267407870957756, 0.267407870957756, 0.267407870957756, 0.267407870957756, 
0.267407870957756, 0.267407870957756, 0.267407870957756, 0.267407870957756, 
0.256940534254532, 0.256940534254532, 0.256940534254532, 0.256940534254532, 
0.256940534254532, 0.256940534254532, 0.256940534254532, 0.256940534254532, 
0.256940534254532, 0.256940534254532, 0, 0, 0, 0, 0, 0, 0, 0, 
0, 0, 0, 0, 0, 0, 0, 0, 0, 0, 0, 0, 0, 0, 0, 0, 0, 0, 0, 0, 0, 
0, 0, 0, 0, 0, 0, 0, 0, 0, 0, 0, 0.954347537454218, 0.968803612757298, 
0.951295664952377, 0.957119518773651, 0.94884394623444, 0.967576621579365, 
0.950998041071619, 0.960204127077026, 0.951688897778675, 0.95695733098881, 
0.916674303593803, 0.922529811467777, 0.919263136019002, 0.926182051323926, 
0.919240761095605, 0.922914990079942, 0.917887026474069, 0.9156424801866, 
0.920327514975322, 0.916605695066771, 0.904947029811901, 0.901846476118176, 
0.901822594391358, 0.902566084708953, 0.905164701990032, 0.902855681302191, 
0.903960919288814, 0.90356204188654, 0.901448647711091, 0.902123217174711, 
0.892814863270016, 0.89439775309409, 0.893667243586535, 0.894880675416613, 
0.892248003392033, 0.892003441548486, 0.894157715165322, 0.892160960380627, 
0.892649853130293, 0.892799639925988, 3, 3, 3, 3, 3, 3, 3, 3, 
3, 3, 3, 3, 3, 3, 3, 3, 3, 3, 3, 3, 3, 3, 3, 3, 3, 3, 3, 3, 3, 
3, 3, 3, 3, 3, 3, 3, 3, 3, 3, 3, 2.35077812159863, 2.47295171837689, 
2.30318428379195, 2.36396281707238, 2.30223930549763, 2.45807283436289, 
2.30973492391371, 2.38513618445021, 2.32351165006133, 2.36031791228404, 
2.10911283248777, 2.13526523580848, 2.11869040113612, 2.1652615025542, 
2.11735687894752, 2.13983281785688, 2.10856100856188, 2.10253555468261, 
2.12733966186437, 2.09846118028948, 2.04872558133622, 2.03511209974015, 
2.03348697360132, 2.03929003124218, 2.05681493752116, 2.04099839400434, 
2.05747144435364, 2.04216352559593, 2.03318279602241, 2.03459320208342, 
1.99692306436765, 2.00164146448597, 2.00494532585366, 2.00793343789018, 
