tmp <-
structure(c(10, 10, 10, 10, 10, 10, 10, 10, 10, 10, 10, 10, 10, 
10, 10, 10, 10, 10, 10, 10, 10, 10, 10, 10, 10, 10, 10, 10, 10, 
10, 10, 10, 10, 10, 10, 10, 10, 10, 10, 10, 20, 20, 20, 20, 20, 
20, 20, 20, 20, 20, 20, 20, 20, 20, 20, 20, 20, 20, 20, 20, 20, 
20, 20, 20, 20, 20, 20, 20, 20, 20, 20, 20, 20, 20, 20, 20, 20, 
20, 20, 20, 20, 20, 20, 20, 20, 20, 20, 20, 20, 20, 20, 20, 20, 
20, 20, 20, 20, 20, 20, 20, 20, 20, 20, 20, 20, 20, 20, 20, 20, 
20, 20, 20, 20, 20, 20, 20, 20, 20, 20, 20, 0, 0, 0, 0, 0, 0, 
0, 0, 0, 0, 0, 0, 0, 0, 0, 0, 0, 0, 0, 0, 0, 0, 0, 0, 0, 0, 0, 
0, 0, 0, 0, 0, 0, 0, 0, 0, 0, 0, 0, 0, 2126, 2126, 2126, 2126, 
2126, 2126, 2126, 2126, 2126, 2126, 2126, 2126, 2126, 2126, 2126, 
2126, 2126, 2126, 2126, 2126, 2126, 2126, 2126, 2126, 2126, 2126, 
2126, 2126, 2126, 2126, 2126, 2126, 2126, 2126, 2126, 2126, 2126, 
2126, 2126, 2126, 0.00940733772342427, 0.00940733772342427, 0.00940733772342427, 
0.00940733772342427, 0.00940733772342427, 0.00940733772342427, 
0.00940733772342427, 0.00940733772342427, 0.00940733772342427, 
0.00940733772342427, 0.00940733772342427, 0.00940733772342427, 
0.00940733772342427, 0.00940733772342427, 0.00940733772342427, 
0.00940733772342427, 0.00940733772342427, 0.00940733772342427, 
0.00940733772342427, 0.00940733772342427, 0.00940733772342427, 
0.00940733772342427, 0.00940733772342427, 0.00940733772342427, 
0.00940733772342427, 0.00940733772342427, 0.00940733772342427, 
0.00940733772342427, 0.00940733772342427, 0.00940733772342427, 
0.00940733772342427, 0.00940733772342427, 0.00940733772342427, 
0.00940733772342427, 0.00940733772342427, 0.00940733772342427, 
0.00940733772342427, 0.00940733772342427, 0.00940733772342427, 
0.00940733772342427, 1, 1, 1, 1, 1, 1, 1, 1, 1, 1, 1, 1, 1, 1, 
1, 1, 1, 1, 1, 1, 1, 1, 1, 1, 1, 1, 1, 1, 1, 1, 1, 1, 1, 1, 1, 
1, 1, 1, 1, 1, 0, 0, 0, 0, 0, 0, 0, 0, 0, 0, 0, 0, 0, 0, 0, 0, 
0, 0, 0, 0, 0, 0, 0, 0, 0, 0, 0, 0, 0, 0, 0, 0, 0, 0, 0, 0, 0, 
0, 0, 0, 10, 10, 10, 10, 10, 10, 10, 10, 10, 10, 10, 10, 10, 
10, 10, 10, 10, 10, 10, 10, 10, 10, 10, 10, 10, 10, 10, 10, 10, 
10, 10, 10, 10, 10, 10, 10, 10, 10, 10, 10, 10, 10, 10, 10, 10, 
10, 10, 10, 10, 10, 10, 10, 10, 10, 10, 10, 10, 10, 10, 10, 10, 
10, 10, 10, 10, 10, 10, 10, 10, 10, 10, 10, 10, 10, 10, 10, 10, 
10, 10, 10, 10, 10, 10, 10, 10, 10, 10, 10, 10, 10, 10, 10, 10, 
10, 10, 10, 10, 10, 10, 10, 10, 10, 10, 10, 10, 10, 10, 10, 10, 
10, 10, 10, 10, 10, 10, 10, 10, 10, 10, 10, 0, 0, 0, 0, 0, 0, 
0, 0, 0, 0, 0, 0, 0, 0, 0, 0, 0, 0, 0, 0, 0, 0, 0, 0, 0, 0, 0, 
0, 0, 0, 0, 0, 0, 0, 0, 0, 0, 0, 0, 0, 10, 10, 10, 10, 10, 10, 
10, 10, 10, 10, 10, 10, 10, 10, 10, 10, 10, 10, 10, 10, 10, 10, 
10, 10, 10, 10, 10, 10, 10, 10, 10, 10, 10, 10, 10, 10, 10, 10, 
10, 10, 0.0249294449670743, 0.0249294449670743, 0.0249294449670743, 
0.0249294449670743, 0.0249294449670743, 0.0249294449670743, 0.0249294449670743, 
0.0249294449670743, 0.0249294449670743, 0.0249294449670743, 0.0249294449670743, 
0.0249294449670743, 0.0249294449670743, 0.0249294449670743, 0.0249294449670743, 
0.0249294449670743, 0.0249294449670743, 0.0249294449670743, 0.0249294449670743, 
0.0249294449670743, 0.0249294449670743, 0.0249294449670743, 0.0249294449670743, 
0.0249294449670743, 0.0249294449670743, 0.0249294449670743, 0.0249294449670743, 
0.0249294449670743, 0.0249294449670743, 0.0249294449670743, 0.0249294449670743, 
0.0249294449670743, 0.0249294449670743, 0.0249294449670743, 0.0249294449670743, 
0.0249294449670743, 0.0249294449670743, 0.0249294449670743, 0.0249294449670743, 
0.0249294449670743, 0.259172154280339, 0.259172154280339, 0.259172154280339, 
0.259172154280339, 0.259172154280339, 0.259172154280339, 0.259172154280339, 
0.259172154280339, 0.259172154280339, 0.259172154280339, 0.245531514581373, 
0.245531514581373, 0.245531514581373, 0.245531514581373, 0.245531514581373, 
0.245531514581373, 0.245531514581373, 0.245531514581373, 0.245531514581373, 
0.245531514581373, 0.231890874882408, 0.231890874882408, 0.231890874882408, 
0.231890874882408, 0.231890874882408, 0.231890874882408, 0.231890874882408, 
0.231890874882408, 0.231890874882408, 0.231890874882408, 0.234713076199436, 
0.234713076199436, 0.234713076199436, 0.234713076199436, 0.234713076199436, 
0.234713076199436, 0.234713076199436, 0.234713076199436, 0.234713076199436, 
0.234713076199436, 0.1, 0.1, 0.1, 0.1, 0.1, 0.1, 0.1, 0.1, 0.1, 
0.1, 0.1, 0.1, 0.1, 0.1, 0.1, 0.1, 0.1, 0.1, 0.1, 0.1, 0.1, 0.1, 
0.1, 0.1, 0.1, 0.1, 0.1, 0.1, 0.1, 0.1, 0.1, 0.1, 0.1, 0.1, 0.1, 
0.1, 0.1, 0.1, 0.1, 0.1, 0.0806600201952605, 0.0806600201952605, 
0.0806600201952605, 0.0806600201952605, 0.0806600201952605, 0.0806600201952605, 
0.0806600201952605, 0.0806600201952605, 0.0806600201952605, 0.0806600201952605, 
0.0796818720305034, 0.0796818720305034, 0.0796818720305034, 0.0796818720305034, 
0.0796818720305034, 0.0796818720305034, 0.0796818720305034, 0.0796818720305034, 
0.0796818720305034, 0.0796818720305034, 0.0792152704341704, 0.0792152704341704, 
0.0792152704341704, 0.0792152704341704, 0.0792152704341704, 0.0792152704341704, 
0.0792152704341704, 0.0792152704341704, 0.0792152704341704, 0.0792152704341704, 
0.0792692492516457, 0.0792692492516457, 0.0792692492516457, 0.0792692492516457, 
0.0792692492516457, 0.0792692492516457, 0.0792692492516457, 0.0792692492516457, 
0.0792692492516457, 0.0792692492516457, 1.67902800947848, 1.75342947859518, 
1.67621222086429, 1.67786857567919, 1.6643868623445, 1.67795352935917, 
1.67167193554669, 1.67980500432198, 1.675587945507, 1.72481996898474, 
1.69487911334947, 1.66216515116202, 1.67048619786745, 1.68724679790052, 
1.70486523463913, 1.65897588965582, 1.52575743384912, 1.68802782218188, 
1.68358461120343, 1.69210423183391, 1.68512794594007, 1.66677337022274, 
1.70742799563229, 1.65630513276833, 1.67385549977502, 1.71492618447477, 
1.7169576125566, 1.67542194522253, 1.74853192309954, 1.67311066351916, 
1.68427515306443, 1.67931011247275, 1.66494159196269, 1.70868537982148, 
1.66035562861023, 1.69944899456397, 1.69275404480914, 1.53603592186683, 
1.64942086630857, 1.51177484599853, 1.67902800947848, 1.75342947859518, 
1.67621222086429, 1.67786857567919, 1.6643868623445, 1.67795352935917, 
1.67167193554669, 1.67980500432198, 1.675587945507, 1.72481996898474, 
1.69487911334947, 1.66216515116202, 1.67048619786745, 1.68724679790052, 
1.70486523463913, 1.65897588965582, 1.52575743384912, 1.68802782218188, 
1.68358461120343, 1.69210423183391, 1.68512794594007, 1.66677337022274, 
1.70742799563229, 1.65630513276833, 1.67385549977502, 1.71492618447477, 
1.7169576125566, 1.67542194522253, 1.74853192309954, 1.67311066351916, 
1.68427515306443, 1.67931011247275, 1.66494159196269, 1.70868537982148, 
1.66035562861023, 1.69944899456397, 1.69275404480914, 1.53603592186683, 
1.64942086630857, 1.51177484599853, 14.2190839237593, 15.8852380242698, 
14.0989993820785, 14.1535394450247, 13.9603676143011, 14.1943805043388, 
14.0730744169731, 14.1977615443286, 14.10976275177, 15.303374321247, 
14.5785734624382, 13.9750221819411, 14.081892631266, 14.4376973796558, 
15.0779924058604, 13.9078160328397, 10.2366586401634, 14.3180705492539, 
14.3085004024047, 14.4177590397933, 14.4116542143732, 14.0477220407949, 
15.1469203997694, 13.9176695455175, 14.1821683850876, 15.1868657265919, 
15.2012005193527, 14.1951038268813, 15.8950384456471, 14.1938139306971, 
14.4886173248814, 14.2812310976026, 14.0927634999242, 15.0679023346742, 
14.0319594584667, 14.9637325508904, 14.4927556753524, 10.6346313085271, 
13.8503771883274, 10.1759756156677, 14.2190839237593, 15.8852380242698, 
14.0989993820785, 14.1535394450247, 13.9603676143011, 14.1943805043388, 
14.0730744169731, 14.1977615443286, 14.10976275177, 15.303374321247, 
14.5785734624382, 13.9750221819411, 14.081892631266, 14.4376973796558, 
15.0779924058604, 13.9078160328397, 10.2366586401634, 14.3180705492539, 
14.3085004024047, 14.4177590397933, 14.4116542143732, 14.0477220407949, 
15.1469203997694, 13.9176695455175, 14.1821683850876, 15.1868657265919, 
