tmp <-
structure(c(3, 3, 3, 3, 3, 3, 3, 3, 3, 3, 3, 3, 3, 3, 3, 3, 3, 
3, 3, 3, 3, 3, 3, 3, 3, 3, 3, 3, 3, 3, 3, 3, 3, 3, 3, 3, 3, 3, 
3, 3, 9, 9, 9, 9, 9, 9, 9, 9, 9, 9, 9, 9, 9, 9, 9, 9, 9, 9, 9, 
9, 9, 9, 9, 9, 9, 9, 9, 9, 9, 9, 9, 9, 9, 9, 9, 9, 9, 9, 9, 9, 
2, 2, 2, 2, 2, 2, 2, 2, 2, 2, 2, 2, 2, 2, 2, 2, 2, 2, 2, 2, 2, 
2, 2, 2, 2, 2, 2, 2, 2, 2, 2, 2, 2, 2, 2, 2, 2, 2, 2, 2, 7, 7, 
7, 7, 7, 7, 7, 7, 7, 7, 7, 7, 7, 7, 7, 7, 7, 7, 7, 7, 7, 7, 7, 
7, 7, 7, 7, 7, 7, 7, 7, 7, 7, 7, 7, 7, 7, 7, 7, 7, 1473, 1473, 
1473, 1473, 1473, 1473, 1473, 1473, 1473, 1473, 1473, 1473, 1473, 
1473, 1473, 1473, 1473, 1473, 1473, 1473, 1473, 1473, 1473, 1473, 
1473, 1473, 1473, 1473, 1473, 1473, 1473, 1473, 1473, 1473, 1473, 
1473, 1473, 1473, 1473, 1473, 0.00610997963340122, 0.00610997963340122, 
0.00610997963340122, 0.00610997963340122, 0.00610997963340122, 
0.00610997963340122, 0.00610997963340122, 0.00610997963340122, 
0.00610997963340122, 0.00610997963340122, 0.00610997963340122, 
0.00610997963340122, 0.00610997963340122, 0.00610997963340122, 
0.00610997963340122, 0.00610997963340122, 0.00610997963340122, 
0.00610997963340122, 0.00610997963340122, 0.00610997963340122, 
0.00610997963340122, 0.00610997963340122, 0.00610997963340122, 
0.00610997963340122, 0.00610997963340122, 0.00610997963340122, 
0.00610997963340122, 0.00610997963340122, 0.00610997963340122, 
0.00610997963340122, 0.00610997963340122, 0.00610997963340122, 
0.00610997963340122, 0.00610997963340122, 0.00610997963340122, 
0.00610997963340122, 0.00610997963340122, 0.00610997963340122, 
0.00610997963340122, 0.00610997963340122, 0.222222222222222, 
0.222222222222222, 0.222222222222222, 0.222222222222222, 0.222222222222222, 
0.222222222222222, 0.222222222222222, 0.222222222222222, 0.222222222222222, 
0.222222222222222, 0.222222222222222, 0.222222222222222, 0.222222222222222, 
0.222222222222222, 0.222222222222222, 0.222222222222222, 0.222222222222222, 
0.222222222222222, 0.222222222222222, 0.222222222222222, 0.222222222222222, 
0.222222222222222, 0.222222222222222, 0.222222222222222, 0.222222222222222, 
0.222222222222222, 0.222222222222222, 0.222222222222222, 0.222222222222222, 
0.222222222222222, 0.222222222222222, 0.222222222222222, 0.222222222222222, 
0.222222222222222, 0.222222222222222, 0.222222222222222, 0.222222222222222, 
0.222222222222222, 0.222222222222222, 0.222222222222222, 0.777777777777778, 
0.777777777777778, 0.777777777777778, 0.777777777777778, 0.777777777777778, 
0.777777777777778, 0.777777777777778, 0.777777777777778, 0.777777777777778, 
0.777777777777778, 0.777777777777778, 0.777777777777778, 0.777777777777778, 
0.777777777777778, 0.777777777777778, 0.777777777777778, 0.777777777777778, 
0.777777777777778, 0.777777777777778, 0.777777777777778, 0.777777777777778, 
0.777777777777778, 0.777777777777778, 0.777777777777778, 0.777777777777778, 
0.777777777777778, 0.777777777777778, 0.777777777777778, 0.777777777777778, 
0.777777777777778, 0.777777777777778, 0.777777777777778, 0.777777777777778, 
0.777777777777778, 0.777777777777778, 0.777777777777778, 0.777777777777778, 
0.777777777777778, 0.777777777777778, 0.777777777777778, 2, 2, 
2, 2, 2, 2, 2, 2, 2, 2, 2, 2, 2, 2, 2, 2, 2, 2, 2, 2, 2, 2, 2, 
2, 2, 2, 2, 2, 2, 2, 2, 2, 2, 2, 2, 2, 2, 2, 2, 2, 4, 4, 4, 4, 
4, 4, 4, 4, 4, 4, 4, 4, 4, 4, 4, 4, 4, 4, 4, 4, 4, 4, 4, 4, 4, 
4, 4, 4, 4, 4, 4, 4, 4, 4, 4, 4, 4, 4, 4, 4, 3.125, 3.125, 3.125, 
3.125, 3.125, 3.125, 3.125, 3.125, 3.125, 3.125, 3.125, 3.125, 
3.125, 3.125, 3.125, 3.125, 3.125, 3.125, 3.125, 3.125, 3.125, 
3.125, 3.125, 3.125, 3.125, 3.125, 3.125, 3.125, 3.125, 3.125, 
3.125, 3.125, 3.125, 3.125, 3.125, 3.125, 3.125, 3.125, 3.125, 
3.125, 0.991031208965115, 0.991031208965115, 0.991031208965115, 
0.991031208965115, 0.991031208965115, 0.991031208965115, 0.991031208965115, 
0.991031208965115, 0.991031208965115, 0.991031208965115, 0.991031208965115, 
0.991031208965115, 0.991031208965115, 0.991031208965115, 0.991031208965115, 
0.991031208965115, 0.991031208965115, 0.991031208965115, 0.991031208965115, 
0.991031208965115, 0.991031208965115, 0.991031208965115, 0.991031208965115, 
0.991031208965115, 0.991031208965115, 0.991031208965115, 0.991031208965115, 
0.991031208965115, 0.991031208965115, 0.991031208965115, 0.991031208965115, 
0.991031208965115, 0.991031208965115, 0.991031208965115, 0.991031208965115, 
0.991031208965115, 0.991031208965115, 0.991031208965115, 0.991031208965115, 
0.991031208965115, 25, 25, 25, 25, 25, 25, 25, 25, 25, 25, 25, 
25, 25, 25, 25, 25, 25, 25, 25, 25, 25, 25, 25, 25, 25, 25, 25, 
25, 25, 25, 25, 25, 25, 25, 25, 25, 25, 25, 25, 25, 0.226069246435845, 
0.226069246435845, 0.226069246435845, 0.226069246435845, 0.226069246435845, 
0.226069246435845, 0.226069246435845, 0.226069246435845, 0.226069246435845, 
0.226069246435845, 0.226069246435845, 0.226069246435845, 0.226069246435845, 
0.226069246435845, 0.226069246435845, 0.226069246435845, 0.226069246435845, 
0.226069246435845, 0.226069246435845, 0.226069246435845, 0.226069246435845, 
0.226069246435845, 0.226069246435845, 0.226069246435845, 0.226069246435845, 
0.226069246435845, 0.226069246435845, 0.226069246435845, 0.226069246435845, 
0.226069246435845, 0.226069246435845, 0.226069246435845, 0.226069246435845, 
0.226069246435845, 0.226069246435845, 0.226069246435845, 0.226069246435845, 
0.226069246435845, 0.226069246435845, 0.226069246435845, 0.405974202308215, 
0.405974202308215, 0.405974202308215, 0.405974202308215, 0.405974202308215, 
0.405974202308215, 0.405974202308215, 0.405974202308215, 0.405974202308215, 
0.405974202308215, 0.389002036659878, 0.389002036659878, 0.389002036659878, 
0.389002036659878, 0.389002036659878, 0.389002036659878, 0.389002036659878, 
0.389002036659878, 0.389002036659878, 0.389002036659878, 0.410726408689749, 
0.410726408689749, 0.410726408689749, 0.410726408689749, 0.410726408689749, 
0.410726408689749, 0.410726408689749, 0.410726408689749, 0.410726408689749, 
0.410726408689749, 0.431771894093686, 0.431771894093686, 0.431771894093686, 
0.431771894093686, 0.431771894093686, 0.431771894093686, 0.431771894093686, 
0.431771894093686, 0.431771894093686, 0.431771894093686, 0.333333333333333, 
0.333333333333333, 0.333333333333333, 0.333333333333333, 0.333333333333333, 
0.333333333333333, 0.333333333333333, 0.333333333333333, 0.333333333333333, 
0.333333333333333, 0.333333333333333, 0.333333333333333, 0.333333333333333, 
0.333333333333333, 0.333333333333333, 0.333333333333333, 0.333333333333333, 
0.333333333333333, 0.333333333333333, 0.333333333333333, 0.333333333333333, 
0.333333333333333, 0.333333333333333, 0.333333333333333, 0.333333333333333, 
0.333333333333333, 0.333333333333333, 0.333333333333333, 0.333333333333333, 
0.333333333333333, 0.333333333333333, 0.333333333333333, 0.333333333333333, 
0.333333333333333, 0.333333333333333, 0.333333333333333, 0.333333333333333, 
0.333333333333333, 0.333333333333333, 0.333333333333333, 0.0948183721719954, 
0.0948183721719954, 0.0948183721719954, 0.0948183721719954, 0.0948183721719954, 
0.0948183721719954, 0.0948183721719954, 0.0948183721719954, 0.0948183721719954, 
0.0948183721719954, 0.0929157480566225, 0.0929157480566225, 0.0929157480566225, 
0.0929157480566225, 0.0929157480566225, 0.0929157480566225, 0.0929157480566225, 
0.0929157480566225, 0.0929157480566225, 0.0929157480566225, 0.0958841743500005, 
0.0958841743500005, 0.0958841743500005, 0.0958841743500005, 0.0958841743500005, 
0.0958841743500005, 0.0958841743500005, 0.0958841743500005, 0.0958841743500005, 
0.0958841743500005, 0.10313492253868, 0.10313492253868, 0.10313492253868, 
0.10313492253868, 0.10313492253868, 0.10313492253868, 0.10313492253868, 
0.10313492253868, 0.10313492253868, 0.10313492253868, 0.70219596725727, 
0.702874836423492, 0.691341631936106, 0.70007461549753, 0.702169227063598, 
0.701771923978979, 0.689757564814613, 0.696542421228034, 0.695176356994551, 
0.693448413192562, 0.701305766081937, 0.688030825878317, 0.680511780604417, 
