tmp <-
structure(c(13, 13, 13, 13, 13, 13, 13, 13, 13, 13, 13, 13, 13, 
13, 13, 13, 13, 13, 13, 13, 13, 13, 13, 13, 13, 13, 13, 13, 13, 
13, 13, 13, 13, 13, 13, 13, 13, 13, 13, 13, 21, 21, 21, 21, 21, 
21, 21, 21, 21, 21, 21, 21, 21, 21, 21, 21, 21, 21, 21, 21, 21, 
21, 21, 21, 21, 21, 21, 21, 21, 21, 21, 21, 21, 21, 21, 21, 21, 
21, 21, 21, 20, 20, 20, 20, 20, 20, 20, 20, 20, 20, 20, 20, 20, 
20, 20, 20, 20, 20, 20, 20, 20, 20, 20, 20, 20, 20, 20, 20, 20, 
20, 20, 20, 20, 20, 20, 20, 20, 20, 20, 20, 1, 1, 1, 1, 1, 1, 
1, 1, 1, 1, 1, 1, 1, 1, 1, 1, 1, 1, 1, 1, 1, 1, 1, 1, 1, 1, 1, 
1, 1, 1, 1, 1, 1, 1, 1, 1, 1, 1, 1, 1, 485, 485, 485, 485, 485, 
485, 485, 485, 485, 485, 485, 485, 485, 485, 485, 485, 485, 485, 
485, 485, 485, 485, 485, 485, 485, 485, 485, 485, 485, 485, 485, 
485, 485, 485, 485, 485, 485, 485, 485, 485, 0.0432989690721649, 
0.0432989690721649, 0.0432989690721649, 0.0432989690721649, 0.0432989690721649, 
0.0432989690721649, 0.0432989690721649, 0.0432989690721649, 0.0432989690721649, 
0.0432989690721649, 0.0432989690721649, 0.0432989690721649, 0.0432989690721649, 
0.0432989690721649, 0.0432989690721649, 0.0432989690721649, 0.0432989690721649, 
0.0432989690721649, 0.0432989690721649, 0.0432989690721649, 0.0432989690721649, 
0.0432989690721649, 0.0432989690721649, 0.0432989690721649, 0.0432989690721649, 
0.0432989690721649, 0.0432989690721649, 0.0432989690721649, 0.0432989690721649, 
0.0432989690721649, 0.0432989690721649, 0.0432989690721649, 0.0432989690721649, 
0.0432989690721649, 0.0432989690721649, 0.0432989690721649, 0.0432989690721649, 
0.0432989690721649, 0.0432989690721649, 0.0432989690721649, 0.952380952380952, 
0.952380952380952, 0.952380952380952, 0.952380952380952, 0.952380952380952, 
0.952380952380952, 0.952380952380952, 0.952380952380952, 0.952380952380952, 
0.952380952380952, 0.952380952380952, 0.952380952380952, 0.952380952380952, 
0.952380952380952, 0.952380952380952, 0.952380952380952, 0.952380952380952, 
0.952380952380952, 0.952380952380952, 0.952380952380952, 0.952380952380952, 
0.952380952380952, 0.952380952380952, 0.952380952380952, 0.952380952380952, 
0.952380952380952, 0.952380952380952, 0.952380952380952, 0.952380952380952, 
0.952380952380952, 0.952380952380952, 0.952380952380952, 0.952380952380952, 
0.952380952380952, 0.952380952380952, 0.952380952380952, 0.952380952380952, 
0.952380952380952, 0.952380952380952, 0.952380952380952, 0.0476190476190476, 
0.0476190476190476, 0.0476190476190476, 0.0476190476190476, 0.0476190476190476, 
0.0476190476190476, 0.0476190476190476, 0.0476190476190476, 0.0476190476190476, 
0.0476190476190476, 0.0476190476190476, 0.0476190476190476, 0.0476190476190476, 
0.0476190476190476, 0.0476190476190476, 0.0476190476190476, 0.0476190476190476, 
0.0476190476190476, 0.0476190476190476, 0.0476190476190476, 0.0476190476190476, 
0.0476190476190476, 0.0476190476190476, 0.0476190476190476, 0.0476190476190476, 
0.0476190476190476, 0.0476190476190476, 0.0476190476190476, 0.0476190476190476, 
0.0476190476190476, 0.0476190476190476, 0.0476190476190476, 0.0476190476190476, 
0.0476190476190476, 0.0476190476190476, 0.0476190476190476, 0.0476190476190476, 
0.0476190476190476, 0.0476190476190476, 0.0476190476190476, 13, 
13, 13, 13, 13, 13, 13, 13, 13, 13, 13, 13, 13, 13, 13, 13, 13, 
13, 13, 13, 13, 13, 13, 13, 13, 13, 13, 13, 13, 13, 13, 13, 13, 
13, 13, 13, 13, 13, 13, 13, 15, 15, 15, 15, 15, 15, 15, 15, 15, 
15, 15, 15, 15, 15, 15, 15, 15, 15, 15, 15, 15, 15, 15, 15, 15, 
15, 15, 15, 15, 15, 15, 15, 15, 15, 15, 15, 15, 15, 15, 15, 14, 
14, 14, 14, 14, 14, 14, 14, 14, 14, 14, 14, 14, 14, 14, 14, 14, 
14, 14, 14, 14, 14, 14, 14, 14, 14, 14, 14, 14, 14, 14, 14, 14, 
14, 14, 14, 14, 14, 14, 14, 1.4142135623731, 1.4142135623731, 
1.4142135623731, 1.4142135623731, 1.4142135623731, 1.4142135623731, 
1.4142135623731, 1.4142135623731, 1.4142135623731, 1.4142135623731, 
1.4142135623731, 1.4142135623731, 1.4142135623731, 1.4142135623731, 
1.4142135623731, 1.4142135623731, 1.4142135623731, 1.4142135623731, 
1.4142135623731, 1.4142135623731, 1.4142135623731, 1.4142135623731, 
1.4142135623731, 1.4142135623731, 1.4142135623731, 1.4142135623731, 
1.4142135623731, 1.4142135623731, 1.4142135623731, 1.4142135623731, 
1.4142135623731, 1.4142135623731, 1.4142135623731, 1.4142135623731, 
1.4142135623731, 1.4142135623731, 1.4142135623731, 1.4142135623731, 
1.4142135623731, 1.4142135623731, 28, 28, 28, 28, 28, 28, 28, 
28, 28, 28, 28, 28, 28, 28, 28, 28, 28, 28, 28, 28, 28, 28, 28, 
28, 28, 28, 28, 28, 28, 28, 28, 28, 28, 28, 28, 28, 28, 28, 28, 
28, 0.0350515463917526, 0.0350515463917526, 0.0350515463917526, 
0.0350515463917526, 0.0350515463917526, 0.0350515463917526, 0.0350515463917526, 
0.0350515463917526, 0.0350515463917526, 0.0350515463917526, 0.0350515463917526, 
0.0350515463917526, 0.0350515463917526, 0.0350515463917526, 0.0350515463917526, 
0.0350515463917526, 0.0350515463917526, 0.0350515463917526, 0.0350515463917526, 
0.0350515463917526, 0.0350515463917526, 0.0350515463917526, 0.0350515463917526, 
0.0350515463917526, 0.0350515463917526, 0.0350515463917526, 0.0350515463917526, 
0.0350515463917526, 0.0350515463917526, 0.0350515463917526, 0.0350515463917526, 
0.0350515463917526, 0.0350515463917526, 0.0350515463917526, 0.0350515463917526, 
0.0350515463917526, 0.0350515463917526, 0.0350515463917526, 0.0350515463917526, 
0.0350515463917526, 0.162886597938144, 0.162886597938144, 0.162886597938144, 
0.162886597938144, 0.162886597938144, 0.162886597938144, 0.162886597938144, 
0.162886597938144, 0.162886597938144, 0.162886597938144, 0.171134020618557, 
0.171134020618557, 0.171134020618557, 0.171134020618557, 0.171134020618557, 
0.171134020618557, 0.171134020618557, 0.171134020618557, 0.171134020618557, 
0.171134020618557, 0.179381443298969, 0.179381443298969, 0.179381443298969, 
0.179381443298969, 0.179381443298969, 0.179381443298969, 0.179381443298969, 
0.179381443298969, 0.179381443298969, 0.179381443298969, 0.187628865979381, 
0.187628865979381, 0.187628865979381, 0.187628865979381, 0.187628865979381, 
0.187628865979381, 0.187628865979381, 0.187628865979381, 0.187628865979381, 
0.187628865979381, 0.0769230769230769, 0.0769230769230769, 0.0769230769230769, 
0.0769230769230769, 0.0769230769230769, 0.0769230769230769, 0.0769230769230769, 
0.0769230769230769, 0.0769230769230769, 0.0769230769230769, 0.0769230769230769, 
0.0769230769230769, 0.0769230769230769, 0.0769230769230769, 0.0769230769230769, 
0.0769230769230769, 0.0769230769230769, 0.0769230769230769, 0.0769230769230769, 
0.0769230769230769, 0.0769230769230769, 0.0769230769230769, 0.0769230769230769, 
0.0769230769230769, 0.0769230769230769, 0.0769230769230769, 0.0769230769230769, 
0.0769230769230769, 0.0769230769230769, 0.0769230769230769, 0.0769230769230769, 
0.0769230769230769, 0.0769230769230769, 0.0769230769230769, 0.0769230769230769, 
0.0769230769230769, 0.0769230769230769, 0.0769230769230769, 0.0769230769230769, 
0.0769230769230769, 0.0410854997690243, 0.0410854997690243, 0.0410854997690243, 
0.0410854997690243, 0.0410854997690243, 0.0410854997690243, 0.0410854997690243, 
0.0410854997690243, 0.0410854997690243, 0.0410854997690243, 0.0413262320125777, 
0.0413262320125777, 0.0413262320125777, 0.0413262320125777, 0.0413262320125777, 
0.0413262320125777, 0.0413262320125777, 0.0413262320125777, 0.0413262320125777, 
0.0413262320125777, 0.0418374227265586, 0.0418374227265586, 0.0418374227265586, 
0.0418374227265586, 0.0418374227265586, 0.0418374227265586, 0.0418374227265586, 
0.0418374227265586, 0.0418374227265586, 0.0418374227265586, 0.0426093388284844, 
0.0426093388284844, 0.0426093388284844, 0.0426093388284844, 0.0426093388284844, 
0.0426093388284844, 0.0426093388284844, 0.0426093388284844, 0.0426093388284844, 
0.0426093388284844, 0.776161814862292, 0.782016671843236, 0.7687951112092, 
0.773800086723458, 0.774708332468213, 0.777032123802763, 0.778421380010208, 
0.77572835580665, 0.774789601863136, 0.776840920776708, 0.772840352953897, 
