tmp <-
structure(c(2, 2, 2, 2, 2, 2, 2, 2, 2, 2, 2, 2, 2, 2, 2, 2, 2, 
2, 2, 2, 2, 2, 2, 2, 2, 2, 2, 2, 2, 2, 2, 2, 2, 2, 2, 2, 2, 2, 
2, 2, 60, 60, 60, 60, 60, 60, 60, 60, 60, 60, 60, 60, 60, 60, 
60, 60, 60, 60, 60, 60, 60, 60, 60, 60, 60, 60, 60, 60, 60, 60, 
60, 60, 60, 60, 60, 60, 60, 60, 60, 60, 60, 60, 60, 60, 60, 60, 
60, 60, 60, 60, 60, 60, 60, 60, 60, 60, 60, 60, 60, 60, 60, 60, 
60, 60, 60, 60, 60, 60, 60, 60, 60, 60, 60, 60, 60, 60, 60, 60, 
60, 60, 0, 0, 0, 0, 0, 0, 0, 0, 0, 0, 0, 0, 0, 0, 0, 0, 0, 0, 
0, 0, 0, 0, 0, 0, 0, 0, 0, 0, 0, 0, 0, 0, 0, 0, 0, 0, 0, 0, 0, 
0, 208, 208, 208, 208, 208, 208, 208, 208, 208, 208, 208, 208, 
208, 208, 208, 208, 208, 208, 208, 208, 208, 208, 208, 208, 208, 
208, 208, 208, 208, 208, 208, 208, 208, 208, 208, 208, 208, 208, 
208, 208, 0.288461538461538, 0.288461538461538, 0.288461538461538, 
0.288461538461538, 0.288461538461538, 0.288461538461538, 0.288461538461538, 
0.288461538461538, 0.288461538461538, 0.288461538461538, 0.288461538461538, 
0.288461538461538, 0.288461538461538, 0.288461538461538, 0.288461538461538, 
0.288461538461538, 0.288461538461538, 0.288461538461538, 0.288461538461538, 
0.288461538461538, 0.288461538461538, 0.288461538461538, 0.288461538461538, 
0.288461538461538, 0.288461538461538, 0.288461538461538, 0.288461538461538, 
0.288461538461538, 0.288461538461538, 0.288461538461538, 0.288461538461538, 
0.288461538461538, 0.288461538461538, 0.288461538461538, 0.288461538461538, 
0.288461538461538, 0.288461538461538, 0.288461538461538, 0.288461538461538, 
0.288461538461538, 1, 1, 1, 1, 1, 1, 1, 1, 1, 1, 1, 1, 1, 1, 
1, 1, 1, 1, 1, 1, 1, 1, 1, 1, 1, 1, 1, 1, 1, 1, 1, 1, 1, 1, 1, 
1, 1, 1, 1, 1, 0, 0, 0, 0, 0, 0, 0, 0, 0, 0, 0, 0, 0, 0, 0, 0, 
0, 0, 0, 0, 0, 0, 0, 0, 0, 0, 0, 0, 0, 0, 0, 0, 0, 0, 0, 0, 0, 
0, 0, 0, 2, 2, 2, 2, 2, 2, 2, 2, 2, 2, 2, 2, 2, 2, 2, 2, 2, 2, 
2, 2, 2, 2, 2, 2, 2, 2, 2, 2, 2, 2, 2, 2, 2, 2, 2, 2, 2, 2, 2, 
2, 2, 2, 2, 2, 2, 2, 2, 2, 2, 2, 2, 2, 2, 2, 2, 2, 2, 2, 2, 2, 
2, 2, 2, 2, 2, 2, 2, 2, 2, 2, 2, 2, 2, 2, 2, 2, 2, 2, 2, 2, 2, 
2, 2, 2, 2, 2, 2, 2, 2, 2, 2, 2, 2, 2, 2, 2, 2, 2, 2, 2, 2, 2, 
2, 2, 2, 2, 2, 2, 2, 2, 2, 2, 2, 2, 2, 2, 2, 2, 2, 2, 0, 0, 0, 
0, 0, 0, 0, 0, 0, 0, 0, 0, 0, 0, 0, 0, 0, 0, 0, 0, 0, 0, 0, 0, 
0, 0, 0, 0, 0, 0, 0, 0, 0, 0, 0, 0, 0, 0, 0, 0, 2, 2, 2, 2, 2, 
2, 2, 2, 2, 2, 2, 2, 2, 2, 2, 2, 2, 2, 2, 2, 2, 2, 2, 2, 2, 2, 
2, 2, 2, 2, 2, 2, 2, 2, 2, 2, 2, 2, 2, 2, 0.490384615384615, 
0.490384615384615, 0.490384615384615, 0.490384615384615, 0.490384615384615, 
0.490384615384615, 0.490384615384615, 0.490384615384615, 0.490384615384615, 
0.490384615384615, 0.480769230769231, 0.480769230769231, 0.480769230769231, 
0.480769230769231, 0.480769230769231, 0.480769230769231, 0.480769230769231, 
0.480769230769231, 0.480769230769231, 0.480769230769231, 0.456730769230769, 
0.456730769230769, 0.456730769230769, 0.456730769230769, 0.456730769230769, 
0.456730769230769, 0.456730769230769, 0.456730769230769, 0.456730769230769, 
0.456730769230769, 0.427884615384615, 0.427884615384615, 0.427884615384615, 
0.427884615384615, 0.427884615384615, 0.427884615384615, 0.427884615384615, 
0.427884615384615, 0.427884615384615, 0.427884615384615, 0.509615384615385, 
0.509615384615385, 0.509615384615385, 0.509615384615385, 0.509615384615385, 
0.509615384615385, 0.509615384615385, 0.509615384615385, 0.509615384615385, 
0.509615384615385, 0.519230769230769, 0.519230769230769, 0.519230769230769, 
0.519230769230769, 0.519230769230769, 0.519230769230769, 0.519230769230769, 
0.519230769230769, 0.519230769230769, 0.519230769230769, 0.543269230769231, 
0.543269230769231, 0.543269230769231, 0.543269230769231, 0.543269230769231, 
0.543269230769231, 0.543269230769231, 0.543269230769231, 0.543269230769231, 
0.543269230769231, 0.572115384615385, 0.572115384615385, 0.572115384615385, 
0.572115384615385, 0.572115384615385, 0.572115384615385, 0.572115384615385, 
0.572115384615385, 0.572115384615385, 0.572115384615385, 0.5, 
0.5, 0.5, 0.5, 0.5, 0.5, 0.5, 0.5, 0.5, 0.5, 0.5, 0.5, 0.5, 0.5, 
0.5, 0.5, 0.5, 0.5, 0.5, 0.5, 0.5, 0.5, 0.5, 0.5, 0.5, 0.5, 0.5, 
0.5, 0.5, 0.5, 0.5, 0.5, 0.5, 0.5, 0.5, 0.5, 0.5, 0.5, 0.5, 0.5, 
0.0135982073305105, 0.0135982073305105, 0.0135982073305105, 0.0135982073305105, 
0.0135982073305105, 0.0135982073305105, 0.0135982073305105, 0.0135982073305105, 
0.0135982073305105, 0.0135982073305105, 0.0271964146610211, 0.0271964146610211, 
0.0271964146610211, 0.0271964146610211, 0.0271964146610211, 0.0271964146610211, 
0.0271964146610211, 0.0271964146610211, 0.0271964146610211, 0.0271964146610211, 
0.0611919329872974, 0.0611919329872974, 0.0611919329872974, 0.0611919329872974, 
0.0611919329872974, 0.0611919329872974, 0.0611919329872974, 0.0611919329872974, 
0.0611919329872974, 0.0611919329872974, 0.101986554978829, 0.101986554978829, 
0.101986554978829, 0.101986554978829, 0.101986554978829, 0.101986554978829, 
0.101986554978829, 0.101986554978829, 0.101986554978829, 0.101986554978829, 
1.08291385660242, 1.0649868468091, 1.06133953112131, 1.08818123984966, 
1.09469628950274, 1.08924984261664, 1.07765332428479, 1.09090997936534, 
1.09786364734035, 1.07411211542732, 1.06310895970457, 1.07621599026438, 
1.10635960421085, 1.05180086018201, 1.11877192774722, 1.0997227328772, 
1.08522961863219, 1.06869488834944, 1.08058396974148, 1.08277944808519, 
1.05203824111884, 1.09881925079302, 1.10293784300703, 1.06118390132651, 
1.07423978247484, 1.0763141214685, 1.07254400059459, 1.09052213898755, 
1.05653686074631, 1.07575341368113, 1.06332574372915, 1.05019258346262, 
1.06995277402021, 1.07331037857199, 1.06318824837998, 1.06169515809698, 
1.05372024330422, 1.07026800600017, 1.09467090537206, 1.07694746641629, 
1.08291385660242, 1.0649868468091, 1.06133953112131, 1.08818123984966, 
1.09469628950274, 1.08924984261664, 1.07765332428479, 1.09090997936534, 
1.09786364734035, 1.07411211542732, 1.06310895970457, 1.07621599026438, 
1.10635960421085, 1.05180086018201, 1.11877192774722, 1.0997227328772, 
1.08522961863219, 1.06869488834944, 1.08058396974148, 1.08277944808519, 
1.05203824111884, 1.09881925079302, 1.10293784300703, 1.06118390132651, 
1.07423978247484, 1.0763141214685, 1.07254400059459, 1.09052213898755, 
1.05653686074631, 1.07575341368113, 1.06332574372915, 1.05019258346262, 
1.06995277402021, 1.07331037857199, 1.06318824837998, 1.06169515809698, 
1.05372024330422, 1.07026800600017, 1.09467090537206, 1.07694746641629, 
4.66678101127993, 4.59192542697877, 4.58845118866036, 4.68397012886941, 
4.77697778576312, 4.71505787391642, 4.6670714791866, 4.70245138688523, 
4.78145698917037, 4.62639097337794, 4.56093533212254, 4.63845250851339, 
4.8885526775453, 4.48472491114784, 4.89287742157755, 4.74903442654033, 
4.63677826160563, 4.59064482418277, 4.64847963699913, 4.6654932627688, 
4.49714307789942, 4.89221855872681, 5.01968902557229, 4.53697347977806, 
4.6310115379449, 4.6168763673578, 4.5978992233639, 4.76153870033178, 
4.50565606511347, 4.63073129168594, 4.5246105527995, 4.5016031950612, 
4.60484309140503, 4.60021997507331, 4.50709577620254, 4.48691958339102, 
4.52782648305364, 4.61939125281011, 4.82699132835865, 4.61155945929623, 
4.66678101127993, 4.59192542697877, 4.58845118866036, 4.68397012886941, 
4.77697778576312, 4.71505787391642, 4.6670714791866, 4.70245138688523, 
4.78145698917037, 4.62639097337795, 4.56093533212254, 4.63845250851339, 
4.8885526775453, 4.48472491114784, 4.89287742157755, 4.74903442654033, 
4.63677826160563, 4.59064482418277, 4.64847963699913, 4.6654932627688, 
4.49714307789942, 4.89221855872681, 5.0196890255723, 4.53697347977806, 
4.6310115379449, 4.6168763673578, 4.5978992233639, 4.76153870033178, 
4.50565606511347, 4.63073129168594, 4.5246105527995, 4.5016031950612, 
4.60484309140503, 4.60021997507332, 4.50709577620254, 4.48691958339102, 
4.52782648305364, 4.61939125281011, 4.82699132835865, 4.61155945929623, 
0.239273508431413, 0.238090052366757, 0.235498508546154, 0.238439778900614, 
