tmp <-
structure(c(2, 2, 2, 2, 2, 2, 2, 2, 2, 2, 2, 2, 2, 2, 2, 2, 2, 
2, 2, 2, 2, 2, 2, 2, 2, 2, 2, 2, 2, 2, 2, 2, 2, 2, 2, 2, 2, 2, 
2, 2, 5, 5, 5, 5, 5, 5, 5, 5, 5, 5, 5, 5, 5, 5, 5, 5, 5, 5, 5, 
5, 5, 5, 5, 5, 5, 5, 5, 5, 5, 5, 5, 5, 5, 5, 5, 5, 5, 5, 5, 5, 
5, 5, 5, 5, 5, 5, 5, 5, 5, 5, 5, 5, 5, 5, 5, 5, 5, 5, 5, 5, 5, 
5, 5, 5, 5, 5, 5, 5, 5, 5, 5, 5, 5, 5, 5, 5, 5, 5, 5, 5, 0, 0, 
0, 0, 0, 0, 0, 0, 0, 0, 0, 0, 0, 0, 0, 0, 0, 0, 0, 0, 0, 0, 0, 
0, 0, 0, 0, 0, 0, 0, 0, 0, 0, 0, 0, 0, 0, 0, 0, 0, 200, 200, 
200, 200, 200, 200, 200, 200, 200, 200, 200, 200, 200, 200, 200, 
200, 200, 200, 200, 200, 200, 200, 200, 200, 200, 200, 200, 200, 
200, 200, 200, 200, 200, 200, 200, 200, 200, 200, 200, 200, 0.025, 
0.025, 0.025, 0.025, 0.025, 0.025, 0.025, 0.025, 0.025, 0.025, 
0.025, 0.025, 0.025, 0.025, 0.025, 0.025, 0.025, 0.025, 0.025, 
0.025, 0.025, 0.025, 0.025, 0.025, 0.025, 0.025, 0.025, 0.025, 
0.025, 0.025, 0.025, 0.025, 0.025, 0.025, 0.025, 0.025, 0.025, 
0.025, 0.025, 0.025, 1, 1, 1, 1, 1, 1, 1, 1, 1, 1, 1, 1, 1, 1, 
1, 1, 1, 1, 1, 1, 1, 1, 1, 1, 1, 1, 1, 1, 1, 1, 1, 1, 1, 1, 1, 
1, 1, 1, 1, 1, 0, 0, 0, 0, 0, 0, 0, 0, 0, 0, 0, 0, 0, 0, 0, 0, 
0, 0, 0, 0, 0, 0, 0, 0, 0, 0, 0, 0, 0, 0, 0, 0, 0, 0, 0, 0, 0, 
0, 0, 0, 2, 2, 2, 2, 2, 2, 2, 2, 2, 2, 2, 2, 2, 2, 2, 2, 2, 2, 
2, 2, 2, 2, 2, 2, 2, 2, 2, 2, 2, 2, 2, 2, 2, 2, 2, 2, 2, 2, 2, 
2, 2, 2, 2, 2, 2, 2, 2, 2, 2, 2, 2, 2, 2, 2, 2, 2, 2, 2, 2, 2, 
2, 2, 2, 2, 2, 2, 2, 2, 2, 2, 2, 2, 2, 2, 2, 2, 2, 2, 2, 2, 2, 
2, 2, 2, 2, 2, 2, 2, 2, 2, 2, 2, 2, 2, 2, 2, 2, 2, 2, 2, 2, 2, 
2, 2, 2, 2, 2, 2, 2, 2, 2, 2, 2, 2, 2, 2, 2, 2, 2, 2, 0, 0, 0, 
0, 0, 0, 0, 0, 0, 0, 0, 0, 0, 0, 0, 0, 0, 0, 0, 0, 0, 0, 0, 0, 
0, 0, 0, 0, 0, 0, 0, 0, 0, 0, 0, 0, 0, 0, 0, 0, 2, 2, 2, 2, 2, 
2, 2, 2, 2, 2, 2, 2, 2, 2, 2, 2, 2, 2, 2, 2, 2, 2, 2, 2, 2, 2, 
2, 2, 2, 2, 2, 2, 2, 2, 2, 2, 2, 2, 2, 2, 0.475, 0.475, 0.475, 
0.475, 0.475, 0.475, 0.475, 0.475, 0.475, 0.475, 0.45, 0.45, 
0.45, 0.45, 0.45, 0.45, 0.45, 0.45, 0.45, 0.45, 0.425, 0.425, 
0.425, 0.425, 0.425, 0.425, 0.425, 0.425, 0.425, 0.425, 0.4, 
0.4, 0.4, 0.4, 0.4, 0.4, 0.4, 0.4, 0.4, 0.4, 0.525, 0.525, 0.525, 
0.525, 0.525, 0.525, 0.525, 0.525, 0.525, 0.525, 0.55, 0.55, 
0.55, 0.55, 0.55, 0.55, 0.55, 0.55, 0.55, 0.55, 0.575, 0.575, 
0.575, 0.575, 0.575, 0.575, 0.575, 0.575, 0.575, 0.575, 0.6, 
0.6, 0.6, 0.6, 0.6, 0.6, 0.6, 0.6, 0.6, 0.6, 0.5, 0.5, 0.5, 0.5, 
0.5, 0.5, 0.5, 0.5, 0.5, 0.5, 0.5, 0.5, 0.5, 0.5, 0.5, 0.5, 0.5, 
0.5, 0.5, 0.5, 0.5, 0.5, 0.5, 0.5, 0.5, 0.5, 0.5, 0.5, 0.5, 0.5, 
0.5, 0.5, 0.5, 0.5, 0.5, 0.5, 0.5, 0.5, 0.5, 0.5, 0.0353553390593274, 
0.0353553390593274, 0.0353553390593274, 0.0353553390593274, 0.0353553390593274, 
0.0353553390593274, 0.0353553390593274, 0.0353553390593274, 0.0353553390593274, 
0.0353553390593274, 0.0707106781186548, 0.0707106781186548, 0.0707106781186548, 
0.0707106781186548, 0.0707106781186548, 0.0707106781186548, 0.0707106781186548, 
0.0707106781186548, 0.0707106781186548, 0.0707106781186548, 0.106066017177982, 
0.106066017177982, 0.106066017177982, 0.106066017177982, 0.106066017177982, 
0.106066017177982, 0.106066017177982, 0.106066017177982, 0.106066017177982, 
0.106066017177982, 0.141421356237309, 0.141421356237309, 0.141421356237309, 
0.141421356237309, 0.141421356237309, 0.141421356237309, 0.141421356237309, 
0.141421356237309, 0.141421356237309, 0.141421356237309, 0.0842545298638832, 
0.0920051596430476, 0.0863156899951419, 0.0959537568696906, 0.0848848621548738, 
0.0889347263100549, 0.088282870503885, 0.0933785104838537, 0.0903151618022289, 
0.101147268260386, 0.0941135835346461, 0.0955791931159817, 0.0942289800845206, 
0.0877667264271667, 0.0926129020511288, 0.0886788605944352, 0.0866170174345623, 
0.0848550472882071, 0.0889427752040788, 0.0907164511689676, 0.139691338630543, 
0.0868723308133885, 0.073661007000735, 0.0941012254716455, 0.133171679067297, 
0.110204362253989, 0.0780192107346633, 0.100758292440228, 0.0827654184772103, 
0.0768058641712254, 0.0917040090014548, 0.0771721170519953, 0.0802187854120272, 
0.101412343736192, 0.0721390820687085, 0.0732811772077888, 0.0708858952106785, 
0.0770432056131655, 0.0844671739664858, 0.0904208809667299, 0.0842545298638834, 
0.0920051596430476, 0.0863156899951417, 0.0959537568696905, 0.0848848621548739, 
0.0889347263100548, 0.0882828705038853, 0.0933785104838533, 0.0903151618022282, 
0.101147268260385, 0.0941135835346458, 0.0955791931159819, 0.0942289800845205, 
0.0877667264271666, 0.0926129020511291, 0.0886788605944352, 0.0866170174345622, 
0.0848550472882071, 0.0889427752040791, 0.0907164511689673, 0.139691338630543, 
0.0868723308133883, 0.0736610070007352, 0.094101225471645, 0.133171679067296, 
0.110204362253989, 0.0780192107346632, 0.100758292440228, 0.0827654184772105, 
0.0768058641712251, 0.0917040090014548, 0.0771721170519956, 0.0802187854120273, 
0.101412343736192, 0.0721390820687082, 0.0732811772077887, 0.0708858952106785, 
0.0770432056131655, 0.0844671739664859, 0.0904208809667297, 2.43035937982806, 
2.45671252082002, 2.43049572340467, 2.44420699214742, 2.42977673799756, 
2.4257804264502, 2.43204310806058, 2.42806605723411, 2.44153828625889, 
2.44723783378759, 2.42143229648775, 2.46817573726985, 2.40940514536008, 
2.43882781605658, 2.42900304553323, 2.44731264441193, 2.42617971373003, 
2.44679713870494, 2.43113922714781, 2.46245875578061, 2.48970495908233, 
2.41063256279359, 2.47849698623963, 2.45553637037291, 2.45372603096994, 
2.44051131629287, 2.42859954802754, 2.45722153952667, 2.44493685594799, 
2.46058121199939, 2.42220104963893, 2.46131909038878, 2.42905542417469, 
2.42721627598081, 2.41852762904108, 2.43951720280631, 2.41866754647997, 
2.40898133524503, 2.40050921900867, 2.43650002402305, 2.43035937982806, 
2.45671252082002, 2.43049572340467, 2.44420699214742, 2.42977673799756, 
2.4257804264502, 2.43204310806058, 2.42806605723411, 2.44153828625889, 
2.44723783378759, 2.42143229648775, 2.46817573726985, 2.40940514536008, 
2.43882781605658, 2.42900304553323, 2.44731264441193, 2.42617971373003, 
2.44679713870494, 2.43113922714781, 2.46245875578061, 2.48970495908233, 
2.41063256279359, 2.47849698623963, 2.45553637037291, 2.45372603096994, 
2.44051131629287, 2.42859954802754, 2.45722153952667, 2.44493685594799, 
2.46058121199939, 2.42220104963893, 2.46131909038878, 2.42905542417469, 
2.42721627598081, 2.41852762904107, 2.43951720280631, 2.41866754647997, 
2.40898133524503, 2.40050921900867, 2.43650002402305, 0.975640945758438, 
0.974343933057599, 0.977075511713925, 0.976680225164071, 0.97634418489849, 
0.977059611069293, 0.976517515232953, 0.978208250466187, 0.976096393517752, 
0.976454383585513, 0.975342752880045, 0.97295274384102, 0.975414924717321, 
0.975177760815528, 0.974223589828684, 0.9720891492271, 0.972471613033752, 
0.97388686993908, 0.975565937948238, 0.973534811046223, 0.973947800934061, 
0.973053699486461, 0.969758409594902, 0.97130730003893, 0.972607774375196, 
0.971959414067689, 0.972934589708132, 0.97328709940171, 0.97170662168829, 
0.970860126527554, 0.970504889087688, 0.970115665521263, 0.972445584090728, 
0.971338136887381, 0.97114442663419, 0.969833613329961, 0.96939061396762, 
0.973604013266889, 0.971135576613063, 0.971692701621299, 0.812305077639478, 
0.804600732506766, 0.834822711539847, 0.82350335870816, 0.822229760834948, 
0.828324573974756, 0.826367718947169, 0.844377280318519, 0.829065899626722, 
0.824445830651869, 0.801883584279885, 0.777812082024591, 0.792455519556113, 
0.78793082326883, 0.78813150871244, 0.765505918095341, 0.766205479107146, 
0.782049187202468, 0.800113443143616, 0.780393222560129, 0.787459025779468, 
0.746266049978988, 0.718664145470557, 0.739190350194375, 0.75214794291683, 
0.751611851696894, 0.760289695859432, 0.765518893180975, 0.741395982106016, 
0.730271066567262, 0.720842413744469, 0.705092167538854, 0.747674354735902, 
0.714039248923713, 0.725456438453591, 0.701675338497493, 0.687895760591254, 
0.754334822640021, 0.704905598322479, 0.718781743439844, 1, 1, 
