tmp <-
structure(c(5, 5, 5, 5, 5, 5, 5, 5, 5, 5, 5, 5, 5, 5, 5, 5, 5, 
5, 5, 5, 5, 5, 5, 5, 5, 5, 5, 5, 5, 5, 5, 5, 5, 5, 5, 5, 5, 5, 
5, 5, 79, 79, 79, 79, 79, 79, 79, 79, 79, 79, 79, 79, 79, 79, 
79, 79, 79, 79, 79, 79, 79, 79, 79, 79, 79, 79, 79, 79, 79, 79, 
79, 79, 79, 79, 79, 79, 79, 79, 79, 79, 79, 79, 79, 79, 79, 79, 
79, 79, 79, 79, 79, 79, 79, 79, 79, 79, 79, 79, 79, 79, 79, 79, 
79, 79, 79, 79, 79, 79, 79, 79, 79, 79, 79, 79, 79, 79, 79, 79, 
79, 79, 0, 0, 0, 0, 0, 0, 0, 0, 0, 0, 0, 0, 0, 0, 0, 0, 0, 0, 
0, 0, 0, 0, 0, 0, 0, 0, 0, 0, 0, 0, 0, 0, 0, 0, 0, 0, 0, 0, 0, 
0, 207, 207, 207, 207, 207, 207, 207, 207, 207, 207, 207, 207, 
207, 207, 207, 207, 207, 207, 207, 207, 207, 207, 207, 207, 207, 
207, 207, 207, 207, 207, 207, 207, 207, 207, 207, 207, 207, 207, 
207, 207, 0.381642512077295, 0.381642512077295, 0.381642512077295, 
0.381642512077295, 0.381642512077295, 0.381642512077295, 0.381642512077295, 
0.381642512077295, 0.381642512077295, 0.381642512077295, 0.381642512077295, 
0.381642512077295, 0.381642512077295, 0.381642512077295, 0.381642512077295, 
0.381642512077295, 0.381642512077295, 0.381642512077295, 0.381642512077295, 
0.381642512077295, 0.381642512077295, 0.381642512077295, 0.381642512077295, 
0.381642512077295, 0.381642512077295, 0.381642512077295, 0.381642512077295, 
0.381642512077295, 0.381642512077295, 0.381642512077295, 0.381642512077295, 
0.381642512077295, 0.381642512077295, 0.381642512077295, 0.381642512077295, 
0.381642512077295, 0.381642512077295, 0.381642512077295, 0.381642512077295, 
0.381642512077295, 1, 1, 1, 1, 1, 1, 1, 1, 1, 1, 1, 1, 1, 1, 
1, 1, 1, 1, 1, 1, 1, 1, 1, 1, 1, 1, 1, 1, 1, 1, 1, 1, 1, 1, 1, 
1, 1, 1, 1, 1, 0, 0, 0, 0, 0, 0, 0, 0, 0, 0, 0, 0, 0, 0, 0, 0, 
0, 0, 0, 0, 0, 0, 0, 0, 0, 0, 0, 0, 0, 0, 0, 0, 0, 0, 0, 0, 0, 
0, 0, 0, 5, 5, 5, 5, 5, 5, 5, 5, 5, 5, 5, 5, 5, 5, 5, 5, 5, 5, 
5, 5, 5, 5, 5, 5, 5, 5, 5, 5, 5, 5, 5, 5, 5, 5, 5, 5, 5, 5, 5, 
5, 5, 5, 5, 5, 5, 5, 5, 5, 5, 5, 5, 5, 5, 5, 5, 5, 5, 5, 5, 5, 
5, 5, 5, 5, 5, 5, 5, 5, 5, 5, 5, 5, 5, 5, 5, 5, 5, 5, 5, 5, 5, 
5, 5, 5, 5, 5, 5, 5, 5, 5, 5, 5, 5, 5, 5, 5, 5, 5, 5, 5, 5, 5, 
5, 5, 5, 5, 5, 5, 5, 5, 5, 5, 5, 5, 5, 5, 5, 5, 5, 5, 0, 0, 0, 
0, 0, 0, 0, 0, 0, 0, 0, 0, 0, 0, 0, 0, 0, 0, 0, 0, 0, 0, 0, 0, 
0, 0, 0, 0, 0, 0, 0, 0, 0, 0, 0, 0, 0, 0, 0, 0, 5, 5, 5, 5, 5, 
5, 5, 5, 5, 5, 5, 5, 5, 5, 5, 5, 5, 5, 5, 5, 5, 5, 5, 5, 5, 5, 
5, 5, 5, 5, 5, 5, 5, 5, 5, 5, 5, 5, 5, 5, 0.0531400966183575, 
0.0531400966183575, 0.0531400966183575, 0.0531400966183575, 0.0531400966183575, 
0.0531400966183575, 0.0531400966183575, 0.0531400966183575, 0.0531400966183575, 
0.0531400966183575, 0.0531400966183575, 0.0531400966183575, 0.0531400966183575, 
0.0531400966183575, 0.0531400966183575, 0.0531400966183575, 0.0531400966183575, 
0.0531400966183575, 0.0531400966183575, 0.0531400966183575, 0.0531400966183575, 
0.0531400966183575, 0.0531400966183575, 0.0531400966183575, 0.0531400966183575, 
0.0531400966183575, 0.0531400966183575, 0.0531400966183575, 0.0531400966183575, 
0.0531400966183575, 0.0531400966183575, 0.0531400966183575, 0.0531400966183575, 
0.0531400966183575, 0.0531400966183575, 0.0531400966183575, 0.0531400966183575, 
0.0531400966183575, 0.0531400966183575, 0.0531400966183575, 0.550724637681159, 
0.550724637681159, 0.550724637681159, 0.550724637681159, 0.550724637681159, 
0.550724637681159, 0.550724637681159, 0.550724637681159, 0.550724637681159, 
0.550724637681159, 0.521739130434783, 0.521739130434783, 0.521739130434783, 
0.521739130434783, 0.521739130434783, 0.521739130434783, 0.521739130434783, 
0.521739130434783, 0.521739130434783, 0.521739130434783, 0.492753623188406, 
0.492753623188406, 0.492753623188406, 0.492753623188406, 0.492753623188406, 
0.492753623188406, 0.492753623188406, 0.492753623188406, 0.492753623188406, 
0.492753623188406, 0.463768115942029, 0.463768115942029, 0.463768115942029, 
0.463768115942029, 0.463768115942029, 0.463768115942029, 0.463768115942029, 
0.463768115942029, 0.463768115942029, 0.463768115942029, 0.2, 
0.2, 0.2, 0.2, 0.2, 0.2, 0.2, 0.2, 0.2, 0.2, 0.2, 0.2, 0.2, 0.2, 
0.2, 0.2, 0.2, 0.2, 0.2, 0.2, 0.2, 0.2, 0.2, 0.2, 0.2, 0.2, 0.2, 
0.2, 0.2, 0.2, 0.2, 0.2, 0.2, 0.2, 0.2, 0.2, 0.2, 0.2, 0.2, 0.2, 
0.204291286247434, 0.204291286247434, 0.204291286247434, 0.204291286247434, 
0.204291286247434, 0.204291286247434, 0.204291286247434, 0.204291286247434, 
0.204291286247434, 0.204291286247434, 0.192468278859894, 0.192468278859894, 
0.192468278859894, 0.192468278859894, 0.192468278859894, 0.192468278859894, 
0.192468278859894, 0.192468278859894, 0.192468278859894, 0.192468278859894, 
0.182190303606636, 0.182190303606636, 0.182190303606636, 0.182190303606636, 
0.182190303606636, 0.182190303606636, 0.182190303606636, 0.182190303606636, 
0.182190303606636, 0.182190303606636, 0.173731789605693, 0.173731789605693, 
0.173731789605693, 0.173731789605693, 0.173731789605693, 0.173731789605693, 
0.173731789605693, 0.173731789605693, 0.173731789605693, 0.173731789605693, 
0.710526301665418, 0.706809988098654, 0.710255776874498, 0.718394899453602, 
0.710762112890548, 0.710885318702744, 0.71284441389692, 0.71434792173756, 
0.705318229154901, 0.713064396971465, 0.686291000295099, 0.691228344879275, 
0.682423456439719, 0.69228520264167, 0.695639709986058, 0.689519263855864, 
0.682953434092144, 0.688396079139506, 0.686850108671596, 0.690985469243141, 
0.678654435442053, 0.674512437604843, 0.680376414003972, 0.681692857240187, 
0.67284499693506, 0.674571545900153, 0.677644022162123, 0.679693679853061, 
0.676420360087947, 0.68578453532424, 0.671400659482971, 0.673084654250964, 
0.67478158316721, 0.667558742265479, 0.670570066640367, 0.663895740311775, 
0.668305641655323, 0.68194945838798, 0.677179335527193, 0.677234576262295, 
0.710526301665418, 0.706809988098654, 0.710255776874498, 0.718394899453602, 
0.710762112890548, 0.710885318702744, 0.71284441389692, 0.71434792173756, 
0.705318229154901, 0.713064396971465, 0.686291000295099, 0.691228344879275, 
0.682423456439719, 0.692285202641669, 0.695639709986058, 0.689519263855863, 
0.682953434092144, 0.688396079139506, 0.686850108671596, 0.690985469243141, 
0.678654435442053, 0.674512437604843, 0.680376414003972, 0.681692857240187, 
0.67284499693506, 0.674571545900153, 0.677644022162123, 0.679693679853061, 
0.676420360087947, 0.685784535324239, 0.671400659482971, 0.673084654250964, 
0.67478158316721, 0.667558742265479, 0.670570066640367, 0.663895740311775, 
0.668305641655323, 0.68194945838798, 0.677179335527193, 0.677234576262295, 
3.75139432912733, 3.72834082868321, 3.75248539389245, 3.79817888241236, 
3.75721623421348, 3.72240378514522, 3.73714088405244, 3.76497034161994, 
3.73053767243118, 3.75793742323809, 3.65916293540508, 3.69771084986055, 
3.61922760576486, 3.69646147622248, 3.71477311360189, 3.70955890766681, 
3.68886550908061, 3.66071012928371, 3.67320260564777, 3.69841494842299, 
3.71427764775027, 3.64653842603496, 3.67300242257293, 3.66403714757324, 
3.61587195317585, 3.6638195875417, 3.67484959661358, 3.6854617182777, 
3.67246713028201, 3.73741655617123, 3.67724790376041, 3.63977251190589, 
3.66080613731206, 3.63980423538737, 3.6821600817793, 3.62510611176682, 
3.68790812844876, 3.72648653411474, 3.65453011319389, 3.65429394533018, 
3.75139432912733, 3.72834082868321, 3.75248539389245, 3.79817888241236, 
3.75721623421348, 3.72240378514522, 3.73714088405244, 3.76497034161994, 
3.73053767243118, 3.75793742323809, 3.65916293540508, 3.69771084986055, 
3.61922760576486, 3.69646147622248, 3.71477311360189, 3.70955890766681, 
3.68886550908061, 3.66071012928371, 3.67320260564777, 3.69841494842299, 
3.71427764775027, 3.64653842603496, 3.67300242257293, 3.66403714757324, 
3.61587195317585, 3.6638195875417, 3.67484959661358, 3.6854617182777, 
3.67246713028201, 3.73741655617123, 3.67724790376041, 3.63977251190589, 
3.66080613731206, 3.63980423538737, 3.6821600817793, 3.62510611176682, 
3.68790812844876, 3.72648653411474, 3.65453011319389, 3.65429394533018, 
