tmp <-
structure(c(5, 5, 5, 5, 5, 5, 5, 5, 5, 5, 5, 5, 5, 5, 5, 5, 5, 
5, 5, 5, 5, 5, 5, 5, 5, 5, 5, 5, 5, 5, 5, 5, 5, 5, 5, 5, 5, 5, 
5, 5, 28, 28, 28, 28, 28, 28, 28, 28, 28, 28, 28, 28, 28, 28, 
28, 28, 28, 28, 28, 28, 28, 28, 28, 28, 28, 28, 28, 28, 28, 28, 
28, 28, 28, 28, 28, 28, 28, 28, 28, 28, 2, 2, 2, 2, 2, 2, 2, 
2, 2, 2, 2, 2, 2, 2, 2, 2, 2, 2, 2, 2, 2, 2, 2, 2, 2, 2, 2, 2, 
2, 2, 2, 2, 2, 2, 2, 2, 2, 2, 2, 2, 26, 26, 26, 26, 26, 26, 26, 
26, 26, 26, 26, 26, 26, 26, 26, 26, 26, 26, 26, 26, 26, 26, 26, 
26, 26, 26, 26, 26, 26, 26, 26, 26, 26, 26, 26, 26, 26, 26, 26, 
26, 178, 178, 178, 178, 178, 178, 178, 178, 178, 178, 178, 178, 
178, 178, 178, 178, 178, 178, 178, 178, 178, 178, 178, 178, 178, 
178, 178, 178, 178, 178, 178, 178, 178, 178, 178, 178, 178, 178, 
178, 178, 0.157303370786517, 0.157303370786517, 0.157303370786517, 
0.157303370786517, 0.157303370786517, 0.157303370786517, 0.157303370786517, 
0.157303370786517, 0.157303370786517, 0.157303370786517, 0.157303370786517, 
0.157303370786517, 0.157303370786517, 0.157303370786517, 0.157303370786517, 
0.157303370786517, 0.157303370786517, 0.157303370786517, 0.157303370786517, 
0.157303370786517, 0.157303370786517, 0.157303370786517, 0.157303370786517, 
0.157303370786517, 0.157303370786517, 0.157303370786517, 0.157303370786517, 
0.157303370786517, 0.157303370786517, 0.157303370786517, 0.157303370786517, 
0.157303370786517, 0.157303370786517, 0.157303370786517, 0.157303370786517, 
0.157303370786517, 0.157303370786517, 0.157303370786517, 0.157303370786517, 
0.157303370786517, 0.0714285714285714, 0.0714285714285714, 0.0714285714285714, 
0.0714285714285714, 0.0714285714285714, 0.0714285714285714, 0.0714285714285714, 
0.0714285714285714, 0.0714285714285714, 0.0714285714285714, 0.0714285714285714, 
0.0714285714285714, 0.0714285714285714, 0.0714285714285714, 0.0714285714285714, 
0.0714285714285714, 0.0714285714285714, 0.0714285714285714, 0.0714285714285714, 
0.0714285714285714, 0.0714285714285714, 0.0714285714285714, 0.0714285714285714, 
0.0714285714285714, 0.0714285714285714, 0.0714285714285714, 0.0714285714285714, 
0.0714285714285714, 0.0714285714285714, 0.0714285714285714, 0.0714285714285714, 
0.0714285714285714, 0.0714285714285714, 0.0714285714285714, 0.0714285714285714, 
0.0714285714285714, 0.0714285714285714, 0.0714285714285714, 0.0714285714285714, 
0.0714285714285714, 0.928571428571429, 0.928571428571429, 0.928571428571429, 
0.928571428571429, 0.928571428571429, 0.928571428571429, 0.928571428571429, 
0.928571428571429, 0.928571428571429, 0.928571428571429, 0.928571428571429, 
0.928571428571429, 0.928571428571429, 0.928571428571429, 0.928571428571429, 
0.928571428571429, 0.928571428571429, 0.928571428571429, 0.928571428571429, 
0.928571428571429, 0.928571428571429, 0.928571428571429, 0.928571428571429, 
0.928571428571429, 0.928571428571429, 0.928571428571429, 0.928571428571429, 
0.928571428571429, 0.928571428571429, 0.928571428571429, 0.928571428571429, 
0.928571428571429, 0.928571428571429, 0.928571428571429, 0.928571428571429, 
0.928571428571429, 0.928571428571429, 0.928571428571429, 0.928571428571429, 
0.928571428571429, 2, 2, 2, 2, 2, 2, 2, 2, 2, 2, 2, 2, 2, 2, 
2, 2, 2, 2, 2, 2, 2, 2, 2, 2, 2, 2, 2, 2, 2, 2, 2, 2, 2, 2, 2, 
2, 2, 2, 2, 2, 14, 14, 14, 14, 14, 14, 14, 14, 14, 14, 14, 14, 
14, 14, 14, 14, 14, 14, 14, 14, 14, 14, 14, 14, 14, 14, 14, 14, 
14, 14, 14, 14, 14, 14, 14, 14, 14, 14, 14, 14, 4.55555555555556, 
4.55555555555556, 4.55555555555556, 4.55555555555556, 4.55555555555556, 
4.55555555555556, 4.55555555555556, 4.55555555555556, 4.55555555555556, 
4.55555555555556, 4.55555555555556, 4.55555555555556, 4.55555555555556, 
4.55555555555556, 4.55555555555556, 4.55555555555556, 4.55555555555556, 
4.55555555555556, 4.55555555555556, 4.55555555555556, 4.55555555555556, 
4.55555555555556, 4.55555555555556, 4.55555555555556, 4.55555555555556, 
4.55555555555556, 4.55555555555556, 4.55555555555556, 4.55555555555556, 
4.55555555555556, 4.55555555555556, 4.55555555555556, 4.55555555555556, 
4.55555555555556, 4.55555555555556, 4.55555555555556, 4.55555555555556, 
4.55555555555556, 4.55555555555556, 4.55555555555556, 3.44554710776023, 
3.44554710776023, 3.44554710776023, 3.44554710776023, 3.44554710776023, 
3.44554710776023, 3.44554710776023, 3.44554710776023, 3.44554710776023, 
3.44554710776023, 3.44554710776023, 3.44554710776023, 3.44554710776023, 
3.44554710776023, 3.44554710776023, 3.44554710776023, 3.44554710776023, 
3.44554710776023, 3.44554710776023, 3.44554710776023, 3.44554710776023, 
3.44554710776023, 3.44554710776023, 3.44554710776023, 3.44554710776023, 
3.44554710776023, 3.44554710776023, 3.44554710776023, 3.44554710776023, 
3.44554710776023, 3.44554710776023, 3.44554710776023, 3.44554710776023, 
3.44554710776023, 3.44554710776023, 3.44554710776023, 3.44554710776023, 
3.44554710776023, 3.44554710776023, 3.44554710776023, 123, 123, 
123, 123, 123, 123, 123, 123, 123, 123, 123, 123, 123, 123, 123, 
123, 123, 123, 123, 123, 123, 123, 123, 123, 123, 123, 123, 123, 
123, 123, 123, 123, 123, 123, 123, 123, 123, 123, 123, 123, 0.0842696629213483, 
0.0842696629213483, 0.0842696629213483, 0.0842696629213483, 0.0842696629213483, 
0.0842696629213483, 0.0842696629213483, 0.0842696629213483, 0.0842696629213483, 
0.0842696629213483, 0.0842696629213483, 0.0842696629213483, 0.0842696629213483, 
0.0842696629213483, 0.0842696629213483, 0.0842696629213483, 0.0842696629213483, 
0.0842696629213483, 0.0842696629213483, 0.0842696629213483, 0.0842696629213483, 
0.0842696629213483, 0.0842696629213483, 0.0842696629213483, 0.0842696629213483, 
0.0842696629213483, 0.0842696629213483, 0.0842696629213483, 0.0842696629213483, 
0.0842696629213483, 0.0842696629213483, 0.0842696629213483, 0.0842696629213483, 
0.0842696629213483, 0.0842696629213483, 0.0842696629213483, 0.0842696629213483, 
0.0842696629213483, 0.0842696629213483, 0.0842696629213483, 0.320224719101124, 
0.320224719101124, 0.320224719101124, 0.320224719101124, 0.320224719101124, 
0.320224719101124, 0.320224719101124, 0.320224719101124, 0.320224719101124, 
0.320224719101124, 0.303370786516854, 0.303370786516854, 0.303370786516854, 
0.303370786516854, 0.303370786516854, 0.303370786516854, 0.303370786516854, 
0.303370786516854, 0.303370786516854, 0.303370786516854, 0.286516853932584, 
0.286516853932584, 0.286516853932584, 0.286516853932584, 0.286516853932584, 
0.286516853932584, 0.286516853932584, 0.286516853932584, 0.286516853932584, 
0.286516853932584, 0.292134831460674, 0.292134831460674, 0.292134831460674, 
0.292134831460674, 0.292134831460674, 0.292134831460674, 0.292134831460674, 
0.292134831460674, 0.292134831460674, 0.292134831460674, 0.2, 
0.2, 0.2, 0.2, 0.2, 0.2, 0.2, 0.2, 0.2, 0.2, 0.2, 0.2, 0.2, 0.2, 
0.2, 0.2, 0.2, 0.2, 0.2, 0.2, 0.2, 0.2, 0.2, 0.2, 0.2, 0.2, 0.2, 
0.2, 0.2, 0.2, 0.2, 0.2, 0.2, 0.2, 0.2, 0.2, 0.2, 0.2, 0.2, 0.2, 
0.0893240760195586, 0.0893240760195586, 0.0893240760195586, 0.0893240760195586, 
0.0893240760195586, 0.0893240760195586, 0.0893240760195586, 0.0893240760195586, 
0.0893240760195586, 0.0893240760195586, 0.0863598458596173, 0.0863598458596173, 
0.0863598458596173, 0.0863598458596173, 0.0863598458596173, 0.0863598458596173, 
0.0863598458596173, 0.0863598458596173, 0.0863598458596173, 0.0863598458596173, 
0.0849782939379282, 0.0849782939379282, 0.0849782939379282, 0.0849782939379282, 
0.0849782939379282, 0.0849782939379282, 0.0849782939379282, 0.0849782939379282, 
0.0849782939379282, 0.0849782939379282, 0.0852563953487368, 0.0852563953487368, 
0.0852563953487368, 0.0852563953487368, 0.0852563953487368, 0.0852563953487368, 
0.0852563953487368, 0.0852563953487368, 0.0852563953487368, 0.0852563953487368, 
2.90104139018308, 2.90341609502785, 2.90123214007602, 2.90086833989414, 
2.89966233286265, 2.90211457046362, 2.90100925530406, 2.90090509058794, 
2.90110283266391, 2.90211122110107, 2.89864883039406, 2.8870018652286, 
2.89819945535841, 2.89828486355965, 2.90530239084808, 2.89827048385943, 
