tmp <-
structure(c(6, 6, 6, 6, 6, 6, 6, 6, 6, 6, 6, 6, 6, 6, 6, 6, 6, 
6, 6, 6, 6, 6, 6, 6, 6, 6, 6, 6, 6, 6, 6, 6, 6, 6, 6, 6, 6, 6, 
6, 6, 11, 11, 11, 11, 11, 11, 11, 11, 11, 11, 11, 11, 11, 11, 
11, 11, 11, 11, 11, 11, 11, 11, 11, 11, 11, 11, 11, 11, 11, 11, 
11, 11, 11, 11, 11, 11, 11, 11, 11, 11, 0, 0, 0, 0, 0, 0, 0, 
0, 0, 0, 0, 0, 0, 0, 0, 0, 0, 0, 0, 0, 0, 0, 0, 0, 0, 0, 0, 0, 
0, 0, 0, 0, 0, 0, 0, 0, 0, 0, 0, 0, 11, 11, 11, 11, 11, 11, 11, 
11, 11, 11, 11, 11, 11, 11, 11, 11, 11, 11, 11, 11, 11, 11, 11, 
11, 11, 11, 11, 11, 11, 11, 11, 11, 11, 11, 11, 11, 11, 11, 11, 
11, 1066, 1066, 1066, 1066, 1066, 1066, 1066, 1066, 1066, 1066, 
1066, 1066, 1066, 1066, 1066, 1066, 1066, 1066, 1066, 1066, 1066, 
1066, 1066, 1066, 1066, 1066, 1066, 1066, 1066, 1066, 1066, 1066, 
1066, 1066, 1066, 1066, 1066, 1066, 1066, 1066, 0.0103189493433396, 
0.0103189493433396, 0.0103189493433396, 0.0103189493433396, 0.0103189493433396, 
0.0103189493433396, 0.0103189493433396, 0.0103189493433396, 0.0103189493433396, 
0.0103189493433396, 0.0103189493433396, 0.0103189493433396, 0.0103189493433396, 
0.0103189493433396, 0.0103189493433396, 0.0103189493433396, 0.0103189493433396, 
0.0103189493433396, 0.0103189493433396, 0.0103189493433396, 0.0103189493433396, 
0.0103189493433396, 0.0103189493433396, 0.0103189493433396, 0.0103189493433396, 
0.0103189493433396, 0.0103189493433396, 0.0103189493433396, 0.0103189493433396, 
0.0103189493433396, 0.0103189493433396, 0.0103189493433396, 0.0103189493433396, 
0.0103189493433396, 0.0103189493433396, 0.0103189493433396, 0.0103189493433396, 
0.0103189493433396, 0.0103189493433396, 0.0103189493433396, 0, 
0, 0, 0, 0, 0, 0, 0, 0, 0, 0, 0, 0, 0, 0, 0, 0, 0, 0, 0, 0, 0, 
0, 0, 0, 0, 0, 0, 0, 0, 0, 0, 0, 0, 0, 0, 0, 0, 0, 0, 1, 1, 1, 
1, 1, 1, 1, 1, 1, 1, 1, 1, 1, 1, 1, 1, 1, 1, 1, 1, 1, 1, 1, 1, 
1, 1, 1, 1, 1, 1, 1, 1, 1, 1, 1, 1, 1, 1, 1, 1, 2, 2, 2, 2, 2, 
2, 2, 2, 2, 2, 2, 2, 2, 2, 2, 2, 2, 2, 2, 2, 2, 2, 2, 2, 2, 2, 
2, 2, 2, 2, 2, 2, 2, 2, 2, 2, 2, 2, 2, 2, 8, 8, 8, 8, 8, 8, 8, 
8, 8, 8, 8, 8, 8, 8, 8, 8, 8, 8, 8, 8, 8, 8, 8, 8, 8, 8, 8, 8, 
8, 8, 8, 8, 8, 8, 8, 8, 8, 8, 8, 8, 3.91666666666667, 3.91666666666667, 
3.91666666666667, 3.91666666666667, 3.91666666666667, 3.91666666666667, 
3.91666666666667, 3.91666666666667, 3.91666666666667, 3.91666666666667, 
3.91666666666667, 3.91666666666667, 3.91666666666667, 3.91666666666667, 
3.91666666666667, 3.91666666666667, 3.91666666666667, 3.91666666666667, 
3.91666666666667, 3.91666666666667, 3.91666666666667, 3.91666666666667, 
3.91666666666667, 3.91666666666667, 3.91666666666667, 3.91666666666667, 
3.91666666666667, 3.91666666666667, 3.91666666666667, 3.91666666666667, 
3.91666666666667, 3.91666666666667, 3.91666666666667, 3.91666666666667, 
3.91666666666667, 3.91666666666667, 3.91666666666667, 3.91666666666667, 
3.91666666666667, 3.91666666666667, 2.06522432562458, 2.06522432562458, 
2.06522432562458, 2.06522432562458, 2.06522432562458, 2.06522432562458, 
2.06522432562458, 2.06522432562458, 2.06522432562458, 2.06522432562458, 
2.06522432562458, 2.06522432562458, 2.06522432562458, 2.06522432562458, 
2.06522432562458, 2.06522432562458, 2.06522432562458, 2.06522432562458, 
2.06522432562458, 2.06522432562458, 2.06522432562458, 2.06522432562458, 
2.06522432562458, 2.06522432562458, 2.06522432562458, 2.06522432562458, 
2.06522432562458, 2.06522432562458, 2.06522432562458, 2.06522432562458, 
2.06522432562458, 2.06522432562458, 2.06522432562458, 2.06522432562458, 
2.06522432562458, 2.06522432562458, 2.06522432562458, 2.06522432562458, 
2.06522432562458, 2.06522432562458, 47, 47, 47, 47, 47, 47, 47, 
47, 47, 47, 47, 47, 47, 47, 47, 47, 47, 47, 47, 47, 47, 47, 47, 
47, 47, 47, 47, 47, 47, 47, 47, 47, 47, 47, 47, 47, 47, 47, 47, 
47, 0.0403377110694184, 0.0403377110694184, 0.0403377110694184, 
0.0403377110694184, 0.0403377110694184, 0.0403377110694184, 0.0403377110694184, 
0.0403377110694184, 0.0403377110694184, 0.0403377110694184, 0.0403377110694184, 
0.0403377110694184, 0.0403377110694184, 0.0403377110694184, 0.0403377110694184, 
0.0403377110694184, 0.0403377110694184, 0.0403377110694184, 0.0403377110694184, 
0.0403377110694184, 0.0403377110694184, 0.0403377110694184, 0.0403377110694184, 
0.0403377110694184, 0.0403377110694184, 0.0403377110694184, 0.0403377110694184, 
0.0403377110694184, 0.0403377110694184, 0.0403377110694184, 0.0403377110694184, 
0.0403377110694184, 0.0403377110694184, 0.0403377110694184, 0.0403377110694184, 
0.0403377110694184, 0.0403377110694184, 0.0403377110694184, 0.0403377110694184, 
0.0403377110694184, 0.295497185741088, 0.295497185741088, 0.295497185741088, 
0.295497185741088, 0.295497185741088, 0.295497185741088, 0.295497185741088, 
0.295497185741088, 0.295497185741088, 0.295497185741088, 0.279549718574109, 
0.279549718574109, 0.279549718574109, 0.279549718574109, 0.279549718574109, 
0.279549718574109, 0.279549718574109, 0.279549718574109, 0.279549718574109, 
0.279549718574109, 0.270168855534709, 0.270168855534709, 0.270168855534709, 
0.270168855534709, 0.270168855534709, 0.270168855534709, 0.270168855534709, 
0.270168855534709, 0.270168855534709, 0.270168855534709, 0.286116322701689, 
0.286116322701689, 0.286116322701689, 0.286116322701689, 0.286116322701689, 
0.286116322701689, 0.286116322701689, 0.286116322701689, 0.286116322701689, 
0.286116322701689, 0.166666666666667, 0.166666666666667, 0.166666666666667, 
0.166666666666667, 0.166666666666667, 0.166666666666667, 0.166666666666667, 
0.166666666666667, 0.166666666666667, 0.166666666666667, 0.166666666666667, 
0.166666666666667, 0.166666666666667, 0.166666666666667, 0.166666666666667, 
0.166666666666667, 0.166666666666667, 0.166666666666667, 0.166666666666667, 
0.166666666666667, 0.166666666666667, 0.166666666666667, 0.166666666666667, 
0.166666666666667, 0.166666666666667, 0.166666666666667, 0.166666666666667, 
0.166666666666667, 0.166666666666667, 0.166666666666667, 0.166666666666667, 
0.166666666666667, 0.166666666666667, 0.166666666666667, 0.166666666666667, 
0.166666666666667, 0.166666666666667, 0.166666666666667, 0.166666666666667, 
0.166666666666667, 0.0955387670242557, 0.0955387670242557, 0.0955387670242557, 
0.0955387670242557, 0.0955387670242557, 0.0955387670242557, 0.0955387670242557, 
0.0955387670242557, 0.0955387670242557, 0.0955387670242557, 0.0941824945272037, 
0.0941824945272037, 0.0941824945272037, 0.0941824945272037, 0.0941824945272037, 
0.0941824945272037, 0.0941824945272037, 0.0941824945272037, 0.0941824945272037, 
0.0941824945272037, 0.0938830224103049, 0.0938830224103049, 0.0938830224103049, 
0.0938830224103049, 0.0938830224103049, 0.0938830224103049, 0.0938830224103049, 
0.0938830224103049, 0.0938830224103049, 0.0938830224103049, 0.094613185242793, 
0.094613185242793, 0.094613185242793, 0.094613185242793, 0.094613185242793, 
0.094613185242793, 0.094613185242793, 0.094613185242793, 0.094613185242793, 
0.094613185242793, 0, 0, 0, 0, 0, 0, 0, 0, 0, 0, 0, 0, 0, 0, 
0, 0, 0, 0, 0, 0, 0, 0, 0, 0, 0, 0, 0, 0, 0, 0, 0, 0, 0, 0, 0, 
0, 0, 0, 0, 0, 4.57818301963024, 4.58530434107993, 4.5809782003345, 
4.58182910033355, 4.45646894331557, 4.58443531867339, 4.58645258568138, 
4.60364958846451, 4.57906502794151, 4.64899960455071, 4.58962815221822, 
4.70426517250157, 4.71413373928608, 4.4366598649929, 4.55928795042219, 
4.56623099732619, 4.4380360147233, 4.55970464065689, 4.66830394559529, 
4.66554402742583, 4.60854910326584, 4.66078653654846, 4.46582643205441, 
4.61121161921904, 4.66021497055568, 4.60301866794004, 4.55932280329139, 
4.60422848662677, 4.41515373799156, 4.60438105803873, 4.63479463967527, 
4.55340659920173, 4.55080895511485, 4.61178399367686, 4.48245324123594, 
4.59245287531741, 4.64233233077124, 4.68565008367613, 4.64163797528457, 
4.68223570320748, 3, 3, 3, 3, 3, 3, 3, 3, 3, 3, 3, 3, 3, 3, 3, 
3, 3, 3, 3, 3, 3, 3, 3, 3, 3, 3, 3, 3, 3, 3, 3, 3, 3, 3, 3, 3, 
3, 3, 3, 3, 39.5052560182542, 39.5698899995779, 39.5216122894077, 
39.543141032824, 36.8141949280755, 39.5486472678666, 39.5871933903692, 
