tmp <-
structure(c(5, 5, 5, 5, 5, 5, 5, 5, 5, 5, 5, 5, 5, 5, 5, 5, 5, 
5, 5, 5, 5, 5, 5, 5, 5, 5, 5, 5, 5, 5, 5, 5, 5, 5, 5, 5, 5, 5, 
5, 5, 9, 9, 9, 9, 9, 9, 9, 9, 9, 9, 9, 9, 9, 9, 9, 9, 9, 9, 9, 
9, 9, 9, 9, 9, 9, 9, 9, 9, 9, 9, 9, 9, 9, 9, 9, 9, 9, 9, 9, 9, 
9, 9, 9, 9, 9, 9, 9, 9, 9, 9, 9, 9, 9, 9, 9, 9, 9, 9, 9, 9, 9, 
9, 9, 9, 9, 9, 9, 9, 9, 9, 9, 9, 9, 9, 9, 9, 9, 9, 9, 9, 0, 0, 
0, 0, 0, 0, 0, 0, 0, 0, 0, 0, 0, 0, 0, 0, 0, 0, 0, 0, 0, 0, 0, 
0, 0, 0, 0, 0, 0, 0, 0, 0, 0, 0, 0, 0, 0, 0, 0, 0, 205, 205, 
205, 205, 205, 205, 205, 205, 205, 205, 205, 205, 205, 205, 205, 
205, 205, 205, 205, 205, 205, 205, 205, 205, 205, 205, 205, 205, 
205, 205, 205, 205, 205, 205, 205, 205, 205, 205, 205, 205, 0.0439024390243902, 
0.0439024390243902, 0.0439024390243902, 0.0439024390243902, 0.0439024390243902, 
0.0439024390243902, 0.0439024390243902, 0.0439024390243902, 0.0439024390243902, 
0.0439024390243902, 0.0439024390243902, 0.0439024390243902, 0.0439024390243902, 
0.0439024390243902, 0.0439024390243902, 0.0439024390243902, 0.0439024390243902, 
0.0439024390243902, 0.0439024390243902, 0.0439024390243902, 0.0439024390243902, 
0.0439024390243902, 0.0439024390243902, 0.0439024390243902, 0.0439024390243902, 
0.0439024390243902, 0.0439024390243902, 0.0439024390243902, 0.0439024390243902, 
0.0439024390243902, 0.0439024390243902, 0.0439024390243902, 0.0439024390243902, 
0.0439024390243902, 0.0439024390243902, 0.0439024390243902, 0.0439024390243902, 
0.0439024390243902, 0.0439024390243902, 0.0439024390243902, 1, 
1, 1, 1, 1, 1, 1, 1, 1, 1, 1, 1, 1, 1, 1, 1, 1, 1, 1, 1, 1, 1, 
1, 1, 1, 1, 1, 1, 1, 1, 1, 1, 1, 1, 1, 1, 1, 1, 1, 1, 0, 0, 0, 
0, 0, 0, 0, 0, 0, 0, 0, 0, 0, 0, 0, 0, 0, 0, 0, 0, 0, 0, 0, 0, 
0, 0, 0, 0, 0, 0, 0, 0, 0, 0, 0, 0, 0, 0, 0, 0, 5, 5, 5, 5, 5, 
5, 5, 5, 5, 5, 5, 5, 5, 5, 5, 5, 5, 5, 5, 5, 5, 5, 5, 5, 5, 5, 
5, 5, 5, 5, 5, 5, 5, 5, 5, 5, 5, 5, 5, 5, 5, 5, 5, 5, 5, 5, 5, 
5, 5, 5, 5, 5, 5, 5, 5, 5, 5, 5, 5, 5, 5, 5, 5, 5, 5, 5, 5, 5, 
5, 5, 5, 5, 5, 5, 5, 5, 5, 5, 5, 5, 5, 5, 5, 5, 5, 5, 5, 5, 5, 
5, 5, 5, 5, 5, 5, 5, 5, 5, 5, 5, 5, 5, 5, 5, 5, 5, 5, 5, 5, 5, 
5, 5, 5, 5, 5, 5, 5, 5, 5, 5, 0, 0, 0, 0, 0, 0, 0, 0, 0, 0, 0, 
0, 0, 0, 0, 0, 0, 0, 0, 0, 0, 0, 0, 0, 0, 0, 0, 0, 0, 0, 0, 0, 
0, 0, 0, 0, 0, 0, 0, 0, 5, 5, 5, 5, 5, 5, 5, 5, 5, 5, 5, 5, 5, 
5, 5, 5, 5, 5, 5, 5, 5, 5, 5, 5, 5, 5, 5, 5, 5, 5, 5, 5, 5, 5, 
5, 5, 5, 5, 5, 5, 0.0634146341463415, 0.0634146341463415, 0.0634146341463415, 
0.0634146341463415, 0.0634146341463415, 0.0634146341463415, 0.0634146341463415, 
0.0634146341463415, 0.0634146341463415, 0.0634146341463415, 0.0634146341463415, 
0.0634146341463415, 0.0634146341463415, 0.0634146341463415, 0.0634146341463415, 
0.0634146341463415, 0.0634146341463415, 0.0634146341463415, 0.0634146341463415, 
0.0634146341463415, 0.0634146341463415, 0.0634146341463415, 0.0634146341463415, 
0.0634146341463415, 0.0634146341463415, 0.0634146341463415, 0.0634146341463415, 
0.0634146341463415, 0.0634146341463415, 0.0634146341463415, 0.0634146341463415, 
0.0634146341463415, 0.0634146341463415, 0.0634146341463415, 0.0634146341463415, 
0.0634146341463415, 0.0634146341463415, 0.0634146341463415, 0.0634146341463415, 
0.0634146341463415, 0.35609756097561, 0.35609756097561, 0.35609756097561, 
0.35609756097561, 0.35609756097561, 0.35609756097561, 0.35609756097561, 
0.35609756097561, 0.35609756097561, 0.35609756097561, 0.375609756097561, 
0.375609756097561, 0.375609756097561, 0.375609756097561, 0.375609756097561, 
0.375609756097561, 0.375609756097561, 0.375609756097561, 0.375609756097561, 
0.375609756097561, 0.395121951219512, 0.395121951219512, 0.395121951219512, 
0.395121951219512, 0.395121951219512, 0.395121951219512, 0.395121951219512, 
0.395121951219512, 0.395121951219512, 0.395121951219512, 0.414634146341463, 
0.414634146341463, 0.414634146341463, 0.414634146341463, 0.414634146341463, 
0.414634146341463, 0.414634146341463, 0.414634146341463, 0.414634146341463, 
0.414634146341463, 0.2, 0.2, 0.2, 0.2, 0.2, 0.2, 0.2, 0.2, 0.2, 
0.2, 0.2, 0.2, 0.2, 0.2, 0.2, 0.2, 0.2, 0.2, 0.2, 0.2, 0.2, 0.2, 
0.2, 0.2, 0.2, 0.2, 0.2, 0.2, 0.2, 0.2, 0.2, 0.2, 0.2, 0.2, 0.2, 
0.2, 0.2, 0.2, 0.2, 0.2, 0.145362579763428, 0.145362579763428, 
0.145362579763428, 0.145362579763428, 0.145362579763428, 0.145362579763428, 
0.145362579763428, 0.145362579763428, 0.145362579763428, 0.145362579763428, 
0.146015898020447, 0.146015898020447, 0.146015898020447, 0.146015898020447, 
0.146015898020447, 0.146015898020447, 0.146015898020447, 0.146015898020447, 
0.146015898020447, 0.146015898020447, 0.147958545249786, 0.147958545249786, 
0.147958545249786, 0.147958545249786, 0.147958545249786, 0.147958545249786, 
0.147958545249786, 0.147958545249786, 0.147958545249786, 0.147958545249786, 
0.151140813510533, 0.151140813510533, 0.151140813510533, 0.151140813510533, 
0.151140813510533, 0.151140813510533, 0.151140813510533, 0.151140813510533, 
0.151140813510533, 0.151140813510533, 1.52720876926251, 1.52207058383167, 
1.52089474454717, 1.54375623569149, 1.55207181380625, 1.61079040498923, 
1.64173261643546, 1.69072529030174, 1.53203287636714, 1.51648368992893, 
1.52626283306131, 1.52474856975974, 1.53735441773615, 1.74244288433199, 
1.61444271787395, 1.52486498395197, 1.70004858314779, 1.53006185784915, 
1.5277567267705, 1.68855156766751, 1.67605756359093, 1.58809244659017, 
1.62335895876783, 1.5991999770836, 1.66907343291074, 1.62766072242289, 
1.59822043921237, 1.65369342840658, 1.51449303745225, 1.67967964147373, 
1.69780838027579, 1.69645838677102, 1.62420898735154, 1.67203934679944, 
1.51854888598446, 1.6611635638978, 1.58423476414074, 1.64428641836525, 
1.74109278057557, 1.62661258114612, 1.52720876926251, 1.52207058383167, 
1.52089474454717, 1.54375623569149, 1.55207181380625, 1.61079040498923, 
1.64173261643546, 1.69072529030174, 1.53203287636715, 1.51648368992894, 
1.52626283306132, 1.52474856975974, 1.53735441773616, 1.74244288433199, 
1.61444271787395, 1.52486498395197, 1.7000485831478, 1.53006185784915, 
1.5277567267705, 1.68855156766751, 1.67605756359094, 1.58809244659017, 
1.62335895876783, 1.5991999770836, 1.66907343291074, 1.62766072242289, 
1.59822043921237, 1.65369342840658, 1.51449303745225, 1.67967964147373, 
1.69780838027579, 1.69645838677102, 1.62420898735154, 1.67203934679944, 
1.51854888598446, 1.6611635638978, 1.58423476414074, 1.64428641836525, 
1.74109278057557, 1.62661258114612, 7.32491328320305, 7.33190682750199, 
7.33438308680148, 7.34739400366521, 7.35009429623635, 7.61714830179761, 
8.08621903114725, 8.20137728534812, 7.31751145791109, 7.33638703076209, 
7.2793989242513, 7.2832540167659, 7.29993241372438, 8.56942745842307, 
7.75056891980328, 7.28385991040458, 8.64724920555643, 7.28265762705036, 
7.29630739042535, 8.37404397171259, 8.31151032190667, 7.21392661165685, 
7.5511264351931, 7.71561209853856, 8.19727940455247, 7.52125362476633, 
7.75822646719578, 7.89875863719779, 7.25926975683425, 8.14131827430478, 
8.35891829888023, 8.19306859990731, 7.5341296172316, 8.39336960346094, 
7.16691270978987, 8.22535077686582, 7.3891893080998, 7.84564057593436, 
8.73451321741346, 7.65302847546875, 7.32491328320304, 7.33190682750199, 
7.33438308680148, 7.34739400366521, 7.35009429623634, 7.61714830179762, 
8.08621903114725, 8.20137728534812, 7.31751145791109, 7.33638703076209, 
7.27939892425131, 7.28325401676589, 7.29993241372438, 8.56942745842307, 
7.75056891980328, 7.28385991040459, 8.64724920555644, 7.28265762705035, 
7.29630739042535, 8.37404397171259, 8.31151032190667, 7.21392661165684, 
7.5511264351931, 7.71561209853855, 8.19727940455247, 7.52125362476633, 
7.75822646719578, 7.89875863719779, 7.25926975683424, 8.14131827430478, 
8.35891829888023, 8.19306859990731, 7.5341296172316, 8.39336960346094, 
7.16691270978987, 8.22535077686582, 7.3891893080998, 7.84564057593436, 
8.73451321741346, 7.65302847546875, 0.381865710699107, 0.382052800791981, 
0.381474080125075, 0.379509793996729, 0.378529096803166, 0.373258484735403, 
