tmp <-
structure(c(2, 2, 2, 2, 2, 2, 2, 2, 2, 2, 2, 2, 2, 2, 2, 2, 2, 
2, 2, 2, 2, 2, 2, 2, 2, 2, 2, 2, 2, 2, 2, 2, 2, 2, 2, 2, 2, 2, 
2, 2, 3, 3, 3, 3, 3, 3, 3, 3, 3, 3, 3, 3, 3, 3, 3, 3, 3, 3, 3, 
3, 3, 3, 3, 3, 3, 3, 3, 3, 3, 3, 3, 3, 3, 3, 3, 3, 3, 3, 3, 3, 
3, 3, 3, 3, 3, 3, 3, 3, 3, 3, 3, 3, 3, 3, 3, 3, 3, 3, 3, 3, 3, 
3, 3, 3, 3, 3, 3, 3, 3, 3, 3, 3, 3, 3, 3, 3, 3, 3, 3, 3, 0, 0, 
0, 0, 0, 0, 0, 0, 0, 0, 0, 0, 0, 0, 0, 0, 0, 0, 0, 0, 0, 0, 0, 
0, 0, 0, 0, 0, 0, 0, 0, 0, 0, 0, 0, 0, 0, 0, 0, 0, 306, 306, 
306, 306, 306, 306, 306, 306, 306, 306, 306, 306, 306, 306, 306, 
306, 306, 306, 306, 306, 306, 306, 306, 306, 306, 306, 306, 306, 
306, 306, 306, 306, 306, 306, 306, 306, 306, 306, 306, 306, 0.00980392156862745, 
0.00980392156862745, 0.00980392156862745, 0.00980392156862745, 
0.00980392156862745, 0.00980392156862745, 0.00980392156862745, 
0.00980392156862745, 0.00980392156862745, 0.00980392156862745, 
0.00980392156862745, 0.00980392156862745, 0.00980392156862745, 
0.00980392156862745, 0.00980392156862745, 0.00980392156862745, 
0.00980392156862745, 0.00980392156862745, 0.00980392156862745, 
0.00980392156862745, 0.00980392156862745, 0.00980392156862745, 
0.00980392156862745, 0.00980392156862745, 0.00980392156862745, 
0.00980392156862745, 0.00980392156862745, 0.00980392156862745, 
0.00980392156862745, 0.00980392156862745, 0.00980392156862745, 
0.00980392156862745, 0.00980392156862745, 0.00980392156862745, 
0.00980392156862745, 0.00980392156862745, 0.00980392156862745, 
0.00980392156862745, 0.00980392156862745, 0.00980392156862745, 
1, 1, 1, 1, 1, 1, 1, 1, 1, 1, 1, 1, 1, 1, 1, 1, 1, 1, 1, 1, 1, 
1, 1, 1, 1, 1, 1, 1, 1, 1, 1, 1, 1, 1, 1, 1, 1, 1, 1, 1, 0, 0, 
0, 0, 0, 0, 0, 0, 0, 0, 0, 0, 0, 0, 0, 0, 0, 0, 0, 0, 0, 0, 0, 
0, 0, 0, 0, 0, 0, 0, 0, 0, 0, 0, 0, 0, 0, 0, 0, 0, 2, 2, 2, 2, 
2, 2, 2, 2, 2, 2, 2, 2, 2, 2, 2, 2, 2, 2, 2, 2, 2, 2, 2, 2, 2, 
2, 2, 2, 2, 2, 2, 2, 2, 2, 2, 2, 2, 2, 2, 2, 2, 2, 2, 2, 2, 2, 
2, 2, 2, 2, 2, 2, 2, 2, 2, 2, 2, 2, 2, 2, 2, 2, 2, 2, 2, 2, 2, 
2, 2, 2, 2, 2, 2, 2, 2, 2, 2, 2, 2, 2, 2, 2, 2, 2, 2, 2, 2, 2, 
2, 2, 2, 2, 2, 2, 2, 2, 2, 2, 2, 2, 2, 2, 2, 2, 2, 2, 2, 2, 2, 
2, 2, 2, 2, 2, 2, 2, 2, 2, 2, 2, 0, 0, 0, 0, 0, 0, 0, 0, 0, 0, 
0, 0, 0, 0, 0, 0, 0, 0, 0, 0, 0, 0, 0, 0, 0, 0, 0, 0, 0, 0, 0, 
0, 0, 0, 0, 0, 0, 0, 0, 0, 2, 2, 2, 2, 2, 2, 2, 2, 2, 2, 2, 2, 
2, 2, 2, 2, 2, 2, 2, 2, 2, 2, 2, 2, 2, 2, 2, 2, 2, 2, 2, 2, 2, 
2, 2, 2, 2, 2, 2, 2, 0.300653594771242, 0.300653594771242, 0.300653594771242, 
0.300653594771242, 0.300653594771242, 0.300653594771242, 0.300653594771242, 
0.300653594771242, 0.300653594771242, 0.300653594771242, 0.336601307189543, 
0.336601307189543, 0.336601307189543, 0.336601307189543, 0.336601307189543, 
0.336601307189543, 0.336601307189543, 0.336601307189543, 0.336601307189543, 
0.336601307189543, 0.372549019607843, 0.372549019607843, 0.372549019607843, 
0.372549019607843, 0.372549019607843, 0.372549019607843, 0.372549019607843, 
0.372549019607843, 0.372549019607843, 0.372549019607843, 0.411764705882353, 
0.411764705882353, 0.411764705882353, 0.411764705882353, 0.411764705882353, 
0.411764705882353, 0.411764705882353, 0.411764705882353, 0.411764705882353, 
0.411764705882353, 0.699346405228758, 0.699346405228758, 0.699346405228758, 
0.699346405228758, 0.699346405228758, 0.699346405228758, 0.699346405228758, 
0.699346405228758, 0.699346405228758, 0.699346405228758, 0.663398692810457, 
0.663398692810457, 0.663398692810457, 0.663398692810457, 0.663398692810457, 
0.663398692810457, 0.663398692810457, 0.663398692810457, 0.663398692810457, 
0.663398692810457, 0.627450980392157, 0.627450980392157, 0.627450980392157, 
0.627450980392157, 0.627450980392157, 0.627450980392157, 0.627450980392157, 
0.627450980392157, 0.627450980392157, 0.627450980392157, 0.588235294117647, 
0.588235294117647, 0.588235294117647, 0.588235294117647, 0.588235294117647, 
0.588235294117647, 0.588235294117647, 0.588235294117647, 0.588235294117647, 
0.588235294117647, 0.5, 0.5, 0.5, 0.5, 0.5, 0.5, 0.5, 0.5, 0.5, 
0.5, 0.5, 0.5, 0.5, 0.5, 0.5, 0.5, 0.5, 0.5, 0.5, 0.5, 0.5, 0.5, 
0.5, 0.5, 0.5, 0.5, 0.5, 0.5, 0.5, 0.5, 0.5, 0.5, 0.5, 0.5, 0.5, 
0.5, 0.5, 0.5, 0.5, 0.5, 0.281918389884833, 0.281918389884833, 
0.281918389884833, 0.281918389884833, 0.281918389884833, 0.281918389884833, 
0.281918389884833, 0.281918389884833, 0.281918389884833, 0.281918389884833, 
0.231080647446584, 0.231080647446584, 0.231080647446584, 0.231080647446584, 
0.231080647446584, 0.231080647446584, 0.231080647446584, 0.231080647446584, 
0.231080647446584, 0.231080647446584, 0.180242905008336, 0.180242905008336, 
0.180242905008336, 0.180242905008336, 0.180242905008336, 0.180242905008336, 
0.180242905008336, 0.180242905008336, 0.180242905008336, 0.180242905008336, 
0.124783549621155, 0.124783549621155, 0.124783549621155, 0.124783549621155, 
0.124783549621155, 0.124783549621155, 0.124783549621155, 0.124783549621155, 
0.124783549621155, 0.124783549621155, 1.07827597242067, 1.08544335628077, 
1.07936285849514, 1.074559425039, 1.07660988699427, 1.05384494476529, 
1.09526967697418, 1.05574392583319, 1.06284907764814, 1.06135659119058, 
1.07608814692032, 1.08793601158543, 1.07579189377166, 1.09236444451457, 
0.936519575444624, 1.11722292693459, 1.10272421099909, 1.09093084433237, 
1.07131117732467, 1.06227906412498, 1.09267028581638, 1.10145621728254, 
1.08088052655075, 1.08889361529824, 1.07766017793974, 1.10231217673993, 
1.11171818517829, 1.09888974758467, 1.10709677872893, 1.09279055621255, 
0.985191527812454, 1.08459540432212, 1.10032101882632, 1.10396427328741, 
1.07193491070706, 1.0097337638859, 1.09157023310936, 0.984100540416212, 
1.07854338925453, 1.1060574667634, 1.07827597242067, 1.08544335628077, 
1.07936285849514, 1.074559425039, 1.07660988699427, 1.0538449447653, 
1.09526967697418, 1.05574392583319, 1.06284907764815, 1.06135659119058, 
1.07608814692032, 1.08793601158543, 1.07579189377166, 1.09236444451457, 
0.936519575444624, 1.1172229269346, 1.10272421099909, 1.09093084433237, 
1.07131117732467, 1.06227906412498, 1.09267028581638, 1.10145621728254, 
1.08088052655075, 1.08889361529824, 1.07766017793974, 1.10231217673993, 
1.11171818517829, 1.09888974758467, 1.10709677872893, 1.09279055621255, 
0.985191527812454, 1.08459540432212, 1.10032101882632, 1.10396427328741, 
1.07193491070706, 1.0097337638859, 1.09157023310936, 0.984100540416213, 
1.07854338925453, 1.1060574667634, 6.34289222449188, 6.28562100286461, 
6.45701093709145, 6.33367958377393, 6.51927979881884, 6.2951147697205, 
6.4990244282659, 6.37192872928418, 6.40661193084168, 6.36608102596627, 
6.52570781130487, 6.5189735953223, 6.28336973692574, 6.49383856667128, 
4.78754892839272, 7.20050532412635, 6.52114499426699, 6.47912342707112, 
6.37397138224416, 6.48555190599867, 6.4406936229903, 6.63168855190773, 
6.31263397615537, 6.56504008739345, 6.38418570315863, 6.45294775547047, 
6.68575650987751, 6.56358264793824, 6.91467816878002, 6.46585544082691, 
5.25847654410133, 6.40927251774018, 6.69878954007133, 6.54294923598653, 
6.35910838749787, 5.26690519698729, 6.50946985209964, 5.26520012937002, 
6.30661787949518, 6.45984140850845, 6.34289222449188, 6.28562100286461, 
6.45701093709145, 6.33367958377393, 6.51927979881884, 6.29511476972049, 
6.4990244282659, 6.37192872928418, 6.40661193084168, 6.36608102596627, 
6.52570781130487, 6.5189735953223, 6.28336973692574, 6.49383856667128, 
4.78754892839272, 7.20050532412635, 6.52114499426699, 6.47912342707112, 
6.37397138224416, 6.48555190599867, 6.4406936229903, 6.63168855190773, 
6.31263397615536, 6.56504008739344, 6.38418570315863, 6.45294775547047, 
6.68575650987752, 6.56358264793824, 6.91467816878002, 6.46585544082691, 
5.25847654410133, 6.40927251774018, 6.69878954007133, 6.54294923598653, 
6.35910838749786, 5.26690519698729, 6.50946985209964, 5.26520012937002, 
6.30661787949518, 6.45984140850845, 0.0854660179790292, 0.0899932599817371, 
0.0991514671497651, 0.0818228000956886, 0.0981667575379244, 0.100599900004903, 
