tmp <-
structure(c(3, 3, 3, 3, 3, 3, 3, 3, 3, 3, 3, 3, 3, 3, 3, 3, 3, 
3, 3, 3, 3, 3, 3, 3, 3, 3, 3, 3, 3, 3, 3, 3, 3, 3, 3, 3, 3, 3, 
3, 3, 4, 4, 4, 4, 4, 4, 4, 4, 4, 4, 4, 4, 4, 4, 4, 4, 4, 4, 4, 
4, 4, 4, 4, 4, 4, 4, 4, 4, 4, 4, 4, 4, 4, 4, 4, 4, 4, 4, 4, 4, 
4, 4, 4, 4, 4, 4, 4, 4, 4, 4, 4, 4, 4, 4, 4, 4, 4, 4, 4, 4, 4, 
4, 4, 4, 4, 4, 4, 4, 4, 4, 4, 4, 4, 4, 4, 4, 4, 4, 4, 4, 0, 0, 
0, 0, 0, 0, 0, 0, 0, 0, 0, 0, 0, 0, 0, 0, 0, 0, 0, 0, 0, 0, 0, 
0, 0, 0, 0, 0, 0, 0, 0, 0, 0, 0, 0, 0, 0, 0, 0, 0, 160, 160, 
160, 160, 160, 160, 160, 160, 160, 160, 160, 160, 160, 160, 160, 
160, 160, 160, 160, 160, 160, 160, 160, 160, 160, 160, 160, 160, 
160, 160, 160, 160, 160, 160, 160, 160, 160, 160, 160, 160, 0.025, 
0.025, 0.025, 0.025, 0.025, 0.025, 0.025, 0.025, 0.025, 0.025, 
0.025, 0.025, 0.025, 0.025, 0.025, 0.025, 0.025, 0.025, 0.025, 
0.025, 0.025, 0.025, 0.025, 0.025, 0.025, 0.025, 0.025, 0.025, 
0.025, 0.025, 0.025, 0.025, 0.025, 0.025, 0.025, 0.025, 0.025, 
0.025, 0.025, 0.025, 1, 1, 1, 1, 1, 1, 1, 1, 1, 1, 1, 1, 1, 1, 
1, 1, 1, 1, 1, 1, 1, 1, 1, 1, 1, 1, 1, 1, 1, 1, 1, 1, 1, 1, 1, 
1, 1, 1, 1, 1, 0, 0, 0, 0, 0, 0, 0, 0, 0, 0, 0, 0, 0, 0, 0, 0, 
0, 0, 0, 0, 0, 0, 0, 0, 0, 0, 0, 0, 0, 0, 0, 0, 0, 0, 0, 0, 0, 
0, 0, 0, 3, 3, 3, 3, 3, 3, 3, 3, 3, 3, 3, 3, 3, 3, 3, 3, 3, 3, 
3, 3, 3, 3, 3, 3, 3, 3, 3, 3, 3, 3, 3, 3, 3, 3, 3, 3, 3, 3, 3, 
3, 3, 3, 3, 3, 3, 3, 3, 3, 3, 3, 3, 3, 3, 3, 3, 3, 3, 3, 3, 3, 
3, 3, 3, 3, 3, 3, 3, 3, 3, 3, 3, 3, 3, 3, 3, 3, 3, 3, 3, 3, 3, 
3, 3, 3, 3, 3, 3, 3, 3, 3, 3, 3, 3, 3, 3, 3, 3, 3, 3, 3, 3, 3, 
3, 3, 3, 3, 3, 3, 3, 3, 3, 3, 3, 3, 3, 3, 3, 3, 3, 3, 0, 0, 0, 
0, 0, 0, 0, 0, 0, 0, 0, 0, 0, 0, 0, 0, 0, 0, 0, 0, 0, 0, 0, 0, 
0, 0, 0, 0, 0, 0, 0, 0, 0, 0, 0, 0, 0, 0, 0, 0, 3, 3, 3, 3, 3, 
3, 3, 3, 3, 3, 3, 3, 3, 3, 3, 3, 3, 3, 3, 3, 3, 3, 3, 3, 3, 3, 
3, 3, 3, 3, 3, 3, 3, 3, 3, 3, 3, 3, 3, 3, 0.19375, 0.19375, 0.19375, 
0.19375, 0.19375, 0.19375, 0.19375, 0.19375, 0.19375, 0.19375, 
0.19375, 0.19375, 0.19375, 0.19375, 0.19375, 0.19375, 0.19375, 
0.19375, 0.19375, 0.19375, 0.19375, 0.19375, 0.19375, 0.19375, 
0.19375, 0.19375, 0.19375, 0.19375, 0.19375, 0.19375, 0.19375, 
0.19375, 0.19375, 0.19375, 0.19375, 0.19375, 0.19375, 0.19375, 
0.19375, 0.19375, 0.41875, 0.41875, 0.41875, 0.41875, 0.41875, 
0.41875, 0.41875, 0.41875, 0.41875, 0.41875, 0.4375, 0.4375, 
0.4375, 0.4375, 0.4375, 0.4375, 0.4375, 0.4375, 0.4375, 0.4375, 
0.45625, 0.45625, 0.45625, 0.45625, 0.45625, 0.45625, 0.45625, 
0.45625, 0.45625, 0.45625, 0.48125, 0.48125, 0.48125, 0.48125, 
0.48125, 0.48125, 0.48125, 0.48125, 0.48125, 0.48125, 0.333333333333333, 
0.333333333333333, 0.333333333333333, 0.333333333333333, 0.333333333333333, 
0.333333333333333, 0.333333333333333, 0.333333333333333, 0.333333333333333, 
0.333333333333333, 0.333333333333333, 0.333333333333333, 0.333333333333333, 
0.333333333333333, 0.333333333333333, 0.333333333333333, 0.333333333333333, 
0.333333333333333, 0.333333333333333, 0.333333333333333, 0.333333333333333, 
0.333333333333333, 0.333333333333333, 0.333333333333333, 0.333333333333333, 
0.333333333333333, 0.333333333333333, 0.333333333333333, 0.333333333333333, 
0.333333333333333, 0.333333333333333, 0.333333333333333, 0.333333333333333, 
0.333333333333333, 0.333333333333333, 0.333333333333333, 0.333333333333333, 
0.333333333333333, 0.333333333333333, 0.333333333333333, 0.121888353969251, 
0.121888353969251, 0.121888353969251, 0.121888353969251, 0.121888353969251, 
0.121888353969251, 0.121888353969251, 0.121888353969251, 0.121888353969251, 
0.121888353969251, 0.125675259432131, 0.125675259432131, 0.125675259432131, 
0.125675259432131, 0.125675259432131, 0.125675259432131, 0.125675259432131, 
0.125675259432131, 0.125675259432131, 0.125675259432131, 0.132041265645757, 
0.132041265645757, 0.132041265645757, 0.132041265645757, 0.132041265645757, 
0.132041265645757, 0.132041265645757, 0.132041265645757, 0.132041265645757, 
0.132041265645757, 0.143931045411799, 0.143931045411799, 0.143931045411799, 
0.143931045411799, 0.143931045411799, 0.143931045411799, 0.143931045411799, 
0.143931045411799, 0.143931045411799, 0.143931045411799, 0.329746819430655, 
0.333197438976319, 0.329791114939217, 0.332316559139257, 0.333510480045747, 
0.338082495362631, 0.336856094153735, 0.332861532490623, 0.335035233845883, 
0.33006408850037, 0.343473129812855, 0.339929557385868, 0.34074654799716, 
0.342305573024231, 0.340532995601889, 0.334741696483575, 0.336697393252677, 
0.33588492237763, 0.338142102255698, 0.334924161684179, 0.344208507684908, 
0.341594733754118, 0.342509419391097, 0.335892294045469, 0.340135513806813, 
0.33779020263417, 0.335185589209018, 0.334235349051781, 0.338127723090778, 
0.33392976387951, 0.341557224510161, 0.353111328417977, 0.357798539378564, 
0.349185440627342, 0.358096636805372, 0.343557109115912, 0.34466684316382, 
0.35469726055633, 0.360513238939695, 0.341788488083178, 0.329746819430655, 
0.33319743897632, 0.329791114939217, 0.332316559139257, 0.333510480045747, 
0.338082495362632, 0.336856094153736, 0.332861532490623, 0.335035233845883, 
0.33006408850037, 0.343473129812855, 0.339929557385868, 0.34074654799716, 
0.342305573024232, 0.340532995601889, 0.334741696483576, 0.336697393252677, 
0.33588492237763, 0.338142102255698, 0.334924161684179, 0.344208507684908, 
0.341594733754118, 0.342509419391097, 0.335892294045469, 0.340135513806814, 
0.337790202634171, 0.335185589209018, 0.334235349051781, 0.338127723090779, 
0.33392976387951, 0.341557224510162, 0.353111328417977, 0.357798539378564, 
0.349185440627342, 0.358096636805372, 0.343557109115913, 0.34466684316382, 
0.35469726055633, 0.360513238939695, 0.341788488083178, 1.77264401133099, 
1.77368338614829, 1.76937316559526, 1.77528312384983, 1.7731584715725, 
1.79320481791289, 1.79136423214412, 1.7779654312583, 1.78258699980392, 
1.77160252601697, 1.77982387129405, 1.77213095956188, 1.77736343576222, 
1.78090923732989, 1.77757266341634, 1.76531621514761, 1.76723476622683, 
1.76492822840801, 1.76743858745209, 1.75664900836704, 1.76549125151048, 
1.75965433004642, 1.76181605737171, 1.74423575615123, 1.76203776144288, 
1.74643907609065, 1.74385873840742, 1.74598341209745, 1.75254601112193, 
1.73228420489625, 1.72965000591622, 1.76609838970273, 1.77571221776225, 
1.74972219552573, 1.77682192393768, 1.741402868184, 1.74461822959488, 
1.75853330666765, 1.80629275844499, 1.73953852184939, 1.77264401133099, 
1.77368338614829, 1.76937316559526, 1.77528312384983, 1.7731584715725, 
1.79320481791289, 1.79136423214412, 1.7779654312583, 1.78258699980392, 
1.77160252601697, 1.77982387129405, 1.77213095956188, 1.77736343576222, 
1.78090923732989, 1.77757266341634, 1.76531621514761, 1.76723476622683, 
1.76492822840801, 1.76743858745209, 1.75664900836704, 1.76549125151048, 
1.75965433004642, 1.76181605737171, 1.74423575615123, 1.76203776144288, 
1.74643907609065, 1.74385873840742, 1.74598341209745, 1.75254601112193, 
1.73228420489625, 1.72965000591622, 1.76609838970273, 1.77571221776225, 
1.74972219552573, 1.77682192393768, 1.741402868184, 1.74461822959488, 
1.75853330666765, 1.80629275844499, 1.73953852184939, 0.13480460255134, 
0.132305095080467, 0.13009420683573, 0.130602130044206, 0.129472158458977, 
0.140882030533375, 0.140290238728555, 0.133175748157, 0.132434100227655, 
0.132017627598878, 0.138881520252959, 0.129252024025495, 0.130944322357773, 
0.135821089523122, 0.129211844120643, 0.130823602583269, 0.134790588045153, 
0.125466923762604, 0.126407340738694, 0.134021406623692, 0.13631243332956, 
0.126039080954217, 0.126294527327747, 0.129375151894627, 0.121607951143543, 
0.136947290715559, 0.124646496859871, 0.122309589493601, 0.127230256941964, 
0.12150176754482, 0.122735829927677, 0.127704924804509, 0.137046062801704, 
0.133479361690269, 0.13014245588243, 0.122952030985129, 0.12082960852017, 
0.124644321378921, 0.136003899449323, 0.124039480486806, 0.722524550099356, 
0.727376847665609, 0.720386782340138, 0.726324321438038, 0.727261563443375, 
