tmp <-
structure(c(2, 2, 2, 2, 2, 2, 2, 2, 2, 2, 2, 2, 2, 2, 2, 2, 2, 
2, 2, 2, 2, 2, 2, 2, 2, 2, 2, 2, 2, 2, 2, 2, 2, 2, 2, 2, 2, 2, 
2, 2, 33, 33, 33, 33, 33, 33, 33, 33, 33, 33, 33, 33, 33, 33, 
33, 33, 33, 33, 33, 33, 33, 33, 33, 33, 33, 33, 33, 33, 33, 33, 
33, 33, 33, 33, 33, 33, 33, 33, 33, 33, 33, 33, 33, 33, 33, 33, 
33, 33, 33, 33, 33, 33, 33, 33, 33, 33, 33, 33, 33, 33, 33, 33, 
33, 33, 33, 33, 33, 33, 33, 33, 33, 33, 33, 33, 33, 33, 33, 33, 
33, 33, 0, 0, 0, 0, 0, 0, 0, 0, 0, 0, 0, 0, 0, 0, 0, 0, 0, 0, 
0, 0, 0, 0, 0, 0, 0, 0, 0, 0, 0, 0, 0, 0, 0, 0, 0, 0, 0, 0, 0, 
0, 351, 351, 351, 351, 351, 351, 351, 351, 351, 351, 351, 351, 
351, 351, 351, 351, 351, 351, 351, 351, 351, 351, 351, 351, 351, 
351, 351, 351, 351, 351, 351, 351, 351, 351, 351, 351, 351, 351, 
351, 351, 0.094017094017094, 0.094017094017094, 0.094017094017094, 
0.094017094017094, 0.094017094017094, 0.094017094017094, 0.094017094017094, 
0.094017094017094, 0.094017094017094, 0.094017094017094, 0.094017094017094, 
0.094017094017094, 0.094017094017094, 0.094017094017094, 0.094017094017094, 
0.094017094017094, 0.094017094017094, 0.094017094017094, 0.094017094017094, 
0.094017094017094, 0.094017094017094, 0.094017094017094, 0.094017094017094, 
0.094017094017094, 0.094017094017094, 0.094017094017094, 0.094017094017094, 
0.094017094017094, 0.094017094017094, 0.094017094017094, 0.094017094017094, 
0.094017094017094, 0.094017094017094, 0.094017094017094, 0.094017094017094, 
0.094017094017094, 0.094017094017094, 0.094017094017094, 0.094017094017094, 
0.094017094017094, 1, 1, 1, 1, 1, 1, 1, 1, 1, 1, 1, 1, 1, 1, 
1, 1, 1, 1, 1, 1, 1, 1, 1, 1, 1, 1, 1, 1, 1, 1, 1, 1, 1, 1, 1, 
1, 1, 1, 1, 1, 0, 0, 0, 0, 0, 0, 0, 0, 0, 0, 0, 0, 0, 0, 0, 0, 
0, 0, 0, 0, 0, 0, 0, 0, 0, 0, 0, 0, 0, 0, 0, 0, 0, 0, 0, 0, 0, 
0, 0, 0, 2, 2, 2, 2, 2, 2, 2, 2, 2, 2, 2, 2, 2, 2, 2, 2, 2, 2, 
2, 2, 2, 2, 2, 2, 2, 2, 2, 2, 2, 2, 2, 2, 2, 2, 2, 2, 2, 2, 2, 
2, 2, 2, 2, 2, 2, 2, 2, 2, 2, 2, 2, 2, 2, 2, 2, 2, 2, 2, 2, 2, 
2, 2, 2, 2, 2, 2, 2, 2, 2, 2, 2, 2, 2, 2, 2, 2, 2, 2, 2, 2, 2, 
2, 2, 2, 2, 2, 2, 2, 2, 2, 2, 2, 2, 2, 2, 2, 2, 2, 2, 2, 2, 2, 
2, 2, 2, 2, 2, 2, 2, 2, 2, 2, 2, 2, 2, 2, 2, 2, 2, 2, 0, 0, 0, 
0, 0, 0, 0, 0, 0, 0, 0, 0, 0, 0, 0, 0, 0, 0, 0, 0, 0, 0, 0, 0, 
0, 0, 0, 0, 0, 0, 0, 0, 0, 0, 0, 0, 0, 0, 0, 0, 2, 2, 2, 2, 2, 
2, 2, 2, 2, 2, 2, 2, 2, 2, 2, 2, 2, 2, 2, 2, 2, 2, 2, 2, 2, 2, 
2, 2, 2, 2, 2, 2, 2, 2, 2, 2, 2, 2, 2, 2, 0.39031339031339, 0.39031339031339, 
0.39031339031339, 0.39031339031339, 0.39031339031339, 0.39031339031339, 
0.39031339031339, 0.39031339031339, 0.39031339031339, 0.39031339031339, 
0.421652421652422, 0.421652421652422, 0.421652421652422, 0.421652421652422, 
0.421652421652422, 0.421652421652422, 0.421652421652422, 0.421652421652422, 
0.421652421652422, 0.421652421652422, 0.452991452991453, 0.452991452991453, 
0.452991452991453, 0.452991452991453, 0.452991452991453, 0.452991452991453, 
0.452991452991453, 0.452991452991453, 0.452991452991453, 0.452991452991453, 
0.487179487179487, 0.487179487179487, 0.487179487179487, 0.487179487179487, 
0.487179487179487, 0.487179487179487, 0.487179487179487, 0.487179487179487, 
0.487179487179487, 0.487179487179487, 0.60968660968661, 0.60968660968661, 
0.60968660968661, 0.60968660968661, 0.60968660968661, 0.60968660968661, 
0.60968660968661, 0.60968660968661, 0.60968660968661, 0.60968660968661, 
0.578347578347578, 0.578347578347578, 0.578347578347578, 0.578347578347578, 
0.578347578347578, 0.578347578347578, 0.578347578347578, 0.578347578347578, 
0.578347578347578, 0.578347578347578, 0.547008547008547, 0.547008547008547, 
0.547008547008547, 0.547008547008547, 0.547008547008547, 0.547008547008547, 
0.547008547008547, 0.547008547008547, 0.547008547008547, 0.547008547008547, 
0.512820512820513, 0.512820512820513, 0.512820512820513, 0.512820512820513, 
0.512820512820513, 0.512820512820513, 0.512820512820513, 0.512820512820513, 
0.512820512820513, 0.512820512820513, 0.5, 0.5, 0.5, 0.5, 0.5, 
0.5, 0.5, 0.5, 0.5, 0.5, 0.5, 0.5, 0.5, 0.5, 0.5, 0.5, 0.5, 0.5, 
0.5, 0.5, 0.5, 0.5, 0.5, 0.5, 0.5, 0.5, 0.5, 0.5, 0.5, 0.5, 0.5, 
0.5, 0.5, 0.5, 0.5, 0.5, 0.5, 0.5, 0.5, 0.5, 0.155120291029528, 
0.155120291029528, 0.155120291029528, 0.155120291029528, 0.155120291029528, 
0.155120291029528, 0.155120291029528, 0.155120291029528, 0.155120291029528, 
0.155120291029528, 0.110800207878234, 0.110800207878234, 0.110800207878234, 
0.110800207878234, 0.110800207878234, 0.110800207878234, 0.110800207878234, 
0.110800207878234, 0.110800207878234, 0.110800207878234, 0.0664801247269404, 
0.0664801247269404, 0.0664801247269404, 0.0664801247269404, 0.0664801247269404, 
0.0664801247269404, 0.0664801247269404, 0.0664801247269404, 0.0664801247269404, 
0.0664801247269404, 0.0181309431073473, 0.0181309431073473, 0.0181309431073473, 
0.0181309431073473, 0.0181309431073473, 0.0181309431073473, 0.0181309431073473, 
0.0181309431073473, 0.0181309431073473, 0.0181309431073473, 0.495450661865109, 
0.500137125077218, 0.499678277699406, 0.505219474747138, 0.499669923055685, 
0.497375009350219, 0.499556370372301, 0.500345882539592, 0.49676718028355, 
0.499282411656475, 0.521149824634431, 0.520181770967889, 0.522426934113813, 
0.525554075375717, 0.513488708267047, 0.511051172872112, 0.51796537245575, 
0.53479971823178, 0.523810124405475, 0.508009043213534, 0.522203081645369, 
0.538547522652338, 0.547535917281763, 0.53459024260812, 0.523752629388068, 
0.534138648738202, 0.510660053493693, 0.535653740310607, 0.526779461604217, 
0.520728780040313, 0.565118837313902, 0.540964997529635, 0.562173828121034, 
0.557353612716542, 0.569887020162254, 0.53839185863271, 0.546892615709591, 
0.532905816142663, 0.56254494150676, 0.569502293726786, 0.495450661865109, 
0.500137125077218, 0.499678277699406, 0.505219474747138, 0.499669923055685, 
0.497375009350219, 0.499556370372301, 0.500345882539592, 0.49676718028355, 
0.499282411656475, 0.521149824634431, 0.520181770967889, 0.522426934113813, 
0.525554075375717, 0.513488708267047, 0.511051172872112, 0.51796537245575, 
0.53479971823178, 0.523810124405475, 0.508009043213534, 0.522203081645369, 
0.538547522652338, 0.547535917281763, 0.53459024260812, 0.523752629388068, 
0.534138648738202, 0.510660053493693, 0.535653740310607, 0.526779461604216, 
0.520728780040313, 0.565118837313902, 0.540964997529635, 0.562173828121034, 
0.557353612716542, 0.569887020162254, 0.53839185863271, 0.546892615709591, 
0.532905816142663, 0.56254494150676, 0.569502293726786, 2.79213787795253, 
2.80772754084123, 2.80441079544603, 2.79009415278854, 2.81453665390337, 
2.79891686188076, 2.81104028973342, 2.82011054523134, 2.78983263631715, 
2.81092451472142, 2.86047178873665, 2.86081031311909, 2.8184089822954, 
2.85737211672003, 2.84240288963434, 2.83902652757124, 2.84631116277411, 
2.81530907189153, 2.86557319377137, 2.83799316629019, 2.84517066825705, 
2.89020386640984, 2.88301164113409, 2.89822128088832, 2.85707413344197, 
2.90248153428435, 2.82081392920183, 2.87709026707706, 2.8854832754397, 
2.87502965910592, 2.92278011912139, 2.90840299727962, 2.89640042353093, 
2.93523771250824, 2.92325793844623, 2.89876271634314, 2.87389878204181, 
2.91141442123476, 2.93676547071485, 2.95222085026454, 2.79213787795253, 
2.80772754084123, 2.80441079544603, 2.79009415278854, 2.81453665390337, 
2.79891686188076, 2.81104028973342, 2.82011054523134, 2.78983263631715, 
2.81092451472142, 2.86047178873665, 2.86081031311909, 2.8184089822954, 
2.85737211672003, 2.84240288963434, 2.83902652757124, 2.84631116277411, 
2.81530907189153, 2.86557319377137, 2.83799316629019, 2.84517066825705, 
2.89020386640984, 2.88301164113409, 2.89822128088832, 2.85707413344197, 
2.90248153428435, 2.82081392920183, 2.87709026707706, 2.8854832754397, 
2.87502965910592, 2.92278011912139, 2.90840299727962, 2.89640042353093, 
2.93523771250824, 2.92325793844623, 2.89876271634314, 2.87389878204181, 
2.91141442123476, 2.93676547071485, 2.95222085026454, 0.280604931787002, 
