tmp <-
structure(c(3, 3, 3, 3, 3, 3, 3, 3, 3, 3, 3, 3, 3, 3, 3, 3, 3, 
3, 3, 3, 3, 3, 3, 3, 3, 3, 3, 3, 3, 3, 3, 3, 3, 3, 3, 3, 3, 3, 
3, 3, 4, 4, 4, 4, 4, 4, 4, 4, 4, 4, 4, 4, 4, 4, 4, 4, 4, 4, 4, 
4, 4, 4, 4, 4, 4, 4, 4, 4, 4, 4, 4, 4, 4, 4, 4, 4, 4, 4, 4, 4, 
4, 4, 4, 4, 4, 4, 4, 4, 4, 4, 4, 4, 4, 4, 4, 4, 4, 4, 4, 4, 4, 
4, 4, 4, 4, 4, 4, 4, 4, 4, 4, 4, 4, 4, 4, 4, 4, 4, 4, 4, 0, 0, 
0, 0, 0, 0, 0, 0, 0, 0, 0, 0, 0, 0, 0, 0, 0, 0, 0, 0, 0, 0, 0, 
0, 0, 0, 0, 0, 0, 0, 0, 0, 0, 0, 0, 0, 0, 0, 0, 0, 150, 150, 
150, 150, 150, 150, 150, 150, 150, 150, 150, 150, 150, 150, 150, 
150, 150, 150, 150, 150, 150, 150, 150, 150, 150, 150, 150, 150, 
150, 150, 150, 150, 150, 150, 150, 150, 150, 150, 150, 150, 0.0266666666666667, 
0.0266666666666667, 0.0266666666666667, 0.0266666666666667, 0.0266666666666667, 
0.0266666666666667, 0.0266666666666667, 0.0266666666666667, 0.0266666666666667, 
0.0266666666666667, 0.0266666666666667, 0.0266666666666667, 0.0266666666666667, 
0.0266666666666667, 0.0266666666666667, 0.0266666666666667, 0.0266666666666667, 
0.0266666666666667, 0.0266666666666667, 0.0266666666666667, 0.0266666666666667, 
0.0266666666666667, 0.0266666666666667, 0.0266666666666667, 0.0266666666666667, 
0.0266666666666667, 0.0266666666666667, 0.0266666666666667, 0.0266666666666667, 
0.0266666666666667, 0.0266666666666667, 0.0266666666666667, 0.0266666666666667, 
0.0266666666666667, 0.0266666666666667, 0.0266666666666667, 0.0266666666666667, 
0.0266666666666667, 0.0266666666666667, 0.0266666666666667, 1, 
1, 1, 1, 1, 1, 1, 1, 1, 1, 1, 1, 1, 1, 1, 1, 1, 1, 1, 1, 1, 1, 
1, 1, 1, 1, 1, 1, 1, 1, 1, 1, 1, 1, 1, 1, 1, 1, 1, 1, 0, 0, 0, 
0, 0, 0, 0, 0, 0, 0, 0, 0, 0, 0, 0, 0, 0, 0, 0, 0, 0, 0, 0, 0, 
0, 0, 0, 0, 0, 0, 0, 0, 0, 0, 0, 0, 0, 0, 0, 0, 3, 3, 3, 3, 3, 
3, 3, 3, 3, 3, 3, 3, 3, 3, 3, 3, 3, 3, 3, 3, 3, 3, 3, 3, 3, 3, 
3, 3, 3, 3, 3, 3, 3, 3, 3, 3, 3, 3, 3, 3, 3, 3, 3, 3, 3, 3, 3, 
3, 3, 3, 3, 3, 3, 3, 3, 3, 3, 3, 3, 3, 3, 3, 3, 3, 3, 3, 3, 3, 
3, 3, 3, 3, 3, 3, 3, 3, 3, 3, 3, 3, 3, 3, 3, 3, 3, 3, 3, 3, 3, 
3, 3, 3, 3, 3, 3, 3, 3, 3, 3, 3, 3, 3, 3, 3, 3, 3, 3, 3, 3, 3, 
3, 3, 3, 3, 3, 3, 3, 3, 3, 3, 0, 0, 0, 0, 0, 0, 0, 0, 0, 0, 0, 
0, 0, 0, 0, 0, 0, 0, 0, 0, 0, 0, 0, 0, 0, 0, 0, 0, 0, 0, 0, 0, 
0, 0, 0, 0, 0, 0, 0, 0, 3, 3, 3, 3, 3, 3, 3, 3, 3, 3, 3, 3, 3, 
3, 3, 3, 3, 3, 3, 3, 3, 3, 3, 3, 3, 3, 3, 3, 3, 3, 3, 3, 3, 3, 
3, 3, 3, 3, 3, 3, 0.32, 0.32, 0.32, 0.32, 0.32, 0.32, 0.32, 0.32, 
0.32, 0.32, 0.3, 0.3, 0.3, 0.3, 0.3, 0.3, 0.3, 0.3, 0.3, 0.3, 
0.286666666666667, 0.286666666666667, 0.286666666666667, 0.286666666666667, 
0.286666666666667, 0.286666666666667, 0.286666666666667, 0.286666666666667, 
0.286666666666667, 0.286666666666667, 0.266666666666667, 0.266666666666667, 
0.266666666666667, 0.266666666666667, 0.266666666666667, 0.266666666666667, 
0.266666666666667, 0.266666666666667, 0.266666666666667, 0.266666666666667, 
0.346666666666667, 0.346666666666667, 0.346666666666667, 0.346666666666667, 
0.346666666666667, 0.346666666666667, 0.346666666666667, 0.346666666666667, 
0.346666666666667, 0.346666666666667, 0.366666666666667, 0.366666666666667, 
0.366666666666667, 0.366666666666667, 0.366666666666667, 0.366666666666667, 
0.366666666666667, 0.366666666666667, 0.366666666666667, 0.366666666666667, 
0.38, 0.38, 0.38, 0.38, 0.38, 0.38, 0.38, 0.38, 0.38, 0.38, 0.4, 
0.4, 0.4, 0.4, 0.4, 0.4, 0.4, 0.4, 0.4, 0.4, 0.333333333333333, 
0.333333333333333, 0.333333333333333, 0.333333333333333, 0.333333333333333, 
0.333333333333333, 0.333333333333333, 0.333333333333333, 0.333333333333333, 
0.333333333333333, 0.333333333333333, 0.333333333333333, 0.333333333333333, 
0.333333333333333, 0.333333333333333, 0.333333333333333, 0.333333333333333, 
0.333333333333333, 0.333333333333333, 0.333333333333333, 0.333333333333333, 
0.333333333333333, 0.333333333333333, 0.333333333333333, 0.333333333333333, 
0.333333333333333, 0.333333333333333, 0.333333333333333, 0.333333333333333, 
0.333333333333333, 0.333333333333333, 0.333333333333333, 0.333333333333333, 
0.333333333333333, 0.333333333333333, 0.333333333333333, 0.333333333333333, 
0.333333333333333, 0.333333333333333, 0.333333333333333, 0.0133333333333333, 
0.0133333333333333, 0.0133333333333333, 0.0133333333333333, 0.0133333333333333, 
0.0133333333333333, 0.0133333333333333, 0.0133333333333333, 0.0133333333333333, 
0.0133333333333333, 0.0333333333333333, 0.0333333333333333, 0.0333333333333333, 
0.0333333333333333, 0.0333333333333333, 0.0333333333333333, 0.0333333333333333, 
0.0333333333333333, 0.0333333333333333, 0.0333333333333333, 0.0466666666666667, 
0.0466666666666667, 0.0466666666666667, 0.0466666666666667, 0.0466666666666667, 
0.0466666666666667, 0.0466666666666667, 0.0466666666666667, 0.0466666666666667, 
0.0466666666666667, 0.0666666666666667, 0.0666666666666667, 0.0666666666666667, 
0.0666666666666667, 0.0666666666666667, 0.0666666666666667, 0.0666666666666667, 
0.0666666666666667, 0.0666666666666667, 0.0666666666666667, 0.57657331796112, 
0.612954139221323, 0.578958586270658, 0.605413443840953, 0.600903977668565, 
0.540657144103933, 0.587420692301964, 0.560932250025879, 0.590996478166729, 
0.578841205703226, 0.651353235964353, 0.515164888417153, 0.59936841888171, 
0.538252883433536, 0.533626994298253, 0.558262853027559, 0.534824902436838, 
0.550788007093339, 0.608652531160866, 0.570826844943478, 0.523880625707965, 
0.526600135117951, 0.464438365612177, 0.466853076836205, 0.48821168473244, 
0.532678335844857, 0.544051256525166, 0.476913386450819, 0.469672917087377, 
0.528547750282685, 0.535826229580022, 0.543609868002946, 0.585480718492791, 
0.464833646661788, 0.494291974332662, 0.539170364580514, 0.475762581769223, 
0.50950833332618, 0.536498039890673, 0.457263155056508, 0.57657331796112, 
0.612954139221323, 0.578958586270658, 0.605413443840953, 0.600903977668565, 
0.540657144103933, 0.587420692301964, 0.560932250025879, 0.590996478166729, 
0.578841205703226, 0.651353235964353, 0.515164888417153, 0.59936841888171, 
0.538252883433536, 0.533626994298253, 0.558262853027559, 0.534824902436838, 
0.550788007093339, 0.608652531160866, 0.570826844943478, 0.523880625707966, 
0.526600135117951, 0.464438365612177, 0.466853076836206, 0.488211684732441, 
0.532678335844857, 0.544051256525166, 0.476913386450819, 0.469672917087377, 
0.528547750282685, 0.535826229580023, 0.543609868002947, 0.585480718492792, 
0.464833646661788, 0.494291974332662, 0.539170364580514, 0.475762581769224, 
0.50950833332618, 0.536498039890673, 0.457263155056508, 4.00932237652229, 
3.89588815246554, 3.97147382759833, 4.1531380829272, 4.22579800250991, 
3.90267547882227, 4.05020884626547, 3.961414382693, 4.06560304840779, 
4.15449407384803, 3.84050401734775, 3.50399638720605, 3.86150996371029, 
3.51844419095184, 3.48910935903864, 3.78309042010899, 3.60819049694368, 
3.5153318111878, 3.80094330940727, 3.71328881746778, 3.5288137259361, 
3.40960866466096, 3.31884544640004, 3.18484768412738, 3.27184610495577, 
3.42776868973082, 3.37603791015907, 3.33442274593719, 3.22495260653212, 
3.48090281439819, 3.3166965189892, 3.36133782024679, 3.39286592400554, 
3.03832135415979, 3.28423383562307, 3.23445896413114, 3.19224576559069, 
3.13387852743003, 3.31672725358468, 3.1639388533744, 4.00932237652229, 
3.89588815246554, 3.97147382759833, 4.1531380829272, 4.22579800250991, 
3.90267547882227, 4.05020884626547, 3.961414382693, 4.06560304840779, 
4.15449407384803, 3.84050401734775, 3.50399638720605, 3.86150996371029, 
3.51844419095184, 3.48910935903864, 3.78309042010899, 3.60819049694368, 
3.51533181118779, 3.80094330940727, 3.71328881746778, 3.5288137259361, 
3.40960866466096, 3.31884544640004, 3.18484768412738, 3.27184610495577, 
3.42776868973082, 3.37603791015907, 3.33442274593719, 3.22495260653212, 
3.48090281439819, 3.3166965189892, 3.36133782024679, 3.39286592400554, 
3.03832135415979, 3.28423383562307, 3.23445896413114, 3.19224576559069, 
3.13387852743003, 3.31672725358468, 3.1639388533744, 0.437122842316702, 
