tmp <-
structure(c(2, 2, 2, 2, 2, 2, 2, 2, 2, 2, 2, 2, 2, 2, 2, 2, 2, 
2, 2, 2, 2, 2, 2, 2, 2, 2, 2, 2, 2, 2, 2, 2, 2, 2, 2, 2, 2, 2, 
2, 2, 36, 36, 36, 36, 36, 36, 36, 36, 36, 36, 36, 36, 36, 36, 
36, 36, 36, 36, 36, 36, 36, 36, 36, 36, 36, 36, 36, 36, 36, 36, 
36, 36, 36, 36, 36, 36, 36, 36, 36, 36, 0, 0, 0, 0, 0, 0, 0, 
0, 0, 0, 0, 0, 0, 0, 0, 0, 0, 0, 0, 0, 0, 0, 0, 0, 0, 0, 0, 0, 
0, 0, 0, 0, 0, 0, 0, 0, 0, 0, 0, 0, 36, 36, 36, 36, 36, 36, 36, 
36, 36, 36, 36, 36, 36, 36, 36, 36, 36, 36, 36, 36, 36, 36, 36, 
36, 36, 36, 36, 36, 36, 36, 36, 36, 36, 36, 36, 36, 36, 36, 36, 
36, 3196, 3196, 3196, 3196, 3196, 3196, 3196, 3196, 3196, 3196, 
3196, 3196, 3196, 3196, 3196, 3196, 3196, 3196, 3196, 3196, 3196, 
3196, 3196, 3196, 3196, 3196, 3196, 3196, 3196, 3196, 3196, 3196, 
3196, 3196, 3196, 3196, 3196, 3196, 3196, 3196, 0.0112640801001252, 
0.0112640801001252, 0.0112640801001252, 0.0112640801001252, 0.0112640801001252, 
0.0112640801001252, 0.0112640801001252, 0.0112640801001252, 0.0112640801001252, 
0.0112640801001252, 0.0112640801001252, 0.0112640801001252, 0.0112640801001252, 
0.0112640801001252, 0.0112640801001252, 0.0112640801001252, 0.0112640801001252, 
0.0112640801001252, 0.0112640801001252, 0.0112640801001252, 0.0112640801001252, 
0.0112640801001252, 0.0112640801001252, 0.0112640801001252, 0.0112640801001252, 
0.0112640801001252, 0.0112640801001252, 0.0112640801001252, 0.0112640801001252, 
0.0112640801001252, 0.0112640801001252, 0.0112640801001252, 0.0112640801001252, 
0.0112640801001252, 0.0112640801001252, 0.0112640801001252, 0.0112640801001252, 
0.0112640801001252, 0.0112640801001252, 0.0112640801001252, 0, 
0, 0, 0, 0, 0, 0, 0, 0, 0, 0, 0, 0, 0, 0, 0, 0, 0, 0, 0, 0, 0, 
0, 0, 0, 0, 0, 0, 0, 0, 0, 0, 0, 0, 0, 0, 0, 0, 0, 0, 1, 1, 1, 
1, 1, 1, 1, 1, 1, 1, 1, 1, 1, 1, 1, 1, 1, 1, 1, 1, 1, 1, 1, 1, 
1, 1, 1, 1, 1, 1, 1, 1, 1, 1, 1, 1, 1, 1, 1, 1, 2, 2, 2, 2, 2, 
2, 2, 2, 2, 2, 2, 2, 2, 2, 2, 2, 2, 2, 2, 2, 2, 2, 2, 2, 2, 2, 
2, 2, 2, 2, 2, 2, 2, 2, 2, 2, 2, 2, 2, 2, 3, 3, 3, 3, 3, 3, 3, 
3, 3, 3, 3, 3, 3, 3, 3, 3, 3, 3, 3, 3, 3, 3, 3, 3, 3, 3, 3, 3, 
3, 3, 3, 3, 3, 3, 3, 3, 3, 3, 3, 3, 2.02702702702703, 2.02702702702703, 
2.02702702702703, 2.02702702702703, 2.02702702702703, 2.02702702702703, 
2.02702702702703, 2.02702702702703, 2.02702702702703, 2.02702702702703, 
2.02702702702703, 2.02702702702703, 2.02702702702703, 2.02702702702703, 
2.02702702702703, 2.02702702702703, 2.02702702702703, 2.02702702702703, 
2.02702702702703, 2.02702702702703, 2.02702702702703, 2.02702702702703, 
2.02702702702703, 2.02702702702703, 2.02702702702703, 2.02702702702703, 
2.02702702702703, 2.02702702702703, 2.02702702702703, 2.02702702702703, 
2.02702702702703, 2.02702702702703, 2.02702702702703, 2.02702702702703, 
2.02702702702703, 2.02702702702703, 2.02702702702703, 2.02702702702703, 
2.02702702702703, 2.02702702702703, 0.164398987305357, 0.164398987305357, 
0.164398987305357, 0.164398987305357, 0.164398987305357, 0.164398987305357, 
0.164398987305357, 0.164398987305357, 0.164398987305357, 0.164398987305357, 
0.164398987305357, 0.164398987305357, 0.164398987305357, 0.164398987305357, 
0.164398987305357, 0.164398987305357, 0.164398987305357, 0.164398987305357, 
0.164398987305357, 0.164398987305357, 0.164398987305357, 0.164398987305357, 
0.164398987305357, 0.164398987305357, 0.164398987305357, 0.164398987305357, 
0.164398987305357, 0.164398987305357, 0.164398987305357, 0.164398987305357, 
0.164398987305357, 0.164398987305357, 0.164398987305357, 0.164398987305357, 
0.164398987305357, 0.164398987305357, 0.164398987305357, 0.164398987305357, 
0.164398987305357, 0.164398987305357, 75, 75, 75, 75, 75, 75, 
75, 75, 75, 75, 75, 75, 75, 75, 75, 75, 75, 75, 75, 75, 75, 75, 
75, 75, 75, 75, 75, 75, 75, 75, 75, 75, 75, 75, 75, 75, 75, 75, 
75, 75, 0.496245306633292, 0.496245306633292, 0.496245306633292, 
0.496245306633292, 0.496245306633292, 0.496245306633292, 0.496245306633292, 
0.496245306633292, 0.496245306633292, 0.496245306633292, 0.470275344180225, 
0.470275344180225, 0.470275344180225, 0.470275344180225, 0.470275344180225, 
0.470275344180225, 0.470275344180225, 0.470275344180225, 0.470275344180225, 
0.470275344180225, 0.443992490613267, 0.443992490613267, 0.443992490613267, 
0.443992490613267, 0.443992490613267, 0.443992490613267, 0.443992490613267, 
0.443992490613267, 0.443992490613267, 0.443992490613267, 0.4180225281602, 
0.4180225281602, 0.4180225281602, 0.4180225281602, 0.4180225281602, 
0.4180225281602, 0.4180225281602, 0.4180225281602, 0.4180225281602, 
0.4180225281602, 0.503754693366708, 0.503754693366708, 0.503754693366708, 
0.503754693366708, 0.503754693366708, 0.503754693366708, 0.503754693366708, 
0.503754693366708, 0.503754693366708, 0.503754693366708, 0.529724655819775, 
0.529724655819775, 0.529724655819775, 0.529724655819775, 0.529724655819775, 
0.529724655819775, 0.529724655819775, 0.529724655819775, 0.529724655819775, 
0.529724655819775, 0.556007509386733, 0.556007509386733, 0.556007509386733, 
0.556007509386733, 0.556007509386733, 0.556007509386733, 0.556007509386733, 
0.556007509386733, 0.556007509386733, 0.556007509386733, 0.5819774718398, 
0.5819774718398, 0.5819774718398, 0.5819774718398, 0.5819774718398, 
0.5819774718398, 0.5819774718398, 0.5819774718398, 0.5819774718398, 
0.5819774718398, 0.5, 0.5, 0.5, 0.5, 0.5, 0.5, 0.5, 0.5, 0.5, 
0.5, 0.5, 0.5, 0.5, 0.5, 0.5, 0.5, 0.5, 0.5, 0.5, 0.5, 0.5, 0.5, 
0.5, 0.5, 0.5, 0.5, 0.5, 0.5, 0.5, 0.5, 0.5, 0.5, 0.5, 0.5, 0.5, 
0.5, 0.5, 0.5, 0.5, 0.5, 0.0053099382817513, 0.0053099382817513, 
0.0053099382817513, 0.0053099382817513, 0.0053099382817513, 0.0053099382817513, 
0.0053099382817513, 0.0053099382817513, 0.0053099382817513, 0.0053099382817513, 
0.0420370113971977, 0.0420370113971977, 0.0420370113971977, 0.0420370113971977, 
0.0420370113971977, 0.0420370113971977, 0.0420370113971977, 0.0420370113971977, 
0.0420370113971977, 0.0420370113971977, 0.0792065793694568, 0.0792065793694568, 
0.0792065793694568, 0.0792065793694568, 0.0792065793694568, 0.0792065793694568, 
0.0792065793694568, 0.0792065793694568, 0.0792065793694568, 0.0792065793694568, 
0.115933652484903, 0.115933652484903, 0.115933652484903, 0.115933652484903, 
0.115933652484903, 0.115933652484903, 0.115933652484903, 0.115933652484903, 
0.115933652484903, 0.115933652484903, 0, 0, 0, 0, 0, 0, 0, 0, 
0, 0, 0, 0, 0, 0, 0, 0, 0, 0, 0, 0, 0, 0, 0, 0, 0, 0, 0, 0, 0, 
0, 0, 0, 0, 0, 0, 0, 0, 0, 0, 0, 3.87222260915191, 3.72504267725661, 
3.90015944604583, 3.86484144648621, 3.71259380691922, 3.73490937853612, 
3.71782726092104, 3.70309961219979, 3.71712354752511, 3.85782309254184, 
3.69851575162824, 3.68965548453083, 3.69428653353412, 3.68596788291842, 
3.69785385320715, 3.69467645927959, 3.67782264889224, 3.69023916328712, 
3.69028974112288, 3.68195273368227, 3.69264696968563, 3.70039187778017, 
3.69049496804698, 3.69348747629601, 3.6843374215415, 3.69618489485132, 
3.68100487510727, 3.69075096005415, 3.70970369566707, 3.84755225937034, 
3.68755404801439, 3.69714403692701, 3.84609473525138, 3.68462535340664, 
3.82644263022149, 3.84562105814744, 3.82228994192567, 3.68818889429336, 
3.6938225508773, 3.69173653870149, 3, 3, 3, 3, 3, 3, 3, 3, 3, 
3, 3, 3, 3, 3, 3, 3, 3, 3, 3, 3, 3, 3, 3, 3, 3, 3, 3, 3, 3, 3, 
3, 3, 3, 3, 3, 3, 3, 3, 3, 3, 62.1018698435456, 51.04487772784, 
62.6799256374682, 62.1091930384367, 50.8289197529046, 51.0997803120172, 
50.9480767472593, 50.5746725732351, 50.8291212940029, 61.9989609608535, 
51.0941335474444, 50.8888637772557, 51.0757388344995, 50.82337134804, 
51.0749883020188, 51.0008368596629, 50.6833981762582, 51.0480510161305, 
51.1777727084528, 50.7909437170929, 51.4643085632483, 51.8008444574023, 
51.4633553996004, 51.5348630676698, 51.3812511046453, 51.6429262382187, 
51.3972516852205, 51.4626144817483, 51.8076185962709, 61.7848668049655, 
51.989437487945, 52.133896593733, 61.8403981872657, 52.0327315079655, 
61.3451478379828, 61.712497743186, 61.2931868872527, 52.0932743418835, 
