tmp <-
structure(c(10, 10, 10, 10, 10, 10, 10, 10, 10, 10, 10, 10, 10, 
10, 10, 10, 10, 10, 10, 10, 10, 10, 10, 10, 10, 10, 10, 10, 10, 
10, 10, 10, 10, 10, 10, 10, 10, 10, 10, 10, 7, 7, 7, 7, 7, 7, 
7, 7, 7, 7, 7, 7, 7, 7, 7, 7, 7, 7, 7, 7, 7, 7, 7, 7, 7, 7, 7, 
7, 7, 7, 7, 7, 7, 7, 7, 7, 7, 7, 7, 7, 7, 7, 7, 7, 7, 7, 7, 7, 
7, 7, 7, 7, 7, 7, 7, 7, 7, 7, 7, 7, 7, 7, 7, 7, 7, 7, 7, 7, 7, 
7, 7, 7, 7, 7, 7, 7, 7, 7, 7, 7, 0, 0, 0, 0, 0, 0, 0, 0, 0, 0, 
0, 0, 0, 0, 0, 0, 0, 0, 0, 0, 0, 0, 0, 0, 0, 0, 0, 0, 0, 0, 0, 
0, 0, 0, 0, 0, 0, 0, 0, 0, 500, 500, 500, 500, 500, 500, 500, 
500, 500, 500, 500, 500, 500, 500, 500, 500, 500, 500, 500, 500, 
500, 500, 500, 500, 500, 500, 500, 500, 500, 500, 500, 500, 500, 
500, 500, 500, 500, 500, 500, 500, 0.014, 0.014, 0.014, 0.014, 
0.014, 0.014, 0.014, 0.014, 0.014, 0.014, 0.014, 0.014, 0.014, 
0.014, 0.014, 0.014, 0.014, 0.014, 0.014, 0.014, 0.014, 0.014, 
0.014, 0.014, 0.014, 0.014, 0.014, 0.014, 0.014, 0.014, 0.014, 
0.014, 0.014, 0.014, 0.014, 0.014, 0.014, 0.014, 0.014, 0.014, 
1, 1, 1, 1, 1, 1, 1, 1, 1, 1, 1, 1, 1, 1, 1, 1, 1, 1, 1, 1, 1, 
1, 1, 1, 1, 1, 1, 1, 1, 1, 1, 1, 1, 1, 1, 1, 1, 1, 1, 1, 0, 0, 
0, 0, 0, 0, 0, 0, 0, 0, 0, 0, 0, 0, 0, 0, 0, 0, 0, 0, 0, 0, 0, 
0, 0, 0, 0, 0, 0, 0, 0, 0, 0, 0, 0, 0, 0, 0, 0, 0, 10, 10, 10, 
10, 10, 10, 10, 10, 10, 10, 10, 10, 10, 10, 10, 10, 10, 10, 10, 
10, 10, 10, 10, 10, 10, 10, 10, 10, 10, 10, 10, 10, 10, 10, 10, 
10, 10, 10, 10, 10, 10, 10, 10, 10, 10, 10, 10, 10, 10, 10, 10, 
10, 10, 10, 10, 10, 10, 10, 10, 10, 10, 10, 10, 10, 10, 10, 10, 
10, 10, 10, 10, 10, 10, 10, 10, 10, 10, 10, 10, 10, 10, 10, 10, 
10, 10, 10, 10, 10, 10, 10, 10, 10, 10, 10, 10, 10, 10, 10, 10, 
10, 10, 10, 10, 10, 10, 10, 10, 10, 10, 10, 10, 10, 10, 10, 10, 
10, 10, 10, 10, 10, 0, 0, 0, 0, 0, 0, 0, 0, 0, 0, 0, 0, 0, 0, 
0, 0, 0, 0, 0, 0, 0, 0, 0, 0, 0, 0, 0, 0, 0, 0, 0, 0, 0, 0, 0, 
0, 0, 0, 0, 0, 10, 10, 10, 10, 10, 10, 10, 10, 10, 10, 10, 10, 
10, 10, 10, 10, 10, 10, 10, 10, 10, 10, 10, 10, 10, 10, 10, 10, 
10, 10, 10, 10, 10, 10, 10, 10, 10, 10, 10, 10, 0.074, 0.074, 
0.074, 0.074, 0.074, 0.074, 0.074, 0.074, 0.074, 0.074, 0.074, 
0.074, 0.074, 0.074, 0.074, 0.074, 0.074, 0.074, 0.074, 0.074, 
0.074, 0.074, 0.074, 0.074, 0.074, 0.074, 0.074, 0.074, 0.074, 
0.074, 0.074, 0.074, 0.074, 0.074, 0.074, 0.074, 0.074, 0.074, 
0.074, 0.074, 0.118, 0.118, 0.118, 0.118, 0.118, 0.118, 0.118, 
0.118, 0.118, 0.118, 0.124, 0.124, 0.124, 0.124, 0.124, 0.124, 
0.124, 0.124, 0.124, 0.124, 0.13, 0.13, 0.13, 0.13, 0.13, 0.13, 
0.13, 0.13, 0.13, 0.13, 0.136, 0.136, 0.136, 0.136, 0.136, 0.136, 
0.136, 0.136, 0.136, 0.136, 0.1, 0.1, 0.1, 0.1, 0.1, 0.1, 0.1, 
0.1, 0.1, 0.1, 0.1, 0.1, 0.1, 0.1, 0.1, 0.1, 0.1, 0.1, 0.1, 0.1, 
0.1, 0.1, 0.1, 0.1, 0.1, 0.1, 0.1, 0.1, 0.1, 0.1, 0.1, 0.1, 0.1, 
0.1, 0.1, 0.1, 0.1, 0.1, 0.1, 0.1, 0.0120738468508499, 0.0120738468508499, 
0.0120738468508499, 0.0120738468508499, 0.0120738468508499, 0.0120738468508499, 
0.0120738468508499, 0.0120738468508499, 0.0120738468508499, 0.0120738468508499, 
0.0128235893744476, 0.0128235893744476, 0.0128235893744476, 0.0128235893744476, 
0.0128235893744476, 0.0128235893744476, 0.0128235893744476, 0.0128235893744476, 
0.0128235893744476, 0.0128235893744476, 0.0141106736590112, 0.0141106736590112, 
0.0141106736590112, 0.0141106736590112, 0.0141106736590112, 0.0141106736590112, 
0.0141106736590112, 0.0141106736590112, 0.0141106736590112, 0.0141106736590112, 
0.0158043594548396, 0.0158043594548396, 0.0158043594548396, 0.0158043594548396, 
0.0158043594548396, 0.0158043594548396, 0.0158043594548396, 0.0158043594548396, 
0.0158043594548396, 0.0158043594548396, 2.90915786463297, 2.90915786463297, 
2.90876466874228, 2.90915786463297, 2.92390612285401, 2.90915786463297, 
2.91022956277668, 2.91022956277668, 2.90915786463297, 2.91022956277668, 
2.88357485074269, 2.8904051485568, 2.91723877150372, 2.91152358055107, 
2.92257574125231, 2.95097700554061, 2.8896849251802, 2.88454778201541, 
2.889884751764, 2.91055064927835, 2.88789617557202, 2.91222765215878, 
2.92360204641103, 2.9060716863922, 2.90778508468775, 2.87444009925627, 
2.90309309273379, 2.92457035595003, 2.89590768875984, 2.88586392012561, 
2.89891442099878, 2.89644955883744, 2.89755546377505, 2.92098459670639, 
2.88304812719908, 2.87449571180152, 2.88850272148519, 2.86644681166437, 
2.81585552936456, 2.911560607671, 2.90915786463297, 2.90915786463297, 
2.90876466874228, 2.90915786463297, 2.92390612285401, 2.90915786463297, 
2.91022956277668, 2.91022956277668, 2.90915786463297, 2.91022956277668, 
2.88357485074269, 2.8904051485568, 2.91723877150372, 2.91152358055107, 
2.92257574125231, 2.95097700554061, 2.8896849251802, 2.88454778201541, 
2.889884751764, 2.91055064927835, 2.88789617557202, 2.91222765215878, 
2.92360204641103, 2.9060716863922, 2.90778508468775, 2.87444009925627, 
2.90309309273379, 2.92457035595003, 2.89590768875984, 2.88586392012561, 
2.89891442099878, 2.89644955883744, 2.89755546377505, 2.92098459670639, 
2.88304812719908, 2.87449571180152, 2.88850272148519, 2.86644681166437, 
2.81585552936456, 2.911560607671, 10.428753344536, 10.428753344536, 
10.425728114154, 10.428753344536, 10.4955489796917, 10.428753344536, 
10.4357509483394, 10.4357509483394, 10.428753344536, 10.4357509483394, 
10.2716836457644, 10.3335308351665, 10.6457587635429, 10.6232066556284, 
10.7010832389443, 11.0567557212832, 10.3285996785162, 10.2770197390022, 
10.3323442144036, 10.6178705623906, 10.2763955434675, 10.5875635150009, 
10.6973390483274, 10.5710107856395, 10.5745742315976, 10.2602081532026, 
10.419624388415, 10.5571152317981, 10.5061645942152, 10.2875885218529, 
10.5110513916415, 10.5266259707717, 10.4215230411914, 10.8227332582615, 
10.427914302036, 10.204659194489, 10.3402103910309, 10.177886392479, 
9.87776369825102, 10.7591344397506, 10.428753344536, 10.428753344536, 
10.425728114154, 10.428753344536, 10.4955489796917, 10.428753344536, 
10.4357509483394, 10.4357509483394, 10.428753344536, 10.4357509483394, 
10.2716836457644, 10.3335308351665, 10.6457587635429, 10.6232066556284, 
10.7010832389443, 11.0567557212832, 10.3285996785162, 10.2770197390022, 
10.3323442144036, 10.6178705623906, 10.2763955434675, 10.5875635150009, 
10.6973390483274, 10.5710107856395, 10.5745742315976, 10.2602081532026, 
10.419624388415, 10.5571152317981, 10.5061645942152, 10.2875885218529, 
10.5110513916415, 10.5266259707717, 10.4215230411914, 10.8227332582615, 
10.427914302036, 10.204659194489, 10.3402103910309, 10.177886392479, 
9.87776369825102, 10.7591344397506, 0.117693046478721, 0.117693046478721, 
0.119366997079541, 0.117693046478721, 0.119448161721995, 0.117693046478721, 
0.119184153858998, 0.119184153858998, 0.117693046478721, 0.119184153858998, 
0.119299361784666, 0.120033665781041, 0.119272836674268, 0.119258241320333, 
0.117884040008032, 0.118573087555179, 0.12087404095391, 0.119871194921371, 
0.118736145418195, 0.120004922680151, 0.123334265543988, 0.121690632684317, 
0.121075117053573, 0.119705729043742, 0.12052511012825, 0.119870794466091, 
0.117463980791915, 0.117037155543717, 0.120578692673445, 0.123248609054742, 
0.116474090031712, 0.120167443582988, 0.122084609960223, 0.119816404073002, 
0.123758925689774, 0.124769850745264, 0.118330340595189, 0.122925516114928, 
0.122034914480932, 0.119841457288609, 0.884350515839725, 0.884350515839726, 
0.884990916052367, 0.884350515839725, 0.885401310041053, 0.884350515839725, 
0.884189280579079, 0.884189280579079, 0.884350515839725, 0.884189280579079, 
0.880120544518341, 0.882131413971438, 0.879688648192935, 0.879146093561944, 
0.881513905098778, 0.879975361294628, 0.882909091931018, 0.879954884802243, 
0.881747932351093, 0.879299807285987, 0.878109719803752, 0.877481140415619, 
0.882414563405137, 0.878539155672594, 0.876274017875595, 0.880312577986833, 
0.882383995513673, 0.88574419932274, 0.877091374580371, 0.881655911193758, 
0.877052739183162, 0.877098889912399, 0.882466431986456, 0.876294696965072, 
