tmp <-
structure(c(2, 2, 2, 2, 2, 2, 2, 2, 2, 2, 2, 2, 2, 2, 2, 2, 2, 
2, 2, 2, 2, 2, 2, 2, 2, 2, 2, 2, 2, 2, 2, 2, 2, 2, 2, 2, 2, 2, 
2, 2, 50, 50, 50, 50, 50, 50, 50, 50, 50, 50, 50, 50, 50, 50, 
50, 50, 50, 50, 50, 50, 50, 50, 50, 50, 50, 50, 50, 50, 50, 50, 
50, 50, 50, 50, 50, 50, 50, 50, 50, 50, 50, 50, 50, 50, 50, 50, 
50, 50, 50, 50, 50, 50, 50, 50, 50, 50, 50, 50, 50, 50, 50, 50, 
50, 50, 50, 50, 50, 50, 50, 50, 50, 50, 50, 50, 50, 50, 50, 50, 
50, 50, 0, 0, 0, 0, 0, 0, 0, 0, 0, 0, 0, 0, 0, 0, 0, 0, 0, 0, 
0, 0, 0, 0, 0, 0, 0, 0, 0, 0, 0, 0, 0, 0, 0, 0, 0, 0, 0, 0, 0, 
0, 100, 100, 100, 100, 100, 100, 100, 100, 100, 100, 100, 100, 
100, 100, 100, 100, 100, 100, 100, 100, 100, 100, 100, 100, 100, 
100, 100, 100, 100, 100, 100, 100, 100, 100, 100, 100, 100, 100, 
100, 100, 0.5, 0.5, 0.5, 0.5, 0.5, 0.5, 0.5, 0.5, 0.5, 0.5, 0.5, 
0.5, 0.5, 0.5, 0.5, 0.5, 0.5, 0.5, 0.5, 0.5, 0.5, 0.5, 0.5, 0.5, 
0.5, 0.5, 0.5, 0.5, 0.5, 0.5, 0.5, 0.5, 0.5, 0.5, 0.5, 0.5, 0.5, 
0.5, 0.5, 0.5, 1, 1, 1, 1, 1, 1, 1, 1, 1, 1, 1, 1, 1, 1, 1, 1, 
1, 1, 1, 1, 1, 1, 1, 1, 1, 1, 1, 1, 1, 1, 1, 1, 1, 1, 1, 1, 1, 
1, 1, 1, 0, 0, 0, 0, 0, 0, 0, 0, 0, 0, 0, 0, 0, 0, 0, 0, 0, 0, 
0, 0, 0, 0, 0, 0, 0, 0, 0, 0, 0, 0, 0, 0, 0, 0, 0, 0, 0, 0, 0, 
0, 2, 2, 2, 2, 2, 2, 2, 2, 2, 2, 2, 2, 2, 2, 2, 2, 2, 2, 2, 2, 
2, 2, 2, 2, 2, 2, 2, 2, 2, 2, 2, 2, 2, 2, 2, 2, 2, 2, 2, 2, 2, 
2, 2, 2, 2, 2, 2, 2, 2, 2, 2, 2, 2, 2, 2, 2, 2, 2, 2, 2, 2, 2, 
2, 2, 2, 2, 2, 2, 2, 2, 2, 2, 2, 2, 2, 2, 2, 2, 2, 2, 2, 2, 2, 
2, 2, 2, 2, 2, 2, 2, 2, 2, 2, 2, 2, 2, 2, 2, 2, 2, 2, 2, 2, 2, 
2, 2, 2, 2, 2, 2, 2, 2, 2, 2, 2, 2, 2, 2, 2, 2, 0, 0, 0, 0, 0, 
0, 0, 0, 0, 0, 0, 0, 0, 0, 0, 0, 0, 0, 0, 0, 0, 0, 0, 0, 0, 0, 
0, 0, 0, 0, 0, 0, 0, 0, 0, 0, 0, 0, 0, 0, 2, 2, 2, 2, 2, 2, 2, 
2, 2, 2, 2, 2, 2, 2, 2, 2, 2, 2, 2, 2, 2, 2, 2, 2, 2, 2, 2, 2, 
2, 2, 2, 2, 2, 2, 2, 2, 2, 2, 2, 2, 0.49, 0.49, 0.49, 0.49, 0.49, 
0.49, 0.49, 0.49, 0.49, 0.49, 0.46, 0.46, 0.46, 0.46, 0.46, 0.46, 
0.46, 0.46, 0.46, 0.46, 0.44, 0.44, 0.44, 0.44, 0.44, 0.44, 0.44, 
0.44, 0.44, 0.44, 0.41, 0.41, 0.41, 0.41, 0.41, 0.41, 0.41, 0.41, 
0.41, 0.41, 0.51, 0.51, 0.51, 0.51, 0.51, 0.51, 0.51, 0.51, 0.51, 
0.51, 0.54, 0.54, 0.54, 0.54, 0.54, 0.54, 0.54, 0.54, 0.54, 0.54, 
0.56, 0.56, 0.56, 0.56, 0.56, 0.56, 0.56, 0.56, 0.56, 0.56, 0.59, 
0.59, 0.59, 0.59, 0.59, 0.59, 0.59, 0.59, 0.59, 0.59, 0.5, 0.5, 
0.5, 0.5, 0.5, 0.5, 0.5, 0.5, 0.5, 0.5, 0.5, 0.5, 0.5, 0.5, 0.5, 
0.5, 0.5, 0.5, 0.5, 0.5, 0.5, 0.5, 0.5, 0.5, 0.5, 0.5, 0.5, 0.5, 
0.5, 0.5, 0.5, 0.5, 0.5, 0.5, 0.5, 0.5, 0.5, 0.5, 0.5, 0.5, 0.014142135623731, 
0.014142135623731, 0.014142135623731, 0.014142135623731, 0.014142135623731, 
0.014142135623731, 0.014142135623731, 0.014142135623731, 0.014142135623731, 
0.014142135623731, 0.0565685424949238, 0.0565685424949238, 0.0565685424949238, 
0.0565685424949238, 0.0565685424949238, 0.0565685424949238, 0.0565685424949238, 
0.0565685424949238, 0.0565685424949238, 0.0565685424949238, 0.0848528137423857, 
0.0848528137423857, 0.0848528137423857, 0.0848528137423857, 0.0848528137423857, 
0.0848528137423857, 0.0848528137423857, 0.0848528137423857, 0.0848528137423857, 
0.0848528137423857, 0.127279220613579, 0.127279220613579, 0.127279220613579, 
0.127279220613579, 0.127279220613579, 0.127279220613579, 0.127279220613579, 
0.127279220613579, 0.127279220613579, 0.127279220613579, 0.990376776890243, 
0.983772785321823, 0.983829194620463, 0.990527602693451, 0.996761395111267, 
1.00590638656145, 0.983667764494781, 0.988290209505679, 0.986878607777725, 
0.98281510234715, 0.98456234151179, 0.996992239836154, 0.988813139346605, 
1.01874330176902, 1.01564721250988, 0.979720077390812, 0.995346794022848, 
1.00982814867602, 0.98205966248731, 0.979174726424539, 0.962375172861206, 
0.993220156937633, 0.976970400217764, 1.01156275387059, 0.955702221098334, 
1.01939156634235, 0.998357114425556, 0.965534895500457, 0.99394971525374, 
1.02363275302512, 0.982231073877544, 1.01516749557081, 1.0079812148062, 
1.00612731015003, 0.997354592274683, 1.01417869407655, 0.978988132034236, 
0.981926644784851, 0.977189470814091, 0.990485155533022, 0.990376776890242, 
0.983772785321823, 0.983829194620463, 0.990527602693451, 0.996761395111267, 
1.00590638656144, 0.983667764494781, 0.988290209505679, 0.986878607777725, 
0.98281510234715, 0.98456234151179, 0.996992239836154, 0.988813139346605, 
1.01874330176902, 1.01564721250988, 0.979720077390812, 0.995346794022848, 
1.00982814867602, 0.98205966248731, 0.979174726424539, 0.962375172861206, 
0.993220156937632, 0.976970400217764, 1.01156275387059, 0.955702221098334, 
1.01939156634235, 0.998357114425556, 0.965534895500457, 0.99394971525374, 
1.02363275302512, 0.982231073877544, 1.01516749557081, 1.0079812148062, 
1.00612731015003, 0.997354592274683, 1.01417869407655, 0.978988132034236, 
0.981926644784851, 0.977189470814091, 0.990485155533022, 4.70630817449821, 
4.61268694148748, 4.64208589536906, 4.70526479321404, 4.70850938203488, 
4.86489197329762, 4.65431291993582, 4.66407213235601, 4.67703857913331, 
4.67471085226036, 4.61407346306923, 4.75779445374644, 4.70579841650985, 
4.7634649238686, 4.81591406241137, 4.6129894803742, 4.63427340696681, 
4.72790237371731, 4.60609761792908, 4.71762660634995, 4.60293051428368, 
4.69230156789924, 4.60781744493614, 4.82871451336816, 4.57625128590545, 
4.87756218089321, 4.63537598834594, 4.51478370545098, 4.67590756418519, 
4.97008609390497, 4.55561644896332, 4.80142883670256, 4.70455978296465, 
4.70441388400132, 4.6792382685803, 4.79022132936312, 4.53649224171579, 
4.58629405308765, 4.53775247575981, 4.56894241854608, 4.70630817449821, 
4.61268694148748, 4.64208589536906, 4.70526479321404, 4.70850938203489, 
4.86489197329762, 4.65431291993582, 4.66407213235601, 4.6770385791333, 
4.67471085226036, 4.61407346306923, 4.75779445374644, 4.70579841650985, 
4.7634649238686, 4.81591406241137, 4.6129894803742, 4.63427340696681, 
4.72790237371731, 4.60609761792908, 4.71762660634995, 4.60293051428368, 
4.69230156789925, 4.60781744493614, 4.82871451336816, 4.57625128590545, 
4.87756218089321, 4.63537598834594, 4.51478370545098, 4.67590756418519, 
4.97008609390497, 4.55561644896332, 4.80142883670256, 4.70455978296465, 
4.70441388400132, 4.6792382685803, 4.79022132936312, 4.53649224171579, 
4.58629405308765, 4.53775247575981, 4.56894241854608, 0.16852167986169, 
0.169342207771769, 0.166202446567108, 0.169569497710111, 0.16669205453792, 
0.158469762835515, 0.172864212616886, 0.17182634263249, 0.167834349326858, 
0.169622783309564, 0.1777443041236, 0.176818149233949, 0.169270659384389, 
0.177347306368077, 0.178850073415978, 0.176312829640744, 0.176626236349082, 
0.17754599749901, 0.177419917040871, 0.183066250045187, 0.176727734903939, 
0.177381512767318, 0.179584054305626, 0.177721199606729, 0.176420787676148, 
0.174103216965757, 0.185678585286875, 0.174556331722902, 0.183485726879065, 
0.166985899064601, 0.185772726184029, 0.175695592787356, 0.188295948441405, 
0.194227090558132, 0.190393912217216, 0.183640132074132, 0.185089301179289, 
0.178735449847155, 0.191696926107566, 0.186696241605106, 0.900451098056808, 
0.904894610918849, 0.905204611555827, 0.87628739292103, 0.875440501862427, 
0.921067881333314, 0.890496406677976, 0.889495616341843, 0.882954050182775, 
0.900210182762263, 0.864029740123756, 0.870700182048543, 0.90526018640916, 
0.857984220590531, 0.856720787913364, 0.843552536198467, 0.876413641848927, 
0.854624513666086, 0.868862306476145, 0.868886377774319, 0.894551173146328, 
0.879865900990714, 0.873058473767678, 0.871530366803702, 0.892743722371873, 
0.885648963510798, 0.862851436732702, 0.840820889467039, 0.885860734151434, 
0.903860158838238, 0.860270162191293, 0.832322405685518, 0.871246586103799, 
0.828015494071046, 0.825780985666569, 0.84869624725025, 0.831416563352998, 
0.893280574699057, 0.79473257834696, 0.827077579791987, 1, 1, 
1, 1, 1, 1, 1, 1, 1, 1, 1, 1, 1, 1, 1, 1, 1, 1, 1, 1, 1, 1, 1, 
1, 1, 1, 1, 1, 1, 1, 1, 1, 1, 1, 1, 1, 1, 1, 1, 1, 0.692947167224478, 
