tmp <-
structure(c(2, 2, 2, 2, 2, 2, 2, 2, 2, 2, 2, 2, 2, 2, 2, 2, 2, 
2, 2, 2, 2, 2, 2, 2, 2, 2, 2, 2, 2, 2, 2, 2, 2, 2, 2, 2, 2, 2, 
2, 2, 57, 57, 57, 57, 57, 57, 57, 57, 57, 57, 57, 57, 57, 57, 
57, 57, 57, 57, 57, 57, 57, 57, 57, 57, 57, 57, 57, 57, 57, 57, 
57, 57, 57, 57, 57, 57, 57, 57, 57, 57, 0, 0, 0, 0, 0, 0, 0, 
0, 0, 0, 0, 0, 0, 0, 0, 0, 0, 0, 0, 0, 0, 0, 0, 0, 0, 0, 0, 0, 
0, 0, 0, 0, 0, 0, 0, 0, 0, 0, 0, 0, 57, 57, 57, 57, 57, 57, 57, 
57, 57, 57, 57, 57, 57, 57, 57, 57, 57, 57, 57, 57, 57, 57, 57, 
57, 57, 57, 57, 57, 57, 57, 57, 57, 57, 57, 57, 57, 57, 57, 57, 
57, 106, 106, 106, 106, 106, 106, 106, 106, 106, 106, 106, 106, 
106, 106, 106, 106, 106, 106, 106, 106, 106, 106, 106, 106, 106, 
106, 106, 106, 106, 106, 106, 106, 106, 106, 106, 106, 106, 106, 
106, 106, 0.537735849056604, 0.537735849056604, 0.537735849056604, 
0.537735849056604, 0.537735849056604, 0.537735849056604, 0.537735849056604, 
0.537735849056604, 0.537735849056604, 0.537735849056604, 0.537735849056604, 
0.537735849056604, 0.537735849056604, 0.537735849056604, 0.537735849056604, 
0.537735849056604, 0.537735849056604, 0.537735849056604, 0.537735849056604, 
0.537735849056604, 0.537735849056604, 0.537735849056604, 0.537735849056604, 
0.537735849056604, 0.537735849056604, 0.537735849056604, 0.537735849056604, 
0.537735849056604, 0.537735849056604, 0.537735849056604, 0.537735849056604, 
0.537735849056604, 0.537735849056604, 0.537735849056604, 0.537735849056604, 
0.537735849056604, 0.537735849056604, 0.537735849056604, 0.537735849056604, 
0.537735849056604, 0, 0, 0, 0, 0, 0, 0, 0, 0, 0, 0, 0, 0, 0, 
0, 0, 0, 0, 0, 0, 0, 0, 0, 0, 0, 0, 0, 0, 0, 0, 0, 0, 0, 0, 0, 
0, 0, 0, 0, 0, 1, 1, 1, 1, 1, 1, 1, 1, 1, 1, 1, 1, 1, 1, 1, 1, 
1, 1, 1, 1, 1, 1, 1, 1, 1, 1, 1, 1, 1, 1, 1, 1, 1, 1, 1, 1, 1, 
1, 1, 1, 2, 2, 2, 2, 2, 2, 2, 2, 2, 2, 2, 2, 2, 2, 2, 2, 2, 2, 
2, 2, 2, 2, 2, 2, 2, 2, 2, 2, 2, 2, 2, 2, 2, 2, 2, 2, 2, 2, 2, 
2, 4, 4, 4, 4, 4, 4, 4, 4, 4, 4, 4, 4, 4, 4, 4, 4, 4, 4, 4, 4, 
4, 4, 4, 4, 4, 4, 4, 4, 4, 4, 4, 4, 4, 4, 4, 4, 4, 4, 4, 4, 3.96551724137931, 
3.96551724137931, 3.96551724137931, 3.96551724137931, 3.96551724137931, 
3.96551724137931, 3.96551724137931, 3.96551724137931, 3.96551724137931, 
3.96551724137931, 3.96551724137931, 3.96551724137931, 3.96551724137931, 
3.96551724137931, 3.96551724137931, 3.96551724137931, 3.96551724137931, 
3.96551724137931, 3.96551724137931, 3.96551724137931, 3.96551724137931, 
3.96551724137931, 3.96551724137931, 3.96551724137931, 3.96551724137931, 
3.96551724137931, 3.96551724137931, 3.96551724137931, 3.96551724137931, 
3.96551724137931, 3.96551724137931, 3.96551724137931, 3.96551724137931, 
3.96551724137931, 3.96551724137931, 3.96551724137931, 3.96551724137931, 
3.96551724137931, 3.96551724137931, 3.96551724137931, 0.262612865719445, 
0.262612865719445, 0.262612865719445, 0.262612865719445, 0.262612865719445, 
0.262612865719445, 0.262612865719445, 0.262612865719445, 0.262612865719445, 
0.262612865719445, 0.262612865719445, 0.262612865719445, 0.262612865719445, 
0.262612865719445, 0.262612865719445, 0.262612865719445, 0.262612865719445, 
0.262612865719445, 0.262612865719445, 0.262612865719445, 0.262612865719445, 
0.262612865719445, 0.262612865719445, 0.262612865719445, 0.262612865719445, 
0.262612865719445, 0.262612865719445, 0.262612865719445, 0.262612865719445, 
0.262612865719445, 0.262612865719445, 0.262612865719445, 0.262612865719445, 
0.262612865719445, 0.262612865719445, 0.262612865719445, 0.262612865719445, 
0.262612865719445, 0.262612865719445, 0.262612865719445, 230, 
230, 230, 230, 230, 230, 230, 230, 230, 230, 230, 230, 230, 230, 
230, 230, 230, 230, 230, 230, 230, 230, 230, 230, 230, 230, 230, 
230, 230, 230, 230, 230, 230, 230, 230, 230, 230, 230, 230, 230, 
0.481132075471698, 0.481132075471698, 0.481132075471698, 0.481132075471698, 
0.481132075471698, 0.481132075471698, 0.481132075471698, 0.481132075471698, 
0.481132075471698, 0.481132075471698, 0.452830188679245, 0.452830188679245, 
0.452830188679245, 0.452830188679245, 0.452830188679245, 0.452830188679245, 
0.452830188679245, 0.452830188679245, 0.452830188679245, 0.452830188679245, 
0.433962264150943, 0.433962264150943, 0.433962264150943, 0.433962264150943, 
0.433962264150943, 0.433962264150943, 0.433962264150943, 0.433962264150943, 
0.433962264150943, 0.433962264150943, 0.405660377358491, 0.405660377358491, 
0.405660377358491, 0.405660377358491, 0.405660377358491, 0.405660377358491, 
0.405660377358491, 0.405660377358491, 0.405660377358491, 0.405660377358491, 
0.518867924528302, 0.518867924528302, 0.518867924528302, 0.518867924528302, 
0.518867924528302, 0.518867924528302, 0.518867924528302, 0.518867924528302, 
0.518867924528302, 0.518867924528302, 0.547169811320755, 0.547169811320755, 
0.547169811320755, 0.547169811320755, 0.547169811320755, 0.547169811320755, 
0.547169811320755, 0.547169811320755, 0.547169811320755, 0.547169811320755, 
0.566037735849057, 0.566037735849057, 0.566037735849057, 0.566037735849057, 
0.566037735849057, 0.566037735849057, 0.566037735849057, 0.566037735849057, 
0.566037735849057, 0.566037735849057, 0.594339622641509, 0.594339622641509, 
0.594339622641509, 0.594339622641509, 0.594339622641509, 0.594339622641509, 
0.594339622641509, 0.594339622641509, 0.594339622641509, 0.594339622641509, 
0.5, 0.5, 0.5, 0.5, 0.5, 0.5, 0.5, 0.5, 0.5, 0.5, 0.5, 0.5, 0.5, 
0.5, 0.5, 0.5, 0.5, 0.5, 0.5, 0.5, 0.5, 0.5, 0.5, 0.5, 0.5, 0.5, 
0.5, 0.5, 0.5, 0.5, 0.5, 0.5, 0.5, 0.5, 0.5, 0.5, 0.5, 0.5, 0.5, 
0.5, 0.0266832747617565, 0.0266832747617565, 0.0266832747617565, 
0.0266832747617565, 0.0266832747617565, 0.0266832747617565, 0.0266832747617565, 
0.0266832747617565, 0.0266832747617565, 0.0266832747617565, 0.0667081869043913, 
0.0667081869043913, 0.0667081869043913, 0.0667081869043913, 0.0667081869043913, 
0.0667081869043913, 0.0667081869043913, 0.0667081869043913, 0.0667081869043913, 
0.0667081869043913, 0.0933914616661478, 0.0933914616661478, 0.0933914616661478, 
0.0933914616661478, 0.0933914616661478, 0.0933914616661478, 0.0933914616661478, 
0.0933914616661478, 0.0933914616661478, 0.0933914616661478, 0.133416373808783, 
0.133416373808783, 0.133416373808783, 0.133416373808783, 0.133416373808783, 
0.133416373808783, 0.133416373808783, 0.133416373808783, 0.133416373808783, 
0.133416373808783, 0, 0, 0, 0, 0, 0, 0, 0, 0, 0, 0, 0, 0, 0, 
0, 0, 0, 0, 0, 0, 0, 0, 0, 0, 0, 0, 0, 0, 0, 0, 0, 0, 0, 0, 0, 
0, 0, 0, 0, 0, 1.40542961564631, 1.40270970485405, 1.40425695343245, 
1.40303153744653, 1.41067612269394, 1.40453644253178, 1.40098268972771, 
1.41483122631064, 1.4063521199514, 1.40522854335162, 1.38670992793229, 
1.39149660745698, 1.40449161854048, 1.41605290921737, 1.39972841044139, 
1.41691347369267, 1.38403611315645, 1.38348317739834, 1.41306357748873, 
1.40935661080512, 1.40088548205543, 1.40371713395273, 1.40765804030847, 
1.41911870998888, 1.40814211013155, 1.41945243483736, 1.40458452219472, 
1.40169765027947, 1.40576692495268, 1.40216549679086, 1.40952509171464, 
1.3832533236383, 1.42625215033759, 1.40337335480662, 1.40858504785873, 
1.39329236752097, 1.4068922007805, 1.39581817878383, 1.39204552280464, 
1.41602035598453, 3, 3, 3, 3, 3, 3, 3, 3, 3, 3, 3, 3, 3, 3, 3, 
3, 3, 3, 3, 3, 3, 3, 3, 3, 3, 3, 3, 3, 3, 3, 3, 3, 3, 3, 3, 3, 
3, 3, 3, 3, 3.6831744708962, 3.66658503866125, 3.68945533773617, 
3.67512929009868, 3.77134013001316, 3.68578230257146, 3.66173461079049, 
3.77921491892078, 3.7007515045089, 3.69583576736515, 3.52753939709581, 
3.54478859615478, 3.66089273086288, 3.75419023000518, 3.64724040298808, 
3.75687202582659, 3.51908418593894, 3.51184284818511, 3.71956418065285, 
3.74275500163788, 3.59783023321568, 3.64055857319148, 3.70177119671733, 
3.75379001770415, 3.70108663376374, 3.75043003131676, 3.64532758490033, 
3.66612817852923, 3.6690552758048, 3.62615645987455, 3.65632962003132, 
3.48883781248892, 3.83379628337117, 3.63680860517652, 3.66189836630371, 
3.53179914428782, 3.66507029775197, 3.53719949771132, 3.56451458399398, 
