tmp <-
structure(c(2, 2, 2, 2, 2, 2, 2, 2, 2, 2, 2, 2, 2, 2, 2, 2, 2, 
2, 2, 2, 2, 2, 2, 2, 2, 2, 2, 2, 2, 2, 2, 2, 2, 2, 2, 2, 2, 2, 
2, 2, 6, 6, 6, 6, 6, 6, 6, 6, 6, 6, 6, 6, 6, 6, 6, 6, 6, 6, 6, 
6, 6, 6, 6, 6, 6, 6, 6, 6, 6, 6, 6, 6, 6, 6, 6, 6, 6, 6, 6, 6, 
0, 0, 0, 0, 0, 0, 0, 0, 0, 0, 0, 0, 0, 0, 0, 0, 0, 0, 0, 0, 0, 
0, 0, 0, 0, 0, 0, 0, 0, 0, 0, 0, 0, 0, 0, 0, 0, 0, 0, 0, 6, 6, 
6, 6, 6, 6, 6, 6, 6, 6, 6, 6, 6, 6, 6, 6, 6, 6, 6, 6, 6, 6, 6, 
6, 6, 6, 6, 6, 6, 6, 6, 6, 6, 6, 6, 6, 6, 6, 6, 6, 556, 556, 
556, 556, 556, 556, 556, 556, 556, 556, 556, 556, 556, 556, 556, 
556, 556, 556, 556, 556, 556, 556, 556, 556, 556, 556, 556, 556, 
556, 556, 556, 556, 556, 556, 556, 556, 556, 556, 556, 556, 0.0107913669064748, 
0.0107913669064748, 0.0107913669064748, 0.0107913669064748, 0.0107913669064748, 
0.0107913669064748, 0.0107913669064748, 0.0107913669064748, 0.0107913669064748, 
0.0107913669064748, 0.0107913669064748, 0.0107913669064748, 0.0107913669064748, 
0.0107913669064748, 0.0107913669064748, 0.0107913669064748, 0.0107913669064748, 
0.0107913669064748, 0.0107913669064748, 0.0107913669064748, 0.0107913669064748, 
0.0107913669064748, 0.0107913669064748, 0.0107913669064748, 0.0107913669064748, 
0.0107913669064748, 0.0107913669064748, 0.0107913669064748, 0.0107913669064748, 
0.0107913669064748, 0.0107913669064748, 0.0107913669064748, 0.0107913669064748, 
0.0107913669064748, 0.0107913669064748, 0.0107913669064748, 0.0107913669064748, 
0.0107913669064748, 0.0107913669064748, 0.0107913669064748, 0, 
0, 0, 0, 0, 0, 0, 0, 0, 0, 0, 0, 0, 0, 0, 0, 0, 0, 0, 0, 0, 0, 
0, 0, 0, 0, 0, 0, 0, 0, 0, 0, 0, 0, 0, 0, 0, 0, 0, 0, 1, 1, 1, 
1, 1, 1, 1, 1, 1, 1, 1, 1, 1, 1, 1, 1, 1, 1, 1, 1, 1, 1, 1, 1, 
1, 1, 1, 1, 1, 1, 1, 1, 1, 1, 1, 1, 1, 1, 1, 1, 2, 2, 2, 2, 2, 
2, 2, 2, 2, 2, 2, 2, 2, 2, 2, 2, 2, 2, 2, 2, 2, 2, 2, 2, 2, 2, 
2, 2, 2, 2, 2, 2, 2, 2, 2, 2, 2, 2, 2, 2, 4, 4, 4, 4, 4, 4, 4, 
4, 4, 4, 4, 4, 4, 4, 4, 4, 4, 4, 4, 4, 4, 4, 4, 4, 4, 4, 4, 4, 
4, 4, 4, 4, 4, 4, 4, 4, 4, 4, 4, 4, 2.71428571428571, 2.71428571428571, 
2.71428571428571, 2.71428571428571, 2.71428571428571, 2.71428571428571, 
2.71428571428571, 2.71428571428571, 2.71428571428571, 2.71428571428571, 
2.71428571428571, 2.71428571428571, 2.71428571428571, 2.71428571428571, 
2.71428571428571, 2.71428571428571, 2.71428571428571, 2.71428571428571, 
2.71428571428571, 2.71428571428571, 2.71428571428571, 2.71428571428571, 
2.71428571428571, 2.71428571428571, 2.71428571428571, 2.71428571428571, 
2.71428571428571, 2.71428571428571, 2.71428571428571, 2.71428571428571, 
2.71428571428571, 2.71428571428571, 2.71428571428571, 2.71428571428571, 
2.71428571428571, 2.71428571428571, 2.71428571428571, 2.71428571428571, 
2.71428571428571, 2.71428571428571, 0.755928946018454, 0.755928946018454, 
0.755928946018454, 0.755928946018454, 0.755928946018454, 0.755928946018454, 
0.755928946018454, 0.755928946018454, 0.755928946018454, 0.755928946018454, 
0.755928946018454, 0.755928946018454, 0.755928946018454, 0.755928946018454, 
0.755928946018454, 0.755928946018454, 0.755928946018454, 0.755928946018454, 
0.755928946018454, 0.755928946018454, 0.755928946018454, 0.755928946018454, 
0.755928946018454, 0.755928946018454, 0.755928946018454, 0.755928946018454, 
0.755928946018454, 0.755928946018454, 0.755928946018454, 0.755928946018454, 
0.755928946018454, 0.755928946018454, 0.755928946018454, 0.755928946018454, 
0.755928946018454, 0.755928946018454, 0.755928946018454, 0.755928946018454, 
0.755928946018454, 0.755928946018454, 19, 19, 19, 19, 19, 19, 
19, 19, 19, 19, 19, 19, 19, 19, 19, 19, 19, 19, 19, 19, 19, 19, 
19, 19, 19, 19, 19, 19, 19, 19, 19, 19, 19, 19, 19, 19, 19, 19, 
19, 19, 0.476618705035971, 0.476618705035971, 0.476618705035971, 
0.476618705035971, 0.476618705035971, 0.476618705035971, 0.476618705035971, 
0.476618705035971, 0.476618705035971, 0.476618705035971, 0.451438848920863, 
0.451438848920863, 0.451438848920863, 0.451438848920863, 0.451438848920863, 
0.451438848920863, 0.451438848920863, 0.451438848920863, 0.451438848920863, 
0.451438848920863, 0.426258992805755, 0.426258992805755, 0.426258992805755, 
0.426258992805755, 0.426258992805755, 0.426258992805755, 0.426258992805755, 
0.426258992805755, 0.426258992805755, 0.426258992805755, 0.401079136690647, 
0.401079136690647, 0.401079136690647, 0.401079136690647, 0.401079136690647, 
0.401079136690647, 0.401079136690647, 0.401079136690647, 0.401079136690647, 
0.401079136690647, 0.523381294964029, 0.523381294964029, 0.523381294964029, 
0.523381294964029, 0.523381294964029, 0.523381294964029, 0.523381294964029, 
0.523381294964029, 0.523381294964029, 0.523381294964029, 0.548561151079137, 
0.548561151079137, 0.548561151079137, 0.548561151079137, 0.548561151079137, 
0.548561151079137, 0.548561151079137, 0.548561151079137, 0.548561151079137, 
0.548561151079137, 0.573741007194245, 0.573741007194245, 0.573741007194245, 
0.573741007194245, 0.573741007194245, 0.573741007194245, 0.573741007194245, 
0.573741007194245, 0.573741007194245, 0.573741007194245, 0.598920863309353, 
0.598920863309353, 0.598920863309353, 0.598920863309353, 0.598920863309353, 
0.598920863309353, 0.598920863309353, 0.598920863309353, 0.598920863309353, 
0.598920863309353, 0.5, 0.5, 0.5, 0.5, 0.5, 0.5, 0.5, 0.5, 0.5, 
0.5, 0.5, 0.5, 0.5, 0.5, 0.5, 0.5, 0.5, 0.5, 0.5, 0.5, 0.5, 0.5, 
0.5, 0.5, 0.5, 0.5, 0.5, 0.5, 0.5, 0.5, 0.5, 0.5, 0.5, 0.5, 0.5, 
0.5, 0.5, 0.5, 0.5, 0.5, 0.0330661444439752, 0.0330661444439752, 
0.0330661444439752, 0.0330661444439752, 0.0330661444439752, 0.0330661444439752, 
0.0330661444439752, 0.0330661444439752, 0.0330661444439752, 0.0330661444439752, 
0.068675838460564, 0.068675838460564, 0.068675838460564, 0.068675838460564, 
0.068675838460564, 0.068675838460564, 0.068675838460564, 0.068675838460564, 
0.068675838460564, 0.068675838460564, 0.104285532477153, 0.104285532477153, 
0.104285532477153, 0.104285532477153, 0.104285532477153, 0.104285532477153, 
0.104285532477153, 0.104285532477153, 0.104285532477153, 0.104285532477153, 
0.139895226493741, 0.139895226493741, 0.139895226493741, 0.139895226493741, 
0.139895226493741, 0.139895226493741, 0.139895226493741, 0.139895226493741, 
0.139895226493741, 0.139895226493741, 0, 0, 0, 0, 0, 0, 0, 0, 
0, 0, 0, 0, 0, 0, 0, 0, 0, 0, 0, 0, 0, 0, 0, 0, 0, 0, 0, 0, 0, 
0, 0, 0, 0, 0, 0, 0, 0, 0, 0, 0, 0.649983249248803, 0.64685202490573, 
0.646626495673723, 0.648772205818298, 0.648961457287549, 0.645313042293363, 
0.645480544521255, 0.64683363873152, 0.645402479668353, 0.647020154511974, 
0.643867617578887, 0.644886911833109, 0.646403139424887, 0.643093283269307, 
0.644925371124381, 0.650384737492181, 0.644089837482391, 0.649023893093418, 
0.645649246182849, 0.646571100680129, 0.64609901965401, 0.644461805668216, 
0.644453397323232, 0.643410992439945, 0.648072145744426, 0.643103261783455, 
0.647505296122324, 0.641643030411079, 0.640419494706944, 0.647837062578536, 
0.64448214625402, 0.64449552361947, 0.641921437547067, 0.638603748308084, 
0.64615943536411, 0.639460801642344, 0.640648821955533, 0.644111789743904, 
0.643155397346475, 0.646558251666841, 3, 3, 3, 3, 3, 3, 3, 3, 
3, 3, 3, 3, 3, 3, 3, 3, 3, 3, 3, 3, 3, 3, 3, 3, 3, 3, 3, 3, 3, 
3, 3, 3, 3, 3, 3, 3, 3, 3, 3, 3, 1.61370805563234, 1.60436032214628, 
1.61350305261911, 1.6163300238821, 1.61056869910292, 1.60621965212781, 
1.60594991776465, 1.61360301066994, 1.60344867490074, 1.6033694986455, 
1.58725259728283, 1.60125655039873, 1.58992734831837, 1.58733678276476, 
1.60740643483525, 1.60388121562463, 1.59011900202045, 1.58351211848423, 
1.59184406952235, 1.60364306939462, 1.59165351540251, 1.57316381613226, 
1.57286807476788, 1.57472648432134, 1.57713614740829, 1.57520354015683, 
1.57097352182361, 1.57653357186509, 1.57250103220176, 1.56776373139217, 
1.58682748144889, 1.56241365636335, 1.56774988589761, 1.5620329573487, 
1.57218181266425, 1.55633518009074, 1.57505915600386, 1.58153573218463, 
1.56672014494327, 1.57577795625513, 0.0683971530565395, 0.0722035796267934, 
