tmp <-
structure(c(2, 2, 2, 2, 2, 2, 2, 2, 2, 2, 2, 2, 2, 2, 2, 2, 2, 
2, 2, 2, 2, 2, 2, 2, 2, 2, 2, 2, 2, 2, 2, 2, 2, 2, 2, 2, 2, 2, 
2, 2, 6, 6, 6, 6, 6, 6, 6, 6, 6, 6, 6, 6, 6, 6, 6, 6, 6, 6, 6, 
6, 6, 6, 6, 6, 6, 6, 6, 6, 6, 6, 6, 6, 6, 6, 6, 6, 6, 6, 6, 6, 
0, 0, 0, 0, 0, 0, 0, 0, 0, 0, 0, 0, 0, 0, 0, 0, 0, 0, 0, 0, 0, 
0, 0, 0, 0, 0, 0, 0, 0, 0, 0, 0, 0, 0, 0, 0, 0, 0, 0, 0, 6, 6, 
6, 6, 6, 6, 6, 6, 6, 6, 6, 6, 6, 6, 6, 6, 6, 6, 6, 6, 6, 6, 6, 
6, 6, 6, 6, 6, 6, 6, 6, 6, 6, 6, 6, 6, 6, 6, 6, 6, 601, 601, 
601, 601, 601, 601, 601, 601, 601, 601, 601, 601, 601, 601, 601, 
601, 601, 601, 601, 601, 601, 601, 601, 601, 601, 601, 601, 601, 
601, 601, 601, 601, 601, 601, 601, 601, 601, 601, 601, 601, 0.00998336106489185, 
0.00998336106489185, 0.00998336106489185, 0.00998336106489185, 
0.00998336106489185, 0.00998336106489185, 0.00998336106489185, 
0.00998336106489185, 0.00998336106489185, 0.00998336106489185, 
0.00998336106489185, 0.00998336106489185, 0.00998336106489185, 
0.00998336106489185, 0.00998336106489185, 0.00998336106489185, 
0.00998336106489185, 0.00998336106489185, 0.00998336106489185, 
0.00998336106489185, 0.00998336106489185, 0.00998336106489185, 
0.00998336106489185, 0.00998336106489185, 0.00998336106489185, 
0.00998336106489185, 0.00998336106489185, 0.00998336106489185, 
0.00998336106489185, 0.00998336106489185, 0.00998336106489185, 
0.00998336106489185, 0.00998336106489185, 0.00998336106489185, 
0.00998336106489185, 0.00998336106489185, 0.00998336106489185, 
0.00998336106489185, 0.00998336106489185, 0.00998336106489185, 
0, 0, 0, 0, 0, 0, 0, 0, 0, 0, 0, 0, 0, 0, 0, 0, 0, 0, 0, 0, 0, 
0, 0, 0, 0, 0, 0, 0, 0, 0, 0, 0, 0, 0, 0, 0, 0, 0, 0, 0, 1, 1, 
1, 1, 1, 1, 1, 1, 1, 1, 1, 1, 1, 1, 1, 1, 1, 1, 1, 1, 1, 1, 1, 
1, 1, 1, 1, 1, 1, 1, 1, 1, 1, 1, 1, 1, 1, 1, 1, 1, 2, 2, 2, 2, 
2, 2, 2, 2, 2, 2, 2, 2, 2, 2, 2, 2, 2, 2, 2, 2, 2, 2, 2, 2, 2, 
2, 2, 2, 2, 2, 2, 2, 2, 2, 2, 2, 2, 2, 2, 2, 4, 4, 4, 4, 4, 4, 
4, 4, 4, 4, 4, 4, 4, 4, 4, 4, 4, 4, 4, 4, 4, 4, 4, 4, 4, 4, 4, 
4, 4, 4, 4, 4, 4, 4, 4, 4, 4, 4, 4, 4, 2.71428571428571, 2.71428571428571, 
2.71428571428571, 2.71428571428571, 2.71428571428571, 2.71428571428571, 
2.71428571428571, 2.71428571428571, 2.71428571428571, 2.71428571428571, 
2.71428571428571, 2.71428571428571, 2.71428571428571, 2.71428571428571, 
2.71428571428571, 2.71428571428571, 2.71428571428571, 2.71428571428571, 
2.71428571428571, 2.71428571428571, 2.71428571428571, 2.71428571428571, 
2.71428571428571, 2.71428571428571, 2.71428571428571, 2.71428571428571, 
2.71428571428571, 2.71428571428571, 2.71428571428571, 2.71428571428571, 
2.71428571428571, 2.71428571428571, 2.71428571428571, 2.71428571428571, 
2.71428571428571, 2.71428571428571, 2.71428571428571, 2.71428571428571, 
2.71428571428571, 2.71428571428571, 0.755928946018454, 0.755928946018454, 
0.755928946018454, 0.755928946018454, 0.755928946018454, 0.755928946018454, 
0.755928946018454, 0.755928946018454, 0.755928946018454, 0.755928946018454, 
0.755928946018454, 0.755928946018454, 0.755928946018454, 0.755928946018454, 
0.755928946018454, 0.755928946018454, 0.755928946018454, 0.755928946018454, 
0.755928946018454, 0.755928946018454, 0.755928946018454, 0.755928946018454, 
0.755928946018454, 0.755928946018454, 0.755928946018454, 0.755928946018454, 
0.755928946018454, 0.755928946018454, 0.755928946018454, 0.755928946018454, 
0.755928946018454, 0.755928946018454, 0.755928946018454, 0.755928946018454, 
0.755928946018454, 0.755928946018454, 0.755928946018454, 0.755928946018454, 
0.755928946018454, 0.755928946018454, 19, 19, 19, 19, 19, 19, 
19, 19, 19, 19, 19, 19, 19, 19, 19, 19, 19, 19, 19, 19, 19, 19, 
19, 19, 19, 19, 19, 19, 19, 19, 19, 19, 19, 19, 19, 19, 19, 19, 
19, 19, 0.374376039933444, 0.374376039933444, 0.374376039933444, 
0.374376039933444, 0.374376039933444, 0.374376039933444, 0.374376039933444, 
0.374376039933444, 0.374376039933444, 0.374376039933444, 0.40765391014975, 
0.40765391014975, 0.40765391014975, 0.40765391014975, 0.40765391014975, 
0.40765391014975, 0.40765391014975, 0.40765391014975, 0.40765391014975, 
0.40765391014975, 0.440931780366057, 0.440931780366057, 0.440931780366057, 
0.440931780366057, 0.440931780366057, 0.440931780366057, 0.440931780366057, 
0.440931780366057, 0.440931780366057, 0.440931780366057, 0.474209650582363, 
0.474209650582363, 0.474209650582363, 0.474209650582363, 0.474209650582363, 
0.474209650582363, 0.474209650582363, 0.474209650582363, 0.474209650582363, 
0.474209650582363, 0.625623960066556, 0.625623960066556, 0.625623960066556, 
0.625623960066556, 0.625623960066556, 0.625623960066556, 0.625623960066556, 
0.625623960066556, 0.625623960066556, 0.625623960066556, 0.59234608985025, 
0.59234608985025, 0.59234608985025, 0.59234608985025, 0.59234608985025, 
0.59234608985025, 0.59234608985025, 0.59234608985025, 0.59234608985025, 
0.59234608985025, 0.559068219633943, 0.559068219633943, 0.559068219633943, 
0.559068219633943, 0.559068219633943, 0.559068219633943, 0.559068219633943, 
0.559068219633943, 0.559068219633943, 0.559068219633943, 0.525790349417637, 
0.525790349417637, 0.525790349417637, 0.525790349417637, 0.525790349417637, 
0.525790349417637, 0.525790349417637, 0.525790349417637, 0.525790349417637, 
0.525790349417637, 0.5, 0.5, 0.5, 0.5, 0.5, 0.5, 0.5, 0.5, 0.5, 
0.5, 0.5, 0.5, 0.5, 0.5, 0.5, 0.5, 0.5, 0.5, 0.5, 0.5, 0.5, 0.5, 
0.5, 0.5, 0.5, 0.5, 0.5, 0.5, 0.5, 0.5, 0.5, 0.5, 0.5, 0.5, 0.5, 
0.5, 0.5, 0.5, 0.5, 0.5, 0.177659108085139, 0.177659108085139, 
0.177659108085139, 0.177659108085139, 0.177659108085139, 0.177659108085139, 
0.177659108085139, 0.177659108085139, 0.177659108085139, 0.177659108085139, 
0.130597092698347, 0.130597092698347, 0.130597092698347, 0.130597092698347, 
0.130597092698347, 0.130597092698347, 0.130597092698347, 0.130597092698347, 
0.130597092698347, 0.130597092698347, 0.0835350773115555, 0.0835350773115555, 
0.0835350773115555, 0.0835350773115555, 0.0835350773115555, 0.0835350773115555, 
0.0835350773115555, 0.0835350773115555, 0.0835350773115555, 0.0835350773115555, 
0.0364730619247636, 0.0364730619247636, 0.0364730619247636, 0.0364730619247636, 
0.0364730619247636, 0.0364730619247636, 0.0364730619247636, 0.0364730619247636, 
0.0364730619247636, 0.0364730619247636, 0, 0, 0, 0, 0, 0, 0, 
0, 0, 0, 0, 0, 0, 0, 0, 0, 0, 0, 0, 0, 0, 0, 0, 0, 0, 0, 0, 0, 
0, 0, 0, 0, 0, 0, 0, 0, 0, 0, 0, 0, 0.721252288385686, 0.72043912797743, 
0.715992051041984, 0.718466149630535, 0.716629443693622, 0.718998668759324, 
0.722052073136376, 0.707599487670957, 0.707738670348885, 0.706056710842536, 
0.711671882208975, 0.712838267709766, 0.713311615766563, 0.709506269071767, 
0.717211585463018, 0.714758572234701, 0.71317478574514, 0.709146732454883, 
0.716209274938314, 0.711407875366808, 0.715638594718997, 0.707217423287819, 
0.711177918815495, 0.700826899182064, 0.71466290272956, 0.718997476208545, 
0.70968922664071, 0.705735846783751, 0.713293014314752, 0.719884390400981, 
0.713150873733656, 0.718164844723893, 0.720643145843308, 0.70637571319142, 
0.708911836181198, 0.706626235300608, 0.71017784237148, 0.711478372228051, 
0.709146316590193, 0.716333685923616, 3, 3, 3, 3, 3, 3, 3, 3, 
3, 3, 3, 3, 3, 3, 3, 3, 3, 3, 3, 3, 3, 3, 3, 3, 3, 3, 3, 3, 3, 
3, 3, 3, 3, 3, 3, 3, 3, 3, 3, 3, 1.66305908339763, 1.65871836020936, 
1.6637971599631, 1.65246797717009, 1.66150246350849, 1.66517761037065, 
1.67868161371258, 1.64834474767544, 1.66168073771795, 1.6506396000075, 
1.65000687306747, 1.65362364730177, 1.66780677100215, 1.65094275811929, 
1.65672688695194, 1.66707943104177, 1.66142684186423, 1.64608163123052, 
1.65719255783652, 1.65357882426279, 1.66615421337054, 1.63818149833177, 
1.63965855950212, 1.63930670308451, 1.65646077520727, 1.6562842656115, 
1.64876701742172, 1.6517287393503, 1.65103548232435, 1.64632984279261, 
1.64877334289138, 1.65759080025074, 1.67114235410371, 1.6393485204666, 
1.64933836616644, 1.64191220983225, 1.64328682058583, 1.64648281458913, 
1.64136223100266, 1.65163745903217, 0.131776196402087, 0.137484672288879, 
