tmp <-
structure(c(15, 15, 15, 15, 15, 15, 15, 15, 15, 15, 15, 15, 15, 
15, 15, 15, 15, 15, 15, 15, 15, 15, 15, 15, 15, 15, 15, 15, 15, 
15, 15, 15, 15, 15, 15, 15, 15, 15, 15, 15, 90, 90, 90, 90, 90, 
90, 90, 90, 90, 90, 90, 90, 90, 90, 90, 90, 90, 90, 90, 90, 90, 
90, 90, 90, 90, 90, 90, 90, 90, 90, 90, 90, 90, 90, 90, 90, 90, 
90, 90, 90, 90, 90, 90, 90, 90, 90, 90, 90, 90, 90, 90, 90, 90, 
90, 90, 90, 90, 90, 90, 90, 90, 90, 90, 90, 90, 90, 90, 90, 90, 
90, 90, 90, 90, 90, 90, 90, 90, 90, 90, 90, 0, 0, 0, 0, 0, 0, 
0, 0, 0, 0, 0, 0, 0, 0, 0, 0, 0, 0, 0, 0, 0, 0, 0, 0, 0, 0, 0, 
0, 0, 0, 0, 0, 0, 0, 0, 0, 0, 0, 0, 0, 360, 360, 360, 360, 360, 
360, 360, 360, 360, 360, 360, 360, 360, 360, 360, 360, 360, 360, 
360, 360, 360, 360, 360, 360, 360, 360, 360, 360, 360, 360, 360, 
360, 360, 360, 360, 360, 360, 360, 360, 360, 0.25, 0.25, 0.25, 
0.25, 0.25, 0.25, 0.25, 0.25, 0.25, 0.25, 0.25, 0.25, 0.25, 0.25, 
0.25, 0.25, 0.25, 0.25, 0.25, 0.25, 0.25, 0.25, 0.25, 0.25, 0.25, 
0.25, 0.25, 0.25, 0.25, 0.25, 0.25, 0.25, 0.25, 0.25, 0.25, 0.25, 
0.25, 0.25, 0.25, 0.25, 1, 1, 1, 1, 1, 1, 1, 1, 1, 1, 1, 1, 1, 
1, 1, 1, 1, 1, 1, 1, 1, 1, 1, 1, 1, 1, 1, 1, 1, 1, 1, 1, 1, 1, 
1, 1, 1, 1, 1, 1, 0, 0, 0, 0, 0, 0, 0, 0, 0, 0, 0, 0, 0, 0, 0, 
0, 0, 0, 0, 0, 0, 0, 0, 0, 0, 0, 0, 0, 0, 0, 0, 0, 0, 0, 0, 0, 
0, 0, 0, 0, 15, 15, 15, 15, 15, 15, 15, 15, 15, 15, 15, 15, 15, 
15, 15, 15, 15, 15, 15, 15, 15, 15, 15, 15, 15, 15, 15, 15, 15, 
15, 15, 15, 15, 15, 15, 15, 15, 15, 15, 15, 15, 15, 15, 15, 15, 
15, 15, 15, 15, 15, 15, 15, 15, 15, 15, 15, 15, 15, 15, 15, 15, 
15, 15, 15, 15, 15, 15, 15, 15, 15, 15, 15, 15, 15, 15, 15, 15, 
15, 15, 15, 15, 15, 15, 15, 15, 15, 15, 15, 15, 15, 15, 15, 15, 
15, 15, 15, 15, 15, 15, 15, 15, 15, 15, 15, 15, 15, 15, 15, 15, 
15, 15, 15, 15, 15, 15, 15, 15, 15, 15, 15, 0, 0, 0, 0, 0, 0, 
0, 0, 0, 0, 0, 0, 0, 0, 0, 0, 0, 0, 0, 0, 0, 0, 0, 0, 0, 0, 0, 
0, 0, 0, 0, 0, 0, 0, 0, 0, 0, 0, 0, 0, 15, 15, 15, 15, 15, 15, 
15, 15, 15, 15, 15, 15, 15, 15, 15, 15, 15, 15, 15, 15, 15, 15, 
15, 15, 15, 15, 15, 15, 15, 15, 15, 15, 15, 15, 15, 15, 15, 15, 
15, 15, 0.0638888888888889, 0.0638888888888889, 0.0638888888888889, 
0.0638888888888889, 0.0638888888888889, 0.0638888888888889, 0.0638888888888889, 
0.0638888888888889, 0.0638888888888889, 0.0638888888888889, 0.0611111111111111, 
0.0611111111111111, 0.0611111111111111, 0.0611111111111111, 0.0611111111111111, 
0.0611111111111111, 0.0611111111111111, 0.0611111111111111, 0.0611111111111111, 
0.0611111111111111, 0.0583333333333333, 0.0583333333333333, 0.0583333333333333, 
0.0583333333333333, 0.0583333333333333, 0.0583333333333333, 0.0583333333333333, 
0.0583333333333333, 0.0583333333333333, 0.0583333333333333, 0.0555555555555556, 
0.0555555555555556, 0.0555555555555556, 0.0555555555555556, 0.0555555555555556, 
0.0555555555555556, 0.0555555555555556, 0.0555555555555556, 0.0555555555555556, 
0.0555555555555556, 0.0694444444444444, 0.0694444444444444, 0.0694444444444444, 
0.0694444444444444, 0.0694444444444444, 0.0694444444444444, 0.0694444444444444, 
0.0694444444444444, 0.0694444444444444, 0.0694444444444444, 0.0722222222222222, 
0.0722222222222222, 0.0722222222222222, 0.0722222222222222, 0.0722222222222222, 
0.0722222222222222, 0.0722222222222222, 0.0722222222222222, 0.0722222222222222, 
0.0722222222222222, 0.075, 0.075, 0.075, 0.075, 0.075, 0.075, 
0.075, 0.075, 0.075, 0.075, 0.0777777777777778, 0.0777777777777778, 
0.0777777777777778, 0.0777777777777778, 0.0777777777777778, 0.0777777777777778, 
0.0777777777777778, 0.0777777777777778, 0.0777777777777778, 0.0777777777777778, 
0.0666666666666667, 0.0666666666666667, 0.0666666666666667, 0.0666666666666667, 
0.0666666666666667, 0.0666666666666667, 0.0666666666666667, 0.0666666666666667, 
0.0666666666666667, 0.0666666666666667, 0.0666666666666667, 0.0666666666666667, 
0.0666666666666667, 0.0666666666666667, 0.0666666666666667, 0.0666666666666667, 
0.0666666666666667, 0.0666666666666667, 0.0666666666666667, 0.0666666666666667, 
0.0666666666666667, 0.0666666666666667, 0.0666666666666667, 0.0666666666666667, 
0.0666666666666667, 0.0666666666666667, 0.0666666666666667, 0.0666666666666667, 
0.0666666666666667, 0.0666666666666667, 0.0666666666666667, 0.0666666666666667, 
0.0666666666666667, 0.0666666666666667, 0.0666666666666667, 0.0666666666666667, 
0.0666666666666667, 0.0666666666666667, 0.0666666666666667, 0.0666666666666667, 
0.00104990131391452, 0.00104990131391452, 0.00104990131391452, 
0.00104990131391452, 0.00104990131391452, 0.00104990131391452, 
0.00104990131391452, 0.00104990131391452, 0.00104990131391452, 
0.00104990131391452, 0.00209980262782904, 0.00209980262782904, 
0.00209980262782904, 0.00209980262782904, 0.00209980262782904, 
0.00209980262782904, 0.00209980262782904, 0.00209980262782904, 
0.00209980262782904, 0.00209980262782904, 0.00314970394174356, 
0.00314970394174356, 0.00314970394174356, 0.00314970394174356, 
0.00314970394174356, 0.00314970394174356, 0.00314970394174356, 
0.00314970394174356, 0.00314970394174356, 0.00314970394174356, 
0.00419960525565808, 0.00419960525565808, 0.00419960525565808, 
0.00419960525565808, 0.00419960525565808, 0.00419960525565808, 
0.00419960525565808, 0.00419960525565808, 0.00419960525565808, 
0.00419960525565808, 0.43333830408565, 0.432741861342006, 0.431899403619706, 
0.435172830046771, 0.433276850378509, 0.432875120758172, 0.430991479326044, 
0.432218796944247, 0.433309656360661, 0.432218796944247, 0.432892365406061, 
0.432654104782152, 0.434494365927029, 0.432013191955378, 0.432986286531736, 
0.430429471785479, 0.432317768911613, 0.431588523527453, 0.431849876782506, 
0.434063670346513, 0.430877420998107, 0.431736744882131, 0.434110434933312, 
0.435440638685182, 0.432190172711121, 0.430367007553959, 0.432783388672025, 
0.431916993967479, 0.431850114905928, 0.428430633351075, 0.431451199593796, 
0.437940678986374, 0.435173798999426, 0.427991662566503, 0.436435016246977, 
0.433008507439748, 0.430699362810995, 0.43099655511926, 0.434622057667395, 
0.430093525019811, 0.43333830408565, 0.432741861342005, 0.431899403619706, 
0.435172830046771, 0.433276850378508, 0.432875120758172, 0.430991479326044, 
0.432218796944247, 0.433309656360661, 0.432218796944247, 0.432892365406061, 
0.432654104782152, 0.434494365927029, 0.432013191955378, 0.432986286531736, 
0.430429471785479, 0.432317768911613, 0.431588523527453, 0.431849876782506, 
0.434063670346513, 0.430877420998106, 0.431736744882131, 0.434110434933312, 
0.435440638685182, 0.432190172711121, 0.430367007553959, 0.432783388672025, 
0.431916993967479, 0.431850114905928, 0.428430633351075, 0.431451199593795, 
0.437940678986374, 0.435173798999426, 0.427991662566503, 0.436435016246977, 
0.433008507439748, 0.430699362810995, 0.43099655511926, 0.434622057667395, 
0.430093525019811, 2.46520256429605, 2.46240106988745, 2.45886372054981, 
2.47251794458866, 2.45943706290018, 2.47082538860156, 2.46778272013026, 
2.46225581373159, 2.45919459529541, 2.46225581373159, 2.46236958079377, 
2.47620670146526, 2.48211494413542, 2.45959098318097, 2.46864363591342, 
2.460965796806, 2.45981992476477, 2.45977866317119, 2.45959556923484, 
2.47117843212026, 2.46563861345006, 2.47148434730101, 2.46607018470997, 
2.481692618277, 2.46779787996046, 2.4599298029373, 2.4691867254617, 
2.47155687539278, 2.46789028128242, 2.46707557583462, 2.46801779363752, 
2.48821138273898, 2.46466444024085, 2.46185154021091, 2.4716692092956, 
2.46775664970869, 2.47180752473595, 2.47020143474653, 2.48709532430591, 
2.46944050220138, 2.46520256429605, 2.46240106988745, 2.45886372054981, 
2.47251794458866, 2.45943706290018, 2.47082538860156, 2.46778272013026, 
2.46225581373159, 2.45919459529541, 2.46225581373159, 2.46236958079377, 
2.47620670146526, 2.48211494413542, 2.45959098318097, 2.46864363591342, 
2.460965796806, 2.45981992476477, 2.45977866317119, 2.45959556923484, 
2.47117843212026, 2.46563861345006, 2.47148434730101, 2.46607018470997, 
2.481692618277, 2.46779787996046, 2.4599298029373, 2.4691867254617, 
