tmp <-
structure(c(3, 3, 3, 3, 3, 3, 3, 3, 3, 3, 3, 3, 3, 3, 3, 3, 3, 
3, 3, 3, 3, 3, 3, 3, 3, 3, 3, 3, 3, 3, 3, 3, 3, 3, 3, 3, 3, 3, 
3, 3, 5, 5, 5, 5, 5, 5, 5, 5, 5, 5, 5, 5, 5, 5, 5, 5, 5, 5, 5, 
5, 5, 5, 5, 5, 5, 5, 5, 5, 5, 5, 5, 5, 5, 5, 5, 5, 5, 5, 5, 5, 
5, 5, 5, 5, 5, 5, 5, 5, 5, 5, 5, 5, 5, 5, 5, 5, 5, 5, 5, 5, 5, 
5, 5, 5, 5, 5, 5, 5, 5, 5, 5, 5, 5, 5, 5, 5, 5, 5, 5, 5, 0, 0, 
0, 0, 0, 0, 0, 0, 0, 0, 0, 0, 0, 0, 0, 0, 0, 0, 0, 0, 0, 0, 0, 
0, 0, 0, 0, 0, 0, 0, 0, 0, 0, 0, 0, 0, 0, 0, 0, 0, 215, 215, 
215, 215, 215, 215, 215, 215, 215, 215, 215, 215, 215, 215, 215, 
215, 215, 215, 215, 215, 215, 215, 215, 215, 215, 215, 215, 215, 
215, 215, 215, 215, 215, 215, 215, 215, 215, 215, 215, 215, 0.0232558139534884, 
0.0232558139534884, 0.0232558139534884, 0.0232558139534884, 0.0232558139534884, 
0.0232558139534884, 0.0232558139534884, 0.0232558139534884, 0.0232558139534884, 
0.0232558139534884, 0.0232558139534884, 0.0232558139534884, 0.0232558139534884, 
0.0232558139534884, 0.0232558139534884, 0.0232558139534884, 0.0232558139534884, 
0.0232558139534884, 0.0232558139534884, 0.0232558139534884, 0.0232558139534884, 
0.0232558139534884, 0.0232558139534884, 0.0232558139534884, 0.0232558139534884, 
0.0232558139534884, 0.0232558139534884, 0.0232558139534884, 0.0232558139534884, 
0.0232558139534884, 0.0232558139534884, 0.0232558139534884, 0.0232558139534884, 
0.0232558139534884, 0.0232558139534884, 0.0232558139534884, 0.0232558139534884, 
0.0232558139534884, 0.0232558139534884, 0.0232558139534884, 1, 
1, 1, 1, 1, 1, 1, 1, 1, 1, 1, 1, 1, 1, 1, 1, 1, 1, 1, 1, 1, 1, 
1, 1, 1, 1, 1, 1, 1, 1, 1, 1, 1, 1, 1, 1, 1, 1, 1, 1, 0, 0, 0, 
0, 0, 0, 0, 0, 0, 0, 0, 0, 0, 0, 0, 0, 0, 0, 0, 0, 0, 0, 0, 0, 
0, 0, 0, 0, 0, 0, 0, 0, 0, 0, 0, 0, 0, 0, 0, 0, 3, 3, 3, 3, 3, 
3, 3, 3, 3, 3, 3, 3, 3, 3, 3, 3, 3, 3, 3, 3, 3, 3, 3, 3, 3, 3, 
3, 3, 3, 3, 3, 3, 3, 3, 3, 3, 3, 3, 3, 3, 3, 3, 3, 3, 3, 3, 3, 
3, 3, 3, 3, 3, 3, 3, 3, 3, 3, 3, 3, 3, 3, 3, 3, 3, 3, 3, 3, 3, 
3, 3, 3, 3, 3, 3, 3, 3, 3, 3, 3, 3, 3, 3, 3, 3, 3, 3, 3, 3, 3, 
3, 3, 3, 3, 3, 3, 3, 3, 3, 3, 3, 3, 3, 3, 3, 3, 3, 3, 3, 3, 3, 
3, 3, 3, 3, 3, 3, 3, 3, 3, 3, 0, 0, 0, 0, 0, 0, 0, 0, 0, 0, 0, 
0, 0, 0, 0, 0, 0, 0, 0, 0, 0, 0, 0, 0, 0, 0, 0, 0, 0, 0, 0, 0, 
0, 0, 0, 0, 0, 0, 0, 0, 3, 3, 3, 3, 3, 3, 3, 3, 3, 3, 3, 3, 3, 
3, 3, 3, 3, 3, 3, 3, 3, 3, 3, 3, 3, 3, 3, 3, 3, 3, 3, 3, 3, 3, 
3, 3, 3, 3, 3, 3, 0.13953488372093, 0.13953488372093, 0.13953488372093, 
0.13953488372093, 0.13953488372093, 0.13953488372093, 0.13953488372093, 
0.13953488372093, 0.13953488372093, 0.13953488372093, 0.13953488372093, 
0.13953488372093, 0.13953488372093, 0.13953488372093, 0.13953488372093, 
0.13953488372093, 0.13953488372093, 0.13953488372093, 0.13953488372093, 
0.13953488372093, 0.13953488372093, 0.13953488372093, 0.13953488372093, 
0.13953488372093, 0.13953488372093, 0.13953488372093, 0.13953488372093, 
0.13953488372093, 0.13953488372093, 0.13953488372093, 0.13953488372093, 
0.13953488372093, 0.13953488372093, 0.13953488372093, 0.13953488372093, 
0.13953488372093, 0.13953488372093, 0.13953488372093, 0.13953488372093, 
0.13953488372093, 0.665116279069767, 0.665116279069767, 0.665116279069767, 
0.665116279069767, 0.665116279069767, 0.665116279069767, 0.665116279069767, 
0.665116279069767, 0.665116279069767, 0.665116279069767, 0.627906976744186, 
0.627906976744186, 0.627906976744186, 0.627906976744186, 0.627906976744186, 
0.627906976744186, 0.627906976744186, 0.627906976744186, 0.627906976744186, 
0.627906976744186, 0.595348837209302, 0.595348837209302, 0.595348837209302, 
0.595348837209302, 0.595348837209302, 0.595348837209302, 0.595348837209302, 
0.595348837209302, 0.595348837209302, 0.595348837209302, 0.558139534883721, 
0.558139534883721, 0.558139534883721, 0.558139534883721, 0.558139534883721, 
0.558139534883721, 0.558139534883721, 0.558139534883721, 0.558139534883721, 
0.558139534883721, 0.333333333333333, 0.333333333333333, 0.333333333333333, 
0.333333333333333, 0.333333333333333, 0.333333333333333, 0.333333333333333, 
0.333333333333333, 0.333333333333333, 0.333333333333333, 0.333333333333333, 
0.333333333333333, 0.333333333333333, 0.333333333333333, 0.333333333333333, 
0.333333333333333, 0.333333333333333, 0.333333333333333, 0.333333333333333, 
0.333333333333333, 0.333333333333333, 0.333333333333333, 0.333333333333333, 
0.333333333333333, 0.333333333333333, 0.333333333333333, 0.333333333333333, 
0.333333333333333, 0.333333333333333, 0.333333333333333, 0.333333333333333, 
0.333333333333333, 0.333333333333333, 0.333333333333333, 0.333333333333333, 
0.333333333333333, 0.333333333333333, 0.333333333333333, 0.333333333333333, 
0.333333333333333, 0.288684501943142, 0.288684501943142, 0.288684501943142, 
0.288684501943142, 0.288684501943142, 0.288684501943142, 0.288684501943142, 
0.288684501943142, 0.288684501943142, 0.288684501943142, 0.259313623002756, 
0.259313623002756, 0.259313623002756, 0.259313623002756, 0.259313623002756, 
0.259313623002756, 0.259313623002756, 0.259313623002756, 0.259313623002756, 
0.259313623002756, 0.235439514351295, 0.235439514351295, 0.235439514351295, 
0.235439514351295, 0.235439514351295, 0.235439514351295, 0.235439514351295, 
0.235439514351295, 0.235439514351295, 0.235439514351295, 0.211017947113429, 
0.211017947113429, 0.211017947113429, 0.211017947113429, 0.211017947113429, 
0.211017947113429, 0.211017947113429, 0.211017947113429, 0.211017947113429, 
0.211017947113429, 0.791495651848809, 0.814999939972201, 0.83227992919181, 
0.762774659676456, 0.806378652858127, 0.859513277656535, 0.76468684141532, 
0.8400342042694, 0.871676122764282, 0.877884690591896, 0.763766125062747, 
0.75210633875957, 0.756390239822516, 0.796578326516687, 0.742683092682441, 
0.702540045452066, 0.757503097582267, 0.738716024084185, 0.724609151257023, 
0.824716365366931, 0.802528883641663, 0.759695815866226, 0.781314344826236, 
0.773623281576927, 0.770131319801536, 0.749145247401336, 0.764875984453032, 
0.794652084057619, 0.752385491717772, 0.78394045476762, 0.794360859967358, 
0.763056837073822, 0.795207040568841, 0.752009377693539, 0.728080114616911, 
0.790874621574617, 0.784177252802737, 0.779685642661219, 0.758491360012802, 
0.709521474341251, 0.791495651848809, 0.814999939972201, 0.832279929191809, 
0.762774659676456, 0.806378652858127, 0.859513277656534, 0.764686841415319, 
0.8400342042694, 0.871676122764282, 0.877884690591896, 0.763766125062747, 
0.75210633875957, 0.756390239822516, 0.796578326516688, 0.742683092682441, 
0.702540045452066, 0.757503097582267, 0.738716024084185, 0.724609151257023, 
0.824716365366931, 0.802528883641664, 0.759695815866226, 0.781314344826236, 
0.773623281576927, 0.770131319801536, 0.749145247401336, 0.764875984453032, 
0.794652084057619, 0.752385491717771, 0.78394045476762, 0.794360859967358, 
0.763056837073822, 0.795207040568841, 0.752009377693539, 0.728080114616911, 
0.790874621574617, 0.784177252802737, 0.779685642661219, 0.758491360012802, 
0.709521474341251, 4.15744644507575, 4.24178067433076, 4.268564258346, 
4.06747294460354, 4.29521584149345, 4.30272818215249, 4.08010656763432, 
4.47583084310107, 4.63312893897343, 4.57505554031562, 4.13237566850893, 
4.00657156684425, 4.02844838367489, 4.1873082622196, 3.90205611099892, 
3.81155417563984, 4.10871157034708, 3.94915755340286, 3.85094770218946, 
4.34397650789908, 4.12628151577423, 4.11827805673247, 4.02168949572889, 
4.06111093627293, 4.0962915246632, 4.01025322070932, 4.13077698957792, 
4.1481594612775, 4.00490830795571, 4.19813087496433, 4.10652195821396, 
4.00485607583387, 4.1582817272808, 3.93724188924829, 3.88632876970108, 
4.21220364327424, 4.12279206481879, 4.27035695542599, 3.95483559989647, 
3.784005619096, 4.15744644507575, 4.24178067433076, 4.268564258346, 
4.06747294460353, 4.29521584149345, 4.30272818215249, 4.08010656763432, 
4.47583084310107, 4.63312893897343, 4.57505554031562, 4.13237566850893, 
4.00657156684425, 4.02844838367489, 4.1873082622196, 3.90205611099892, 
