tmp <-
structure(c(5, 5, 5, 5, 5, 5, 5, 5, 5, 5, 5, 5, 5, 5, 5, 5, 5, 
5, 5, 5, 5, 5, 5, 5, 5, 5, 5, 5, 5, 5, 5, 5, 5, 5, 5, 5, 5, 5, 
5, 5, 10, 10, 10, 10, 10, 10, 10, 10, 10, 10, 10, 10, 10, 10, 
10, 10, 10, 10, 10, 10, 10, 10, 10, 10, 10, 10, 10, 10, 10, 10, 
10, 10, 10, 10, 10, 10, 10, 10, 10, 10, 10, 10, 10, 10, 10, 10, 
10, 10, 10, 10, 10, 10, 10, 10, 10, 10, 10, 10, 10, 10, 10, 10, 
10, 10, 10, 10, 10, 10, 10, 10, 10, 10, 10, 10, 10, 10, 10, 10, 
10, 10, 0, 0, 0, 0, 0, 0, 0, 0, 0, 0, 0, 0, 0, 0, 0, 0, 0, 0, 
0, 0, 0, 0, 0, 0, 0, 0, 0, 0, 0, 0, 0, 0, 0, 0, 0, 0, 0, 0, 0, 
0, 5473, 5473, 5473, 5473, 5473, 5473, 5473, 5473, 5473, 5473, 
5473, 5473, 5473, 5473, 5473, 5473, 5473, 5473, 5473, 5473, 5473, 
5473, 5473, 5473, 5473, 5473, 5473, 5473, 5473, 5473, 5473, 5473, 
5473, 5473, 5473, 5473, 5473, 5473, 5473, 5473, 0.00182715147085693, 
0.00182715147085693, 0.00182715147085693, 0.00182715147085693, 
0.00182715147085693, 0.00182715147085693, 0.00182715147085693, 
0.00182715147085693, 0.00182715147085693, 0.00182715147085693, 
0.00182715147085693, 0.00182715147085693, 0.00182715147085693, 
0.00182715147085693, 0.00182715147085693, 0.00182715147085693, 
0.00182715147085693, 0.00182715147085693, 0.00182715147085693, 
0.00182715147085693, 0.00182715147085693, 0.00182715147085693, 
0.00182715147085693, 0.00182715147085693, 0.00182715147085693, 
0.00182715147085693, 0.00182715147085693, 0.00182715147085693, 
0.00182715147085693, 0.00182715147085693, 0.00182715147085693, 
0.00182715147085693, 0.00182715147085693, 0.00182715147085693, 
0.00182715147085693, 0.00182715147085693, 0.00182715147085693, 
0.00182715147085693, 0.00182715147085693, 0.00182715147085693, 
1, 1, 1, 1, 1, 1, 1, 1, 1, 1, 1, 1, 1, 1, 1, 1, 1, 1, 1, 1, 1, 
1, 1, 1, 1, 1, 1, 1, 1, 1, 1, 1, 1, 1, 1, 1, 1, 1, 1, 1, 0, 0, 
0, 0, 0, 0, 0, 0, 0, 0, 0, 0, 0, 0, 0, 0, 0, 0, 0, 0, 0, 0, 0, 
0, 0, 0, 0, 0, 0, 0, 0, 0, 0, 0, 0, 0, 0, 0, 0, 0, 5, 5, 5, 5, 
5, 5, 5, 5, 5, 5, 5, 5, 5, 5, 5, 5, 5, 5, 5, 5, 5, 5, 5, 5, 5, 
5, 5, 5, 5, 5, 5, 5, 5, 5, 5, 5, 5, 5, 5, 5, 5, 5, 5, 5, 5, 5, 
5, 5, 5, 5, 5, 5, 5, 5, 5, 5, 5, 5, 5, 5, 5, 5, 5, 5, 5, 5, 5, 
5, 5, 5, 5, 5, 5, 5, 5, 5, 5, 5, 5, 5, 5, 5, 5, 5, 5, 5, 5, 5, 
5, 5, 5, 5, 5, 5, 5, 5, 5, 5, 5, 5, 5, 5, 5, 5, 5, 5, 5, 5, 5, 
5, 5, 5, 5, 5, 5, 5, 5, 5, 5, 5, 0, 0, 0, 0, 0, 0, 0, 0, 0, 0, 
0, 0, 0, 0, 0, 0, 0, 0, 0, 0, 0, 0, 0, 0, 0, 0, 0, 0, 0, 0, 0, 
0, 0, 0, 0, 0, 0, 0, 0, 0, 5, 5, 5, 5, 5, 5, 5, 5, 5, 5, 5, 5, 
5, 5, 5, 5, 5, 5, 5, 5, 5, 5, 5, 5, 5, 5, 5, 5, 5, 5, 5, 5, 5, 
5, 5, 5, 5, 5, 5, 5, 0.00511602411839942, 0.00511602411839942, 
0.00511602411839942, 0.00511602411839942, 0.00511602411839942, 
0.00511602411839942, 0.00511602411839942, 0.00511602411839942, 
0.00511602411839942, 0.00511602411839942, 0.00511602411839942, 
0.00511602411839942, 0.00511602411839942, 0.00511602411839942, 
0.00511602411839942, 0.00511602411839942, 0.00511602411839942, 
0.00511602411839942, 0.00511602411839942, 0.00511602411839942, 
0.00511602411839942, 0.00511602411839942, 0.00511602411839942, 
0.00511602411839942, 0.00511602411839942, 0.00511602411839942, 
0.00511602411839942, 0.00511602411839942, 0.00511602411839942, 
0.00511602411839942, 0.00511602411839942, 0.00511602411839942, 
0.00511602411839942, 0.00511602411839942, 0.00511602411839942, 
0.00511602411839942, 0.00511602411839942, 0.00511602411839942, 
0.00511602411839942, 0.00511602411839942, 0.852914306596017, 
0.852914306596017, 0.852914306596017, 0.852914306596017, 0.852914306596017, 
0.852914306596017, 0.852914306596017, 0.852914306596017, 0.852914306596017, 
0.852914306596017, 0.807966380412936, 0.807966380412936, 0.807966380412936, 
0.807966380412936, 0.807966380412936, 0.807966380412936, 0.807966380412936, 
0.807966380412936, 0.807966380412936, 0.807966380412936, 0.763201169376941, 
0.763201169376941, 0.763201169376941, 0.763201169376941, 0.763201169376941, 
0.763201169376941, 0.763201169376941, 0.763201169376941, 0.763201169376941, 
0.763201169376941, 0.718253243193861, 0.718253243193861, 0.718253243193861, 
0.718253243193861, 0.718253243193861, 0.718253243193861, 0.718253243193861, 
0.718253243193861, 0.718253243193861, 0.718253243193861, 0.2, 
0.2, 0.2, 0.2, 0.2, 0.2, 0.2, 0.2, 0.2, 0.2, 0.2, 0.2, 0.2, 0.2, 
0.2, 0.2, 0.2, 0.2, 0.2, 0.2, 0.2, 0.2, 0.2, 0.2, 0.2, 0.2, 0.2, 
0.2, 0.2, 0.2, 0.2, 0.2, 0.2, 0.2, 0.2, 0.2, 0.2, 0.2, 0.2, 0.2, 
0.367147290977051, 0.367147290977051, 0.367147290977051, 0.367147290977051, 
0.367147290977051, 0.367147290977051, 0.367147290977051, 0.367147290977051, 
0.367147290977051, 0.367147290977051, 0.344957913479361, 0.344957913479361, 
0.344957913479361, 0.344957913479361, 0.344957913479361, 0.344957913479361, 
0.344957913479361, 0.344957913479361, 0.344957913479361, 0.344957913479361, 
0.324448820364151, 0.324448820364151, 0.324448820364151, 0.324448820364151, 
0.324448820364151, 0.324448820364151, 0.324448820364151, 0.324448820364151, 
0.324448820364151, 0.324448820364151, 0.305774893189928, 0.305774893189928, 
0.305774893189928, 0.305774893189928, 0.305774893189928, 0.305774893189928, 
0.305774893189928, 0.305774893189928, 0.305774893189928, 0.305774893189928, 
3.94171104996957, 3.95030680454483, 3.91618628161774, 4.05098427332504, 
4.03283969696662, 3.93195065948455, 4.03496127744107, 3.91512925829849, 
4.00202302065253, 4.06686682447868, 4.07256349221232, 4.04941719062026, 
4.15003564138399, 4.014523694431, 4.00612872661592, 4.11609365881458, 
4.02209760758883, 3.99752296843683, 4.01563738593484, 4.00166812866883, 
4.08535049063461, 4.1533104891604, 4.20307518157426, 4.13754803586717, 
4.11878576826349, 4.11832403764982, 4.17134756837451, 4.16521167569386, 
4.14773451727581, 4.10518126130858, 4.24169929105384, 4.23786740190122, 
4.05866128478783, 4.20146677456457, 4.17768306771948, 4.25315315184847, 
4.19585834621666, 4.18159332158548, 4.24580412247497, 4.21271015564563, 
3.94171104996957, 3.95030680454483, 3.91618628161774, 4.05098427332504, 
4.03283969696662, 3.93195065948455, 4.03496127744107, 3.91512925829849, 
4.00202302065253, 4.06686682447868, 4.07256349221232, 4.04941719062026, 
4.15003564138399, 4.014523694431, 4.00612872661592, 4.11609365881458, 
4.02209760758883, 3.99752296843683, 4.01563738593484, 4.00166812866883, 
4.08535049063461, 4.1533104891604, 4.20307518157426, 4.13754803586717, 
4.11878576826349, 4.11832403764982, 4.17134756837451, 4.16521167569386, 
4.14773451727581, 4.10518126130858, 4.24169929105384, 4.23786740190122, 
4.05866128478783, 4.20146677456457, 4.17768306771948, 4.25315315184847, 
4.19585834621666, 4.18159332158548, 4.24580412247497, 4.21271015564563, 
41.2935027737569, 41.4523395880104, 41.1870516624281, 44.0935950774965, 
43.2577584094404, 40.9531797375457, 42.8957489579304, 41.0687471102609, 
42.9014364216594, 43.1732180379789, 46.3567812553951, 45.9965820051277, 
48.2402068897512, 45.4747158838164, 43.3805583666547, 48.2412004618192, 
46.2964559228596, 45.0683849628907, 45.499587011569, 45.3564544024682, 
49.0728879795502, 50.9018788399603, 53.2426973613065, 50.960968229415, 
51.3970523794335, 50.2175742453993, 52.0553857431705, 51.9648071489269, 
50.6471149921282, 49.6354076799967, 57.574368846829, 56.928208510045, 
50.2433885323156, 54.8592114993647, 53.0204961649832, 56.7051333589971, 
54.7005962611053, 54.4035991119002, 56.273213410312, 56.9567214815546, 
41.2935027737569, 41.4523395880104, 41.1870516624281, 44.0935950774965, 
43.2577584094404, 40.9531797375457, 42.8957489579304, 41.0687471102608, 
42.9014364216594, 43.1732180379789, 46.3567812553951, 45.9965820051277, 
48.2402068897512, 45.4747158838164, 43.3805583666547, 48.2412004618192, 
46.2964559228596, 45.0683849628907, 45.499587011569, 45.3564544024682, 
49.0728879795502, 50.9018788399603, 53.2426973613065, 50.960968229415, 
51.3970523794335, 50.2175742453993, 52.0553857431705, 51.9648071489269, 
50.6471149921282, 49.6354076799967, 57.574368846829, 56.928208510045, 
50.2433885323156, 54.8592114993647, 53.0204961649832, 56.7051333589971, 
