tmp <-
structure(c(2, 2, 2, 2, 2, 2, 2, 2, 2, 2, 2, 2, 2, 2, 2, 2, 2, 
2, 2, 2, 2, 2, 2, 2, 2, 2, 2, 2, 2, 2, 2, 2, 2, 2, 2, 2, 2, 2, 
2, 2, 22, 22, 22, 22, 22, 22, 22, 22, 22, 22, 22, 22, 22, 22, 
22, 22, 22, 22, 22, 22, 22, 22, 22, 22, 22, 22, 22, 22, 22, 22, 
22, 22, 22, 22, 22, 22, 22, 22, 22, 22, 22, 22, 22, 22, 22, 22, 
22, 22, 22, 22, 22, 22, 22, 22, 22, 22, 22, 22, 22, 22, 22, 22, 
22, 22, 22, 22, 22, 22, 22, 22, 22, 22, 22, 22, 22, 22, 22, 22, 
22, 22, 0, 0, 0, 0, 0, 0, 0, 0, 0, 0, 0, 0, 0, 0, 0, 0, 0, 0, 
0, 0, 0, 0, 0, 0, 0, 0, 0, 0, 0, 0, 0, 0, 0, 0, 0, 0, 0, 0, 0, 
0, 195, 195, 195, 195, 195, 195, 195, 195, 195, 195, 195, 195, 
195, 195, 195, 195, 195, 195, 195, 195, 195, 195, 195, 195, 195, 
195, 195, 195, 195, 195, 195, 195, 195, 195, 195, 195, 195, 195, 
195, 195, 0.112820512820513, 0.112820512820513, 0.112820512820513, 
0.112820512820513, 0.112820512820513, 0.112820512820513, 0.112820512820513, 
0.112820512820513, 0.112820512820513, 0.112820512820513, 0.112820512820513, 
0.112820512820513, 0.112820512820513, 0.112820512820513, 0.112820512820513, 
0.112820512820513, 0.112820512820513, 0.112820512820513, 0.112820512820513, 
0.112820512820513, 0.112820512820513, 0.112820512820513, 0.112820512820513, 
0.112820512820513, 0.112820512820513, 0.112820512820513, 0.112820512820513, 
0.112820512820513, 0.112820512820513, 0.112820512820513, 0.112820512820513, 
0.112820512820513, 0.112820512820513, 0.112820512820513, 0.112820512820513, 
0.112820512820513, 0.112820512820513, 0.112820512820513, 0.112820512820513, 
0.112820512820513, 1, 1, 1, 1, 1, 1, 1, 1, 1, 1, 1, 1, 1, 1, 
1, 1, 1, 1, 1, 1, 1, 1, 1, 1, 1, 1, 1, 1, 1, 1, 1, 1, 1, 1, 1, 
1, 1, 1, 1, 1, 0, 0, 0, 0, 0, 0, 0, 0, 0, 0, 0, 0, 0, 0, 0, 0, 
0, 0, 0, 0, 0, 0, 0, 0, 0, 0, 0, 0, 0, 0, 0, 0, 0, 0, 0, 0, 0, 
0, 0, 0, 2, 2, 2, 2, 2, 2, 2, 2, 2, 2, 2, 2, 2, 2, 2, 2, 2, 2, 
2, 2, 2, 2, 2, 2, 2, 2, 2, 2, 2, 2, 2, 2, 2, 2, 2, 2, 2, 2, 2, 
2, 2, 2, 2, 2, 2, 2, 2, 2, 2, 2, 2, 2, 2, 2, 2, 2, 2, 2, 2, 2, 
2, 2, 2, 2, 2, 2, 2, 2, 2, 2, 2, 2, 2, 2, 2, 2, 2, 2, 2, 2, 2, 
2, 2, 2, 2, 2, 2, 2, 2, 2, 2, 2, 2, 2, 2, 2, 2, 2, 2, 2, 2, 2, 
2, 2, 2, 2, 2, 2, 2, 2, 2, 2, 2, 2, 2, 2, 2, 2, 2, 2, 0, 0, 0, 
0, 0, 0, 0, 0, 0, 0, 0, 0, 0, 0, 0, 0, 0, 0, 0, 0, 0, 0, 0, 0, 
0, 0, 0, 0, 0, 0, 0, 0, 0, 0, 0, 0, 0, 0, 0, 0, 2, 2, 2, 2, 2, 
2, 2, 2, 2, 2, 2, 2, 2, 2, 2, 2, 2, 2, 2, 2, 2, 2, 2, 2, 2, 2, 
2, 2, 2, 2, 2, 2, 2, 2, 2, 2, 2, 2, 2, 2, 0.282051282051282, 
0.282051282051282, 0.282051282051282, 0.282051282051282, 0.282051282051282, 
0.282051282051282, 0.282051282051282, 0.282051282051282, 0.282051282051282, 
0.282051282051282, 0.317948717948718, 0.317948717948718, 0.317948717948718, 
0.317948717948718, 0.317948717948718, 0.317948717948718, 0.317948717948718, 
0.317948717948718, 0.317948717948718, 0.317948717948718, 0.358974358974359, 
0.358974358974359, 0.358974358974359, 0.358974358974359, 0.358974358974359, 
0.358974358974359, 0.358974358974359, 0.358974358974359, 0.358974358974359, 
0.358974358974359, 0.394871794871795, 0.394871794871795, 0.394871794871795, 
0.394871794871795, 0.394871794871795, 0.394871794871795, 0.394871794871795, 
0.394871794871795, 0.394871794871795, 0.394871794871795, 0.717948717948718, 
0.717948717948718, 0.717948717948718, 0.717948717948718, 0.717948717948718, 
0.717948717948718, 0.717948717948718, 0.717948717948718, 0.717948717948718, 
0.717948717948718, 0.682051282051282, 0.682051282051282, 0.682051282051282, 
0.682051282051282, 0.682051282051282, 0.682051282051282, 0.682051282051282, 
0.682051282051282, 0.682051282051282, 0.682051282051282, 0.641025641025641, 
0.641025641025641, 0.641025641025641, 0.641025641025641, 0.641025641025641, 
0.641025641025641, 0.641025641025641, 0.641025641025641, 0.641025641025641, 
0.641025641025641, 0.605128205128205, 0.605128205128205, 0.605128205128205, 
0.605128205128205, 0.605128205128205, 0.605128205128205, 0.605128205128205, 
0.605128205128205, 0.605128205128205, 0.605128205128205, 0.5, 
0.5, 0.5, 0.5, 0.5, 0.5, 0.5, 0.5, 0.5, 0.5, 0.5, 0.5, 0.5, 0.5, 
0.5, 0.5, 0.5, 0.5, 0.5, 0.5, 0.5, 0.5, 0.5, 0.5, 0.5, 0.5, 0.5, 
0.5, 0.5, 0.5, 0.5, 0.5, 0.5, 0.5, 0.5, 0.5, 0.5, 0.5, 0.5, 0.5, 
0.308226032824905, 0.308226032824905, 0.308226032824905, 0.308226032824905, 
0.308226032824905, 0.308226032824905, 0.308226032824905, 0.308226032824905, 
0.308226032824905, 0.308226032824905, 0.257459392124333, 0.257459392124333, 
0.257459392124333, 0.257459392124333, 0.257459392124333, 0.257459392124333, 
0.257459392124333, 0.257459392124333, 0.257459392124333, 0.257459392124333, 
0.199440374180821, 0.199440374180821, 0.199440374180821, 0.199440374180821, 
0.199440374180821, 0.199440374180821, 0.199440374180821, 0.199440374180821, 
0.199440374180821, 0.199440374180821, 0.148673733480248, 0.148673733480248, 
0.148673733480248, 0.148673733480248, 0.148673733480248, 0.148673733480248, 
0.148673733480248, 0.148673733480248, 0.148673733480248, 0.148673733480248, 
1.41870536681957, 1.57861040869386, 2.14658204942583, 1.79638582857845, 
1.91419913911496, 1.66388852991276, 1.44688736504785, 1.40499125770369, 
1.4860385308335, 2.06264259736031, 1.90987533182232, 1.91700140939674, 
1.97898183006699, 1.53813475449382, 1.65709440364625, 1.37593779409213, 
1.91073142865115, 1.50706310642323, 1.63965687622269, 1.97508991144664, 
1.64362144200562, 1.90973200919599, 1.59623712487409, 1.56053799723762, 
1.5291329438291, 1.90174492455122, 1.47267711693277, 2.28133897614758, 
1.76929685822569, 1.31865958218985, 1.51922057362205, 1.8463635231644, 
1.92772070559531, 1.98443669808939, 1.46748406339018, 1.48346102625939, 
1.80560218161845, 1.56848951504806, 1.4383553461587, 1.82108283566022, 
1.41870536681957, 1.57861040869386, 2.14658204942583, 1.79638582857845, 
1.91419913911496, 1.66388852991276, 1.44688736504785, 1.40499125770369, 
1.4860385308335, 2.06264259736031, 1.90987533182232, 1.91700140939674, 
1.97898183006699, 1.53813475449382, 1.65709440364625, 1.37593779409213, 
1.91073142865115, 1.50706310642323, 1.63965687622269, 1.97508991144664, 
1.64362144200562, 1.90973200919599, 1.59623712487409, 1.56053799723762, 
1.5291329438291, 1.90174492455122, 1.47267711693277, 2.28133897614758, 
1.76929685822569, 1.31865958218985, 1.51922057362205, 1.8463635231644, 
1.92772070559531, 1.98443669808939, 1.46748406339018, 1.48346102625939, 
1.80560218161845, 1.56848951504806, 1.4383553461587, 1.82108283566022, 
6.57585814921508, 6.99312964224363, 11.4580235205529, 8.38136533094966, 
9.24448641170182, 7.47273679594328, 6.56507107324859, 6.47281790609548, 
6.55094426708547, 10.6697802341992, 9.56132089954951, 9.45716123995899, 
10.0571367852162, 6.88990517860126, 7.33737051623105, 6.04282294363072, 
9.39212707439433, 6.8878714360688, 7.4537228430262, 10.2953642829095, 
7.34702313398671, 9.97288146014611, 6.76389906787367, 7.51901963515202, 
7.14896295654761, 10.0546548132514, 6.39226384832379, 13.9382509369127, 
8.35514670726375, 5.75503315280712, 6.36225458572772, 9.0336669880654, 
10.6716870506339, 10.5647016646221, 6.22923211271949, 6.39768201299825, 
8.54957675006717, 7.15229417859321, 6.15950998073049, 9.31068845941513, 
6.57585814921508, 6.99312964224363, 11.4580235205529, 8.38136533094966, 
9.24448641170182, 7.47273679594328, 6.56507107324859, 6.47281790609548, 
6.55094426708547, 10.6697802341992, 9.56132089954951, 9.45716123995899, 
10.0571367852162, 6.88990517860126, 7.33737051623105, 6.04282294363072, 
9.39212707439433, 6.8878714360688, 7.4537228430262, 10.2953642829095, 
7.34702313398671, 9.97288146014611, 6.76389906787367, 7.51901963515202, 
7.14896295654761, 10.0546548132514, 6.39226384832379, 13.9382509369127, 
8.35514670726375, 5.75503315280712, 6.36225458572772, 9.0336669880654, 
10.6716870506339, 10.5647016646221, 6.22923211271948, 6.39768201299825, 
8.54957675006717, 7.15229417859321, 6.15950998073049, 9.31068845941513, 
0.45185649011267, 0.500545168499746, 0.497483281620795, 0.493767231250957, 
0.503620528016948, 0.486951509584159, 0.453197953898948, 0.444854530120995, 
