tmp <-
structure(c(2, 2, 2, 2, 2, 2, 2, 2, 2, 2, 2, 2, 2, 2, 2, 2, 2, 
2, 2, 2, 2, 2, 2, 2, 2, 2, 2, 2, 2, 2, 2, 2, 2, 2, 2, 2, 2, 2, 
2, 2, 5, 5, 5, 5, 5, 5, 5, 5, 5, 5, 5, 5, 5, 5, 5, 5, 5, 5, 5, 
5, 5, 5, 5, 5, 5, 5, 5, 5, 5, 5, 5, 5, 5, 5, 5, 5, 5, 5, 5, 5, 
5, 5, 5, 5, 5, 5, 5, 5, 5, 5, 5, 5, 5, 5, 5, 5, 5, 5, 5, 5, 5, 
5, 5, 5, 5, 5, 5, 5, 5, 5, 5, 5, 5, 5, 5, 5, 5, 5, 5, 5, 0, 0, 
0, 0, 0, 0, 0, 0, 0, 0, 0, 0, 0, 0, 0, 0, 0, 0, 0, 0, 0, 0, 0, 
0, 0, 0, 0, 0, 0, 0, 0, 0, 0, 0, 0, 0, 0, 0, 0, 0, 5404, 5404, 
5404, 5404, 5404, 5404, 5404, 5404, 5404, 5404, 5404, 5404, 5404, 
5404, 5404, 5404, 5404, 5404, 5404, 5404, 5404, 5404, 5404, 5404, 
5404, 5404, 5404, 5404, 5404, 5404, 5404, 5404, 5404, 5404, 5404, 
5404, 5404, 5404, 5404, 5404, 0.000925240562546262, 0.000925240562546262, 
0.000925240562546262, 0.000925240562546262, 0.000925240562546262, 
0.000925240562546262, 0.000925240562546262, 0.000925240562546262, 
0.000925240562546262, 0.000925240562546262, 0.000925240562546262, 
0.000925240562546262, 0.000925240562546262, 0.000925240562546262, 
0.000925240562546262, 0.000925240562546262, 0.000925240562546262, 
0.000925240562546262, 0.000925240562546262, 0.000925240562546262, 
0.000925240562546262, 0.000925240562546262, 0.000925240562546262, 
0.000925240562546262, 0.000925240562546262, 0.000925240562546262, 
0.000925240562546262, 0.000925240562546262, 0.000925240562546262, 
0.000925240562546262, 0.000925240562546262, 0.000925240562546262, 
0.000925240562546262, 0.000925240562546262, 0.000925240562546262, 
0.000925240562546262, 0.000925240562546262, 0.000925240562546262, 
0.000925240562546262, 0.000925240562546262, 1, 1, 1, 1, 1, 1, 
1, 1, 1, 1, 1, 1, 1, 1, 1, 1, 1, 1, 1, 1, 1, 1, 1, 1, 1, 1, 1, 
1, 1, 1, 1, 1, 1, 1, 1, 1, 1, 1, 1, 1, 0, 0, 0, 0, 0, 0, 0, 0, 
0, 0, 0, 0, 0, 0, 0, 0, 0, 0, 0, 0, 0, 0, 0, 0, 0, 0, 0, 0, 0, 
0, 0, 0, 0, 0, 0, 0, 0, 0, 0, 0, 2, 2, 2, 2, 2, 2, 2, 2, 2, 2, 
2, 2, 2, 2, 2, 2, 2, 2, 2, 2, 2, 2, 2, 2, 2, 2, 2, 2, 2, 2, 2, 
2, 2, 2, 2, 2, 2, 2, 2, 2, 2, 2, 2, 2, 2, 2, 2, 2, 2, 2, 2, 2, 
2, 2, 2, 2, 2, 2, 2, 2, 2, 2, 2, 2, 2, 2, 2, 2, 2, 2, 2, 2, 2, 
2, 2, 2, 2, 2, 2, 2, 2, 2, 2, 2, 2, 2, 2, 2, 2, 2, 2, 2, 2, 2, 
2, 2, 2, 2, 2, 2, 2, 2, 2, 2, 2, 2, 2, 2, 2, 2, 2, 2, 2, 2, 2, 
2, 2, 2, 2, 2, 0, 0, 0, 0, 0, 0, 0, 0, 0, 0, 0, 0, 0, 0, 0, 0, 
0, 0, 0, 0, 0, 0, 0, 0, 0, 0, 0, 0, 0, 0, 0, 0, 0, 0, 0, 0, 0, 
0, 0, 0, 2, 2, 2, 2, 2, 2, 2, 2, 2, 2, 2, 2, 2, 2, 2, 2, 2, 2, 
2, 2, 2, 2, 2, 2, 2, 2, 2, 2, 2, 2, 2, 2, 2, 2, 2, 2, 2, 2, 2, 
2, 0.328645447816432, 0.328645447816432, 0.328645447816432, 0.328645447816432, 
0.328645447816432, 0.328645447816432, 0.328645447816432, 0.328645447816432, 
0.328645447816432, 0.328645447816432, 0.363989637305699, 0.363989637305699, 
0.363989637305699, 0.363989637305699, 0.363989637305699, 0.363989637305699, 
0.363989637305699, 0.363989637305699, 0.363989637305699, 0.363989637305699, 
0.399333826794967, 0.399333826794967, 0.399333826794967, 0.399333826794967, 
0.399333826794967, 0.399333826794967, 0.399333826794967, 0.399333826794967, 
0.399333826794967, 0.399333826794967, 0.434678016284234, 0.434678016284234, 
0.434678016284234, 0.434678016284234, 0.434678016284234, 0.434678016284234, 
0.434678016284234, 0.434678016284234, 0.434678016284234, 0.434678016284234, 
0.671354552183568, 0.671354552183568, 0.671354552183568, 0.671354552183568, 
0.671354552183568, 0.671354552183568, 0.671354552183568, 0.671354552183568, 
0.671354552183568, 0.671354552183568, 0.636010362694301, 0.636010362694301, 
0.636010362694301, 0.636010362694301, 0.636010362694301, 0.636010362694301, 
0.636010362694301, 0.636010362694301, 0.636010362694301, 0.636010362694301, 
0.600666173205033, 0.600666173205033, 0.600666173205033, 0.600666173205033, 
0.600666173205033, 0.600666173205033, 0.600666173205033, 0.600666173205033, 
0.600666173205033, 0.600666173205033, 0.565321983715766, 0.565321983715766, 
0.565321983715766, 0.565321983715766, 0.565321983715766, 0.565321983715766, 
0.565321983715766, 0.565321983715766, 0.565321983715766, 0.565321983715766, 
0.5, 0.5, 0.5, 0.5, 0.5, 0.5, 0.5, 0.5, 0.5, 0.5, 0.5, 0.5, 0.5, 
0.5, 0.5, 0.5, 0.5, 0.5, 0.5, 0.5, 0.5, 0.5, 0.5, 0.5, 0.5, 0.5, 
0.5, 0.5, 0.5, 0.5, 0.5, 0.5, 0.5, 0.5, 0.5, 0.5, 0.5, 0.5, 0.5, 
0.5, 0.24233193167237, 0.24233193167237, 0.24233193167237, 0.24233193167237, 
0.24233193167237, 0.24233193167237, 0.24233193167237, 0.24233193167237, 
0.24233193167237, 0.24233193167237, 0.192347699545563, 0.192347699545563, 
0.192347699545563, 0.192347699545563, 0.192347699545563, 0.192347699545563, 
0.192347699545563, 0.192347699545563, 0.192347699545563, 0.192347699545563, 
0.142363467418757, 0.142363467418757, 0.142363467418757, 0.142363467418757, 
0.142363467418757, 0.142363467418757, 0.142363467418757, 0.142363467418757, 
0.142363467418757, 0.142363467418757, 0.0923792352919509, 0.0923792352919509, 
0.0923792352919509, 0.0923792352919509, 0.0923792352919509, 0.0923792352919509, 
0.0923792352919509, 0.0923792352919509, 0.0923792352919509, 0.0923792352919509, 
0.918083911539053, 0.913435953248726, 0.94955718686636, 0.906874249745599, 
0.94692443398708, 0.931318065477782, 0.931935078572851, 0.930062014500102, 
0.911642325922948, 0.927489325004078, 0.926015825530768, 0.902387919424229, 
0.911169736759349, 0.914073711069419, 0.909149340110189, 0.911201292547043, 
0.920461476662353, 0.92431231026034, 0.912051007912376, 0.905418260862928, 
0.88436974888496, 0.872759975619684, 0.890772281456887, 0.875819451749681, 
0.90085137832966, 0.876982024145344, 0.895307010612156, 0.887236306619092, 
0.896527065808232, 0.879886606453453, 0.859419544982457, 0.874239804474378, 
0.869045078723641, 0.858129109169687, 0.848865020462175, 0.847522574959042, 
0.848900430140092, 0.866012554733761, 0.857019363084247, 0.871627874534067, 
0.918083911539052, 0.913435953248726, 0.94955718686636, 0.906874249745599, 
0.94692443398708, 0.931318065477782, 0.931935078572851, 0.930062014500103, 
0.911642325922947, 0.927489325004078, 0.926015825530768, 0.902387919424229, 
0.911169736759349, 0.914073711069419, 0.909149340110189, 0.911201292547042, 
0.920461476662353, 0.924312310260339, 0.912051007912377, 0.905418260862928, 
0.88436974888496, 0.872759975619685, 0.890772281456887, 0.875819451749681, 
0.90085137832966, 0.876982024145344, 0.895307010612157, 0.887236306619092, 
0.896527065808232, 0.879886606453453, 0.859419544982457, 0.874239804474378, 
0.869045078723641, 0.858129109169686, 0.848865020462175, 0.847522574959042, 
0.848900430140092, 0.866012554733761, 0.857019363084247, 0.871627874534067, 
4.34413597088035, 4.29199172874413, 4.51665178554108, 4.27283139100043, 
4.47855317026039, 4.37874273544721, 4.41435477640333, 4.3643664903149, 
4.44014807620812, 4.31446774276249, 4.23704029694533, 4.1115177738622, 
4.19601074615328, 4.22193349465575, 4.16670328998604, 4.17036339810285, 
4.17698097205015, 4.25551013241721, 4.20465973253083, 4.17148840489925, 
4.06057292342618, 3.96785694820773, 4.06944691483166, 3.98057635913355, 
4.13192982170564, 3.9603808032092, 4.10200859901458, 4.03411049618514, 
4.11749102628869, 4.00273763847848, 3.91462372729709, 3.97210373749227, 
3.96192300867786, 3.92937130479574, 3.86465573858304, 3.87404105426714, 
3.90863645780288, 3.96723141625465, 3.90195198313809, 3.98163056453973, 
4.34413597088035, 4.29199172874413, 4.51665178554108, 4.27283139100043, 
4.47855317026039, 4.37874273544721, 4.41435477640333, 4.3643664903149, 
4.44014807620812, 4.31446774276249, 4.23704029694533, 4.1115177738622, 
4.19601074615328, 4.22193349465575, 4.16670328998604, 4.17036339810285, 
4.17698097205015, 4.25551013241721, 4.20465973253083, 4.17148840489925, 
4.06057292342618, 3.96785694820773, 4.06944691483166, 3.98057635913355, 
4.13192982170564, 3.9603808032092, 4.10200859901458, 4.03411049618514, 
4.11749102628869, 4.00273763847848, 3.91462372729709, 3.97210373749227, 
3.96192300867786, 3.92937130479574, 3.86465573858304, 3.87404105426714, 
3.90863645780288, 3.96723141625465, 3.90195198313809, 3.98163056453973, 
