tmp <-
structure(c(2, 2, 2, 2, 2, 2, 2, 2, 2, 2, 2, 2, 2, 2, 2, 2, 2, 
2, 2, 2, 2, 2, 2, 2, 2, 2, 2, 2, 2, 2, 2, 2, 2, 2, 2, 2, 2, 2, 
2, 2, 8, 8, 8, 8, 8, 8, 8, 8, 8, 8, 8, 8, 8, 8, 8, 8, 8, 8, 8, 
8, 8, 8, 8, 8, 8, 8, 8, 8, 8, 8, 8, 8, 8, 8, 8, 8, 8, 8, 8, 8, 
8, 8, 8, 8, 8, 8, 8, 8, 8, 8, 8, 8, 8, 8, 8, 8, 8, 8, 8, 8, 8, 
8, 8, 8, 8, 8, 8, 8, 8, 8, 8, 8, 8, 8, 8, 8, 8, 8, 8, 8, 0, 0, 
0, 0, 0, 0, 0, 0, 0, 0, 0, 0, 0, 0, 0, 0, 0, 0, 0, 0, 0, 0, 0, 
0, 0, 0, 0, 0, 0, 0, 0, 0, 0, 0, 0, 0, 0, 0, 0, 0, 768, 768, 
768, 768, 768, 768, 768, 768, 768, 768, 768, 768, 768, 768, 768, 
768, 768, 768, 768, 768, 768, 768, 768, 768, 768, 768, 768, 768, 
768, 768, 768, 768, 768, 768, 768, 768, 768, 768, 768, 768, 0.0104166666666667, 
0.0104166666666667, 0.0104166666666667, 0.0104166666666667, 0.0104166666666667, 
0.0104166666666667, 0.0104166666666667, 0.0104166666666667, 0.0104166666666667, 
0.0104166666666667, 0.0104166666666667, 0.0104166666666667, 0.0104166666666667, 
0.0104166666666667, 0.0104166666666667, 0.0104166666666667, 0.0104166666666667, 
0.0104166666666667, 0.0104166666666667, 0.0104166666666667, 0.0104166666666667, 
0.0104166666666667, 0.0104166666666667, 0.0104166666666667, 0.0104166666666667, 
0.0104166666666667, 0.0104166666666667, 0.0104166666666667, 0.0104166666666667, 
0.0104166666666667, 0.0104166666666667, 0.0104166666666667, 0.0104166666666667, 
0.0104166666666667, 0.0104166666666667, 0.0104166666666667, 0.0104166666666667, 
0.0104166666666667, 0.0104166666666667, 0.0104166666666667, 1, 
1, 1, 1, 1, 1, 1, 1, 1, 1, 1, 1, 1, 1, 1, 1, 1, 1, 1, 1, 1, 1, 
1, 1, 1, 1, 1, 1, 1, 1, 1, 1, 1, 1, 1, 1, 1, 1, 1, 1, 0, 0, 0, 
0, 0, 0, 0, 0, 0, 0, 0, 0, 0, 0, 0, 0, 0, 0, 0, 0, 0, 0, 0, 0, 
0, 0, 0, 0, 0, 0, 0, 0, 0, 0, 0, 0, 0, 0, 0, 0, 2, 2, 2, 2, 2, 
2, 2, 2, 2, 2, 2, 2, 2, 2, 2, 2, 2, 2, 2, 2, 2, 2, 2, 2, 2, 2, 
2, 2, 2, 2, 2, 2, 2, 2, 2, 2, 2, 2, 2, 2, 2, 2, 2, 2, 2, 2, 2, 
2, 2, 2, 2, 2, 2, 2, 2, 2, 2, 2, 2, 2, 2, 2, 2, 2, 2, 2, 2, 2, 
2, 2, 2, 2, 2, 2, 2, 2, 2, 2, 2, 2, 2, 2, 2, 2, 2, 2, 2, 2, 2, 
2, 2, 2, 2, 2, 2, 2, 2, 2, 2, 2, 2, 2, 2, 2, 2, 2, 2, 2, 2, 2, 
2, 2, 2, 2, 2, 2, 2, 2, 2, 2, 0, 0, 0, 0, 0, 0, 0, 0, 0, 0, 0, 
0, 0, 0, 0, 0, 0, 0, 0, 0, 0, 0, 0, 0, 0, 0, 0, 0, 0, 0, 0, 0, 
0, 0, 0, 0, 0, 0, 0, 0, 2, 2, 2, 2, 2, 2, 2, 2, 2, 2, 2, 2, 2, 
2, 2, 2, 2, 2, 2, 2, 2, 2, 2, 2, 2, 2, 2, 2, 2, 2, 2, 2, 2, 2, 
2, 2, 2, 2, 2, 2, 0.381510416666667, 0.381510416666667, 0.381510416666667, 
0.381510416666667, 0.381510416666667, 0.381510416666667, 0.381510416666667, 
0.381510416666667, 0.381510416666667, 0.381510416666667, 0.4140625, 
0.4140625, 0.4140625, 0.4140625, 0.4140625, 0.4140625, 0.4140625, 
0.4140625, 0.4140625, 0.4140625, 0.446614583333333, 0.446614583333333, 
0.446614583333333, 0.446614583333333, 0.446614583333333, 0.446614583333333, 
0.446614583333333, 0.446614583333333, 0.446614583333333, 0.446614583333333, 
0.479166666666667, 0.479166666666667, 0.479166666666667, 0.479166666666667, 
0.479166666666667, 0.479166666666667, 0.479166666666667, 0.479166666666667, 
0.479166666666667, 0.479166666666667, 0.618489583333333, 0.618489583333333, 
0.618489583333333, 0.618489583333333, 0.618489583333333, 0.618489583333333, 
0.618489583333333, 0.618489583333333, 0.618489583333333, 0.618489583333333, 
0.5859375, 0.5859375, 0.5859375, 0.5859375, 0.5859375, 0.5859375, 
0.5859375, 0.5859375, 0.5859375, 0.5859375, 0.553385416666667, 
0.553385416666667, 0.553385416666667, 0.553385416666667, 0.553385416666667, 
0.553385416666667, 0.553385416666667, 0.553385416666667, 0.553385416666667, 
0.553385416666667, 0.520833333333333, 0.520833333333333, 0.520833333333333, 
0.520833333333333, 0.520833333333333, 0.520833333333333, 0.520833333333333, 
0.520833333333333, 0.520833333333333, 0.520833333333333, 0.5, 
0.5, 0.5, 0.5, 0.5, 0.5, 0.5, 0.5, 0.5, 0.5, 0.5, 0.5, 0.5, 0.5, 
0.5, 0.5, 0.5, 0.5, 0.5, 0.5, 0.5, 0.5, 0.5, 0.5, 0.5, 0.5, 0.5, 
0.5, 0.5, 0.5, 0.5, 0.5, 0.5, 0.5, 0.5, 0.5, 0.5, 0.5, 0.5, 0.5, 
0.167569575749937, 0.167569575749937, 0.167569575749937, 0.167569575749937, 
0.167569575749937, 0.167569575749937, 0.167569575749937, 0.167569575749937, 
0.167569575749937, 0.167569575749937, 0.121533978016438, 0.121533978016438, 
0.121533978016438, 0.121533978016438, 0.121533978016438, 0.121533978016438, 
0.121533978016438, 0.121533978016438, 0.121533978016438, 0.121533978016438, 
0.0754983802829386, 0.0754983802829386, 0.0754983802829386, 0.0754983802829386, 
0.0754983802829386, 0.0754983802829386, 0.0754983802829386, 0.0754983802829386, 
0.0754983802829386, 0.0754983802829386, 0.0294627825494395, 0.0294627825494395, 
0.0294627825494395, 0.0294627825494395, 0.0294627825494395, 0.0294627825494395, 
0.0294627825494395, 0.0294627825494395, 0.0294627825494395, 0.0294627825494395, 
1.07024649421094, 1.06927008573497, 1.06732988065854, 1.0724930837781, 
1.09758020983893, 1.08869324738271, 1.08131381853908, 1.08071316991573, 
1.10076429805056, 1.07204771829942, 1.07711801594702, 1.08224704375371, 
1.0794803385669, 1.08344655018162, 1.08559106055805, 1.06748030430293, 
1.06409561962829, 1.10547804902819, 1.10990383807228, 1.08971001822569, 
1.08361504472043, 1.0528906837967, 1.05639960225286, 1.11578405744297, 
1.09325529465577, 1.09012699786921, 1.08690604081806, 1.0899272136225, 
1.08676879435609, 1.08271242470226, 1.09072671374835, 1.07644091455981, 
1.10026996144692, 1.11952049642655, 1.09779504102441, 1.10900843508597, 
1.0901258206763, 1.09664109266601, 1.04383631628423, 1.12984404161868, 
1.07024649421094, 1.06927008573497, 1.06732988065854, 1.0724930837781, 
1.09758020983893, 1.08869324738271, 1.08131381853908, 1.08071316991573, 
1.10076429805056, 1.07204771829942, 1.07711801594702, 1.08224704375371, 
1.0794803385669, 1.08344655018162, 1.08559106055805, 1.06748030430293, 
1.06409561962829, 1.10547804902819, 1.10990383807228, 1.08971001822569, 
1.08361504472043, 1.0528906837967, 1.05639960225286, 1.11578405744297, 
1.09325529465577, 1.09012699786921, 1.08690604081806, 1.0899272136225, 
1.08676879435609, 1.08271242470226, 1.09072671374835, 1.07644091455981, 
1.10026996144692, 1.11952049642655, 1.09779504102441, 1.10900843508597, 
1.0901258206763, 1.09664109266601, 1.04383631628423, 1.12984404161868, 
5.83878583185272, 5.79673506949607, 5.83228750675581, 5.8589601189426, 
5.88014134514161, 5.84047317575896, 5.83208886102813, 5.83882580639682, 
5.89710506183367, 5.86991929036231, 5.8700447004863, 5.91367472664055, 
5.87397560035897, 5.8364747819862, 5.8737793111695, 5.83408621162089, 
5.77382981037153, 5.87466319230765, 5.88688248920674, 5.89214625847369, 
5.89605797699482, 5.65442130181291, 5.64526058874326, 5.95983299479666, 
5.87636636930095, 5.8731725010426, 5.87694060006549, 5.89510099804274, 
5.84938574581433, 5.89905427657566, 5.90334337261596, 5.68823197521557, 
5.88458843244383, 5.804506028569, 5.82672477170541, 5.91521251898254, 
5.85204644905247, 5.92752457410248, 5.60821707937244, 5.97681691110977, 
5.83878583185272, 5.79673506949607, 5.83228750675581, 5.8589601189426, 
5.88014134514161, 5.84047317575896, 5.83208886102813, 5.83882580639682, 
5.89710506183367, 5.86991929036231, 5.8700447004863, 5.91367472664055, 
5.87397560035897, 5.8364747819862, 5.8737793111695, 5.83408621162089, 
5.77382981037153, 5.87466319230765, 5.88688248920674, 5.89214625847369, 
5.89605797699482, 5.65442130181291, 5.64526058874326, 5.95983299479666, 
5.87636636930095, 5.8731725010426, 5.87694060006549, 5.89510099804274, 
5.84938574581433, 5.89905427657566, 5.90334337261596, 5.68823197521557, 
5.88458843244383, 5.804506028569, 5.82672477170541, 5.91521251898254, 
5.85204644905247, 5.92752457410248, 5.60821707937244, 5.97681691110977, 
0.160798579653234, 0.160810628424616, 0.159597136209657, 0.161541731929858, 
0.159459341086634, 0.160770408385561, 0.160704311632018, 0.160861579286635, 
0.162846848168736, 0.161823815737762, 0.161886182956437, 0.161883192695013, 
0.161291146725859, 0.164873072759234, 0.162512242550074, 0.162294860883565, 
