tmp <-
structure(c(2, 2, 2, 2, 2, 2, 2, 2, 2, 2, 2, 2, 2, 2, 2, 2, 2, 
2, 2, 2, 2, 2, 2, 2, 2, 2, 2, 2, 2, 2, 2, 2, 2, 2, 2, 2, 2, 2, 
2, 2, 20, 20, 20, 20, 20, 20, 20, 20, 20, 20, 20, 20, 20, 20, 
20, 20, 20, 20, 20, 20, 20, 20, 20, 20, 20, 20, 20, 20, 20, 20, 
20, 20, 20, 20, 20, 20, 20, 20, 20, 20, 20, 20, 20, 20, 20, 20, 
20, 20, 20, 20, 20, 20, 20, 20, 20, 20, 20, 20, 20, 20, 20, 20, 
20, 20, 20, 20, 20, 20, 20, 20, 20, 20, 20, 20, 20, 20, 20, 20, 
20, 20, 0, 0, 0, 0, 0, 0, 0, 0, 0, 0, 0, 0, 0, 0, 0, 0, 0, 0, 
0, 0, 0, 0, 0, 0, 0, 0, 0, 0, 0, 0, 0, 0, 0, 0, 0, 0, 0, 0, 0, 
0, 7400, 7400, 7400, 7400, 7400, 7400, 7400, 7400, 7400, 7400, 
7400, 7400, 7400, 7400, 7400, 7400, 7400, 7400, 7400, 7400, 7400, 
7400, 7400, 7400, 7400, 7400, 7400, 7400, 7400, 7400, 7400, 7400, 
7400, 7400, 7400, 7400, 7400, 7400, 7400, 7400, 0.0027027027027027, 
0.0027027027027027, 0.0027027027027027, 0.0027027027027027, 0.0027027027027027, 
0.0027027027027027, 0.0027027027027027, 0.0027027027027027, 0.0027027027027027, 
0.0027027027027027, 0.0027027027027027, 0.0027027027027027, 0.0027027027027027, 
0.0027027027027027, 0.0027027027027027, 0.0027027027027027, 0.0027027027027027, 
0.0027027027027027, 0.0027027027027027, 0.0027027027027027, 0.0027027027027027, 
0.0027027027027027, 0.0027027027027027, 0.0027027027027027, 0.0027027027027027, 
0.0027027027027027, 0.0027027027027027, 0.0027027027027027, 0.0027027027027027, 
0.0027027027027027, 0.0027027027027027, 0.0027027027027027, 0.0027027027027027, 
0.0027027027027027, 0.0027027027027027, 0.0027027027027027, 0.0027027027027027, 
0.0027027027027027, 0.0027027027027027, 0.0027027027027027, 1, 
1, 1, 1, 1, 1, 1, 1, 1, 1, 1, 1, 1, 1, 1, 1, 1, 1, 1, 1, 1, 1, 
1, 1, 1, 1, 1, 1, 1, 1, 1, 1, 1, 1, 1, 1, 1, 1, 1, 1, 0, 0, 0, 
0, 0, 0, 0, 0, 0, 0, 0, 0, 0, 0, 0, 0, 0, 0, 0, 0, 0, 0, 0, 0, 
0, 0, 0, 0, 0, 0, 0, 0, 0, 0, 0, 0, 0, 0, 0, 0, 2, 2, 2, 2, 2, 
2, 2, 2, 2, 2, 2, 2, 2, 2, 2, 2, 2, 2, 2, 2, 2, 2, 2, 2, 2, 2, 
2, 2, 2, 2, 2, 2, 2, 2, 2, 2, 2, 2, 2, 2, 2, 2, 2, 2, 2, 2, 2, 
2, 2, 2, 2, 2, 2, 2, 2, 2, 2, 2, 2, 2, 2, 2, 2, 2, 2, 2, 2, 2, 
2, 2, 2, 2, 2, 2, 2, 2, 2, 2, 2, 2, 2, 2, 2, 2, 2, 2, 2, 2, 2, 
2, 2, 2, 2, 2, 2, 2, 2, 2, 2, 2, 2, 2, 2, 2, 2, 2, 2, 2, 2, 2, 
2, 2, 2, 2, 2, 2, 2, 2, 2, 2, 0, 0, 0, 0, 0, 0, 0, 0, 0, 0, 0, 
0, 0, 0, 0, 0, 0, 0, 0, 0, 0, 0, 0, 0, 0, 0, 0, 0, 0, 0, 0, 0, 
0, 0, 0, 0, 0, 0, 0, 0, 2, 2, 2, 2, 2, 2, 2, 2, 2, 2, 2, 2, 2, 
2, 2, 2, 2, 2, 2, 2, 2, 2, 2, 2, 2, 2, 2, 2, 2, 2, 2, 2, 2, 2, 
2, 2, 2, 2, 2, 2, 0.47972972972973, 0.47972972972973, 0.47972972972973, 
0.47972972972973, 0.47972972972973, 0.47972972972973, 0.47972972972973, 
0.47972972972973, 0.47972972972973, 0.47972972972973, 0.454459459459459, 
0.454459459459459, 0.454459459459459, 0.454459459459459, 0.454459459459459, 
0.454459459459459, 0.454459459459459, 0.454459459459459, 0.454459459459459, 
0.454459459459459, 0.429189189189189, 0.429189189189189, 0.429189189189189, 
0.429189189189189, 0.429189189189189, 0.429189189189189, 0.429189189189189, 
0.429189189189189, 0.429189189189189, 0.429189189189189, 0.403918918918919, 
0.403918918918919, 0.403918918918919, 0.403918918918919, 0.403918918918919, 
0.403918918918919, 0.403918918918919, 0.403918918918919, 0.403918918918919, 
0.403918918918919, 0.52027027027027, 0.52027027027027, 0.52027027027027, 
0.52027027027027, 0.52027027027027, 0.52027027027027, 0.52027027027027, 
0.52027027027027, 0.52027027027027, 0.52027027027027, 0.545540540540541, 
0.545540540540541, 0.545540540540541, 0.545540540540541, 0.545540540540541, 
0.545540540540541, 0.545540540540541, 0.545540540540541, 0.545540540540541, 
0.545540540540541, 0.570810810810811, 0.570810810810811, 0.570810810810811, 
0.570810810810811, 0.570810810810811, 0.570810810810811, 0.570810810810811, 
0.570810810810811, 0.570810810810811, 0.570810810810811, 0.596081081081081, 
0.596081081081081, 0.596081081081081, 0.596081081081081, 0.596081081081081, 
0.596081081081081, 0.596081081081081, 0.596081081081081, 0.596081081081081, 
0.596081081081081, 0.5, 0.5, 0.5, 0.5, 0.5, 0.5, 0.5, 0.5, 0.5, 
0.5, 0.5, 0.5, 0.5, 0.5, 0.5, 0.5, 0.5, 0.5, 0.5, 0.5, 0.5, 0.5, 
0.5, 0.5, 0.5, 0.5, 0.5, 0.5, 0.5, 0.5, 0.5, 0.5, 0.5, 0.5, 0.5, 
0.5, 0.5, 0.5, 0.5, 0.5, 0.0286664911291844, 0.0286664911291844, 
0.0286664911291844, 0.0286664911291844, 0.0286664911291844, 0.0286664911291844, 
0.0286664911291844, 0.0286664911291844, 0.0286664911291844, 0.0286664911291844, 
0.0644040500702342, 0.0644040500702342, 0.0644040500702342, 0.0644040500702342, 
0.0644040500702342, 0.0644040500702342, 0.0644040500702342, 0.0644040500702342, 
0.0644040500702342, 0.0644040500702342, 0.100141609011284, 0.100141609011284, 
0.100141609011284, 0.100141609011284, 0.100141609011284, 0.100141609011284, 
0.100141609011284, 0.100141609011284, 0.100141609011284, 0.100141609011284, 
0.135879167952334, 0.135879167952334, 0.135879167952334, 0.135879167952334, 
0.135879167952334, 0.135879167952334, 0.135879167952334, 0.135879167952334, 
0.135879167952334, 0.135879167952334, 0.0947648495032405, 0.0936674708828471, 
0.0921550087551732, 0.0910353414146707, 0.0922088757078897, 0.0943054005519939, 
0.0941426239632387, 0.0908586357590786, 0.092465897925182, 0.0886419349216504, 
0.0987505750059441, 0.0986206820854698, 0.101624379457081, 0.0992591132803826, 
0.0995364673836383, 0.0991525989359488, 0.100518235176894, 0.102930491981064, 
0.100516654156725, 0.101976266981543, 0.112669675279188, 0.109425101677979, 
0.106266475424867, 0.106784969486767, 0.106210372729161, 0.108683839106451, 
0.110824809993573, 0.10988293939785, 0.110620469992073, 0.110311134872364, 
0.11494055232934, 0.118222269296627, 0.118024961388424, 0.115047888913369, 
0.120072779038923, 0.11466246601447, 0.118621466935435, 0.118014829074825, 
0.117439009512554, 0.12112561180705, 0.0947648495032404, 0.0936674708828474, 
0.0921550087551732, 0.0910353414146709, 0.0922088757078897, 0.0943054005519937, 
0.0941426239632385, 0.0908586357590787, 0.0924658979251819, 0.0886419349216503, 
0.0987505750059441, 0.0986206820854702, 0.101624379457081, 0.0992591132803825, 
0.0995364673836381, 0.0991525989359489, 0.100518235176894, 0.102930491981064, 
0.100516654156725, 0.101976266981543, 0.112669675279188, 0.10942510167798, 
0.106266475424868, 0.106784969486768, 0.106210372729161, 0.108683839106451, 
0.110824809993573, 0.10988293939785, 0.110620469992074, 0.110311134872364, 
0.114940552329339, 0.118222269296627, 0.118024961388424, 0.115047888913369, 
0.120072779038923, 0.11466246601447, 0.118621466935434, 0.118014829074825, 
0.117439009512554, 0.12112561180705, 3.34555193623676, 3.34420936375963, 
3.34488705509066, 3.34384805234694, 3.34850794734431, 3.34678879339088, 
3.34068075323168, 3.34149061204612, 3.34489634886313, 3.34431123909655, 
3.37881465131304, 3.38488458215956, 3.381170161935, 3.38468189537529, 
3.38308101460709, 3.38985897783447, 3.3853040387348, 3.38546369252398, 
3.38622722687113, 3.37685024229045, 3.41831207304308, 3.41904282588983, 
3.42431157763157, 3.41671535987811, 3.42032561826134, 3.42307530110412, 
3.42120031347337, 3.41826144617022, 3.41955118827027, 3.42955487061058, 
3.45243421420284, 3.45863243324946, 3.4553267380206, 3.45878039452646, 
3.45834968654431, 3.45769561872069, 3.45837456650077, 3.45602892263464, 
3.4607640116331, 3.45858682198682, 3.34555193623676, 3.34420936375963, 
3.34488705509066, 3.34384805234694, 3.34850794734431, 3.34678879339088, 
3.34068075323168, 3.34149061204612, 3.34489634886313, 3.34431123909655, 
3.37881465131304, 3.38488458215956, 3.381170161935, 3.38468189537529, 
3.38308101460709, 3.38985897783447, 3.3853040387348, 3.38546369252398, 
3.38622722687113, 3.37685024229045, 3.41831207304308, 3.41904282588983, 
3.42431157763157, 3.41671535987811, 3.42032561826134, 3.42307530110412, 
3.42120031347337, 3.41826144617022, 3.41955118827027, 3.42955487061058, 
3.45243421420284, 3.45863243324946, 3.4553267380206, 3.45878039452646, 
3.45834968654431, 3.45769561872069, 3.45837456650077, 3.45602892263464, 
