tmp <-
structure(c(2, 2, 2, 2, 2, 2, 2, 2, 2, 2, 2, 2, 2, 2, 2, 2, 2, 
2, 2, 2, 2, 2, 2, 2, 2, 2, 2, 2, 2, 2, 2, 2, 2, 2, 2, 2, 2, 2, 
2, 2, 9, 9, 9, 9, 9, 9, 9, 9, 9, 9, 9, 9, 9, 9, 9, 9, 9, 9, 9, 
9, 9, 9, 9, 9, 9, 9, 9, 9, 9, 9, 9, 9, 9, 9, 9, 9, 9, 9, 9, 9, 
8, 8, 8, 8, 8, 8, 8, 8, 8, 8, 8, 8, 8, 8, 8, 8, 8, 8, 8, 8, 8, 
8, 8, 8, 8, 8, 8, 8, 8, 8, 8, 8, 8, 8, 8, 8, 8, 8, 8, 8, 1, 1, 
1, 1, 1, 1, 1, 1, 1, 1, 1, 1, 1, 1, 1, 1, 1, 1, 1, 1, 1, 1, 1, 
1, 1, 1, 1, 1, 1, 1, 1, 1, 1, 1, 1, 1, 1, 1, 1, 1, 462, 462, 
462, 462, 462, 462, 462, 462, 462, 462, 462, 462, 462, 462, 462, 
462, 462, 462, 462, 462, 462, 462, 462, 462, 462, 462, 462, 462, 
462, 462, 462, 462, 462, 462, 462, 462, 462, 462, 462, 462, 0.0194805194805195, 
0.0194805194805195, 0.0194805194805195, 0.0194805194805195, 0.0194805194805195, 
0.0194805194805195, 0.0194805194805195, 0.0194805194805195, 0.0194805194805195, 
0.0194805194805195, 0.0194805194805195, 0.0194805194805195, 0.0194805194805195, 
0.0194805194805195, 0.0194805194805195, 0.0194805194805195, 0.0194805194805195, 
0.0194805194805195, 0.0194805194805195, 0.0194805194805195, 0.0194805194805195, 
0.0194805194805195, 0.0194805194805195, 0.0194805194805195, 0.0194805194805195, 
0.0194805194805195, 0.0194805194805195, 0.0194805194805195, 0.0194805194805195, 
0.0194805194805195, 0.0194805194805195, 0.0194805194805195, 0.0194805194805195, 
0.0194805194805195, 0.0194805194805195, 0.0194805194805195, 0.0194805194805195, 
0.0194805194805195, 0.0194805194805195, 0.0194805194805195, 0.888888888888889, 
0.888888888888889, 0.888888888888889, 0.888888888888889, 0.888888888888889, 
0.888888888888889, 0.888888888888889, 0.888888888888889, 0.888888888888889, 
0.888888888888889, 0.888888888888889, 0.888888888888889, 0.888888888888889, 
0.888888888888889, 0.888888888888889, 0.888888888888889, 0.888888888888889, 
0.888888888888889, 0.888888888888889, 0.888888888888889, 0.888888888888889, 
0.888888888888889, 0.888888888888889, 0.888888888888889, 0.888888888888889, 
0.888888888888889, 0.888888888888889, 0.888888888888889, 0.888888888888889, 
0.888888888888889, 0.888888888888889, 0.888888888888889, 0.888888888888889, 
0.888888888888889, 0.888888888888889, 0.888888888888889, 0.888888888888889, 
0.888888888888889, 0.888888888888889, 0.888888888888889, 0.111111111111111, 
0.111111111111111, 0.111111111111111, 0.111111111111111, 0.111111111111111, 
0.111111111111111, 0.111111111111111, 0.111111111111111, 0.111111111111111, 
0.111111111111111, 0.111111111111111, 0.111111111111111, 0.111111111111111, 
0.111111111111111, 0.111111111111111, 0.111111111111111, 0.111111111111111, 
0.111111111111111, 0.111111111111111, 0.111111111111111, 0.111111111111111, 
0.111111111111111, 0.111111111111111, 0.111111111111111, 0.111111111111111, 
0.111111111111111, 0.111111111111111, 0.111111111111111, 0.111111111111111, 
0.111111111111111, 0.111111111111111, 0.111111111111111, 0.111111111111111, 
0.111111111111111, 0.111111111111111, 0.111111111111111, 0.111111111111111, 
0.111111111111111, 0.111111111111111, 0.111111111111111, 2, 2, 
2, 2, 2, 2, 2, 2, 2, 2, 2, 2, 2, 2, 2, 2, 2, 2, 2, 2, 2, 2, 2, 
2, 2, 2, 2, 2, 2, 2, 2, 2, 2, 2, 2, 2, 2, 2, 2, 2, 2, 2, 2, 2, 
2, 2, 2, 2, 2, 2, 2, 2, 2, 2, 2, 2, 2, 2, 2, 2, 2, 2, 2, 2, 2, 
2, 2, 2, 2, 2, 2, 2, 2, 2, 2, 2, 2, 2, 2, 2, 2, 2, 2, 2, 2, 2, 
2, 2, 2, 2, 2, 2, 2, 2, 2, 2, 2, 2, 2, 2, 2, 2, 2, 2, 2, 2, 2, 
2, 2, 2, 2, 2, 2, 2, 2, 2, 2, 2, 2, 2, 0, 0, 0, 0, 0, 0, 0, 0, 
0, 0, 0, 0, 0, 0, 0, 0, 0, 0, 0, 0, 0, 0, 0, 0, 0, 0, 0, 0, 0, 
0, 0, 0, 0, 0, 0, 0, 0, 0, 0, 0, 4, 4, 4, 4, 4, 4, 4, 4, 4, 4, 
4, 4, 4, 4, 4, 4, 4, 4, 4, 4, 4, 4, 4, 4, 4, 4, 4, 4, 4, 4, 4, 
4, 4, 4, 4, 4, 4, 4, 4, 4, 0.378787878787879, 0.378787878787879, 
0.378787878787879, 0.378787878787879, 0.378787878787879, 0.378787878787879, 
0.378787878787879, 0.378787878787879, 0.378787878787879, 0.378787878787879, 
0.411255411255411, 0.411255411255411, 0.411255411255411, 0.411255411255411, 
0.411255411255411, 0.411255411255411, 0.411255411255411, 0.411255411255411, 
0.411255411255411, 0.411255411255411, 0.443722943722944, 0.443722943722944, 
0.443722943722944, 0.443722943722944, 0.443722943722944, 0.443722943722944, 
0.443722943722944, 0.443722943722944, 0.443722943722944, 0.443722943722944, 
0.476190476190476, 0.476190476190476, 0.476190476190476, 0.476190476190476, 
0.476190476190476, 0.476190476190476, 0.476190476190476, 0.476190476190476, 
0.476190476190476, 0.476190476190476, 0.621212121212121, 0.621212121212121, 
0.621212121212121, 0.621212121212121, 0.621212121212121, 0.621212121212121, 
0.621212121212121, 0.621212121212121, 0.621212121212121, 0.621212121212121, 
0.588744588744589, 0.588744588744589, 0.588744588744589, 0.588744588744589, 
0.588744588744589, 0.588744588744589, 0.588744588744589, 0.588744588744589, 
0.588744588744589, 0.588744588744589, 0.556277056277056, 0.556277056277056, 
0.556277056277056, 0.556277056277056, 0.556277056277056, 0.556277056277056, 
0.556277056277056, 0.556277056277056, 0.556277056277056, 0.556277056277056, 
0.523809523809524, 0.523809523809524, 0.523809523809524, 0.523809523809524, 
0.523809523809524, 0.523809523809524, 0.523809523809524, 0.523809523809524, 
0.523809523809524, 0.523809523809524, 0.5, 0.5, 0.5, 0.5, 0.5, 
0.5, 0.5, 0.5, 0.5, 0.5, 0.5, 0.5, 0.5, 0.5, 0.5, 0.5, 0.5, 0.5, 
0.5, 0.5, 0.5, 0.5, 0.5, 0.5, 0.5, 0.5, 0.5, 0.5, 0.5, 0.5, 0.5, 
0.5, 0.5, 0.5, 0.5, 0.5, 0.5, 0.5, 0.5, 0.5, 0.171419825742193, 
0.171419825742193, 0.171419825742193, 0.171419825742193, 0.171419825742193, 
0.171419825742193, 0.171419825742193, 0.171419825742193, 0.171419825742193, 
0.171419825742193, 0.12550380098982, 0.12550380098982, 0.12550380098982, 
0.12550380098982, 0.12550380098982, 0.12550380098982, 0.12550380098982, 
0.12550380098982, 0.12550380098982, 0.12550380098982, 0.0795877762374469, 
0.0795877762374469, 0.0795877762374469, 0.0795877762374469, 0.0795877762374469, 
0.0795877762374469, 0.0795877762374469, 0.0795877762374469, 0.0795877762374469, 
0.0795877762374469, 0.0336717514850737, 0.0336717514850737, 0.0336717514850737, 
0.0336717514850737, 0.0336717514850737, 0.0336717514850737, 0.0336717514850737, 
0.0336717514850737, 0.0336717514850737, 0.0336717514850737, 1.05086829239138, 
1.05954345789771, 1.05316358791472, 1.06005452220441, 1.04837293106367, 
1.05951679409454, 1.04888917270611, 1.05289129857649, 1.04359196295534, 
1.05740630626877, 1.06784270055688, 1.05215946215902, 1.06235719951259, 
1.06057591105912, 1.05441185452116, 1.0678681663831, 1.04788141515039, 
1.04564887963339, 1.06501527035545, 1.04794236771143, 1.03747251065282, 
1.04381458131216, 1.06468848653829, 1.07070848999034, 1.05699368628306, 
1.06652263088568, 1.06144063646032, 1.06440177417254, 1.04986573748431, 
1.06126097278249, 1.06830288016293, 1.07130054377903, 1.08094736721687, 
1.05772427272432, 1.06674370415167, 1.08725224772779, 1.05871707488357, 
1.05782612007218, 1.07070849312766, 1.05550173517404, 0.992864845591665, 
0.998321408118302, 1.00408020014002, 1.00558489475728, 0.988392050932487, 
1.00740848960806, 0.993375074731365, 0.994663073311762, 0.988666443841792, 
0.998676413482679, 0.999503512743526, 0.998825797378309, 1.0056437529351, 
1.0018292160379, 0.989741829388328, 0.997361029558754, 0.988328780223761, 
0.986344304208647, 1.00355887373937, 0.990599399728841, 0.975646777800788, 
0.987867551610158, 0.993376569009431, 1.00086948557427, 0.995178943946506, 
0.999302549485268, 0.990489591162352, 0.99312171357321, 0.980200792072568, 
0.994625520060211, 0.989531735304097, 1.00940552189431, 1.01578091281965, 
0.982236366117293, 1.00097121416522, 1.01487550961345, 0.989510911529697, 
0.988718951697349, 1.00016994996889, 0.995362136467651, 5.04765442406047, 
5.05291952301019, 5.07099502131804, 5.06902697614442, 5.05263596356017, 
5.03073400583874, 5.01546635834212, 5.03997275503661, 4.95631578948765, 
5.09078232451465, 5.10054405122678, 5.1000540976015, 5.10643465861782, 
5.05579352166405, 4.94231500930527, 5.11342714124306, 4.93188328260992, 
