tmp <-
structure(c(7, 7, 7, 7, 7, 7, 7, 7, 7, 7, 7, 7, 7, 7, 7, 7, 7, 
7, 7, 7, 7, 7, 7, 7, 7, 7, 7, 7, 7, 7, 7, 7, 7, 7, 7, 7, 7, 7, 
7, 7, 18, 18, 18, 18, 18, 18, 18, 18, 18, 18, 18, 18, 18, 18, 
18, 18, 18, 18, 18, 18, 18, 18, 18, 18, 18, 18, 18, 18, 18, 18, 
18, 18, 18, 18, 18, 18, 18, 18, 18, 18, 18, 18, 18, 18, 18, 18, 
18, 18, 18, 18, 18, 18, 18, 18, 18, 18, 18, 18, 18, 18, 18, 18, 
18, 18, 18, 18, 18, 18, 18, 18, 18, 18, 18, 18, 18, 18, 18, 18, 
18, 18, 0, 0, 0, 0, 0, 0, 0, 0, 0, 0, 0, 0, 0, 0, 0, 0, 0, 0, 
0, 0, 0, 0, 0, 0, 0, 0, 0, 0, 0, 0, 0, 0, 0, 0, 0, 0, 0, 0, 0, 
0, 2310, 2310, 2310, 2310, 2310, 2310, 2310, 2310, 2310, 2310, 
2310, 2310, 2310, 2310, 2310, 2310, 2310, 2310, 2310, 2310, 2310, 
2310, 2310, 2310, 2310, 2310, 2310, 2310, 2310, 2310, 2310, 2310, 
2310, 2310, 2310, 2310, 2310, 2310, 2310, 2310, 0.00779220779220779, 
0.00779220779220779, 0.00779220779220779, 0.00779220779220779, 
0.00779220779220779, 0.00779220779220779, 0.00779220779220779, 
0.00779220779220779, 0.00779220779220779, 0.00779220779220779, 
0.00779220779220779, 0.00779220779220779, 0.00779220779220779, 
0.00779220779220779, 0.00779220779220779, 0.00779220779220779, 
0.00779220779220779, 0.00779220779220779, 0.00779220779220779, 
0.00779220779220779, 0.00779220779220779, 0.00779220779220779, 
0.00779220779220779, 0.00779220779220779, 0.00779220779220779, 
0.00779220779220779, 0.00779220779220779, 0.00779220779220779, 
0.00779220779220779, 0.00779220779220779, 0.00779220779220779, 
0.00779220779220779, 0.00779220779220779, 0.00779220779220779, 
0.00779220779220779, 0.00779220779220779, 0.00779220779220779, 
0.00779220779220779, 0.00779220779220779, 0.00779220779220779, 
1, 1, 1, 1, 1, 1, 1, 1, 1, 1, 1, 1, 1, 1, 1, 1, 1, 1, 1, 1, 1, 
1, 1, 1, 1, 1, 1, 1, 1, 1, 1, 1, 1, 1, 1, 1, 1, 1, 1, 1, 0, 0, 
0, 0, 0, 0, 0, 0, 0, 0, 0, 0, 0, 0, 0, 0, 0, 0, 0, 0, 0, 0, 0, 
0, 0, 0, 0, 0, 0, 0, 0, 0, 0, 0, 0, 0, 0, 0, 0, 0, 7, 7, 7, 7, 
7, 7, 7, 7, 7, 7, 7, 7, 7, 7, 7, 7, 7, 7, 7, 7, 7, 7, 7, 7, 7, 
7, 7, 7, 7, 7, 7, 7, 7, 7, 7, 7, 7, 7, 7, 7, 7, 7, 7, 7, 7, 7, 
7, 7, 7, 7, 7, 7, 7, 7, 7, 7, 7, 7, 7, 7, 7, 7, 7, 7, 7, 7, 7, 
7, 7, 7, 7, 7, 7, 7, 7, 7, 7, 7, 7, 7, 7, 7, 7, 7, 7, 7, 7, 7, 
7, 7, 7, 7, 7, 7, 7, 7, 7, 7, 7, 7, 7, 7, 7, 7, 7, 7, 7, 7, 7, 
7, 7, 7, 7, 7, 7, 7, 7, 7, 7, 7, 0, 0, 0, 0, 0, 0, 0, 0, 0, 0, 
0, 0, 0, 0, 0, 0, 0, 0, 0, 0, 0, 0, 0, 0, 0, 0, 0, 0, 0, 0, 0, 
0, 0, 0, 0, 0, 0, 0, 0, 0, 7, 7, 7, 7, 7, 7, 7, 7, 7, 7, 7, 7, 
7, 7, 7, 7, 7, 7, 7, 7, 7, 7, 7, 7, 7, 7, 7, 7, 7, 7, 7, 7, 7, 
7, 7, 7, 7, 7, 7, 7, 0.135930735930736, 0.135930735930736, 0.135930735930736, 
0.135930735930736, 0.135930735930736, 0.135930735930736, 0.135930735930736, 
0.135930735930736, 0.135930735930736, 0.135930735930736, 0.128571428571429, 
0.128571428571429, 0.128571428571429, 0.128571428571429, 0.128571428571429, 
0.128571428571429, 0.128571428571429, 0.128571428571429, 0.128571428571429, 
0.128571428571429, 0.121645021645022, 0.121645021645022, 0.121645021645022, 
0.121645021645022, 0.121645021645022, 0.121645021645022, 0.121645021645022, 
0.121645021645022, 0.121645021645022, 0.121645021645022, 0.114285714285714, 
0.114285714285714, 0.114285714285714, 0.114285714285714, 0.114285714285714, 
0.114285714285714, 0.114285714285714, 0.114285714285714, 0.114285714285714, 
0.114285714285714, 0.14978354978355, 0.14978354978355, 0.14978354978355, 
0.14978354978355, 0.14978354978355, 0.14978354978355, 0.14978354978355, 
0.14978354978355, 0.14978354978355, 0.14978354978355, 0.157142857142857, 
0.157142857142857, 0.157142857142857, 0.157142857142857, 0.157142857142857, 
0.157142857142857, 0.157142857142857, 0.157142857142857, 0.157142857142857, 
0.157142857142857, 0.164069264069264, 0.164069264069264, 0.164069264069264, 
0.164069264069264, 0.164069264069264, 0.164069264069264, 0.164069264069264, 
0.164069264069264, 0.164069264069264, 0.164069264069264, 0.171428571428571, 
0.171428571428571, 0.171428571428571, 0.171428571428571, 0.171428571428571, 
0.171428571428571, 0.171428571428571, 0.171428571428571, 0.171428571428571, 
0.171428571428571, 0.142857142857143, 0.142857142857143, 0.142857142857143, 
0.142857142857143, 0.142857142857143, 0.142857142857143, 0.142857142857143, 
0.142857142857143, 0.142857142857143, 0.142857142857143, 0.142857142857143, 
0.142857142857143, 0.142857142857143, 0.142857142857143, 0.142857142857143, 
0.142857142857143, 0.142857142857143, 0.142857142857143, 0.142857142857143, 
0.142857142857143, 0.142857142857143, 0.142857142857143, 0.142857142857143, 
0.142857142857143, 0.142857142857143, 0.142857142857143, 0.142857142857143, 
0.142857142857143, 0.142857142857143, 0.142857142857143, 0.142857142857143, 
0.142857142857143, 0.142857142857143, 0.142857142857143, 0.142857142857143, 
0.142857142857143, 0.142857142857143, 0.142857142857143, 0.142857142857143, 
0.142857142857143, 0.00399896290347793, 0.00399896290347793, 
0.00399896290347793, 0.00399896290347793, 0.00399896290347793, 
0.00399896290347793, 0.00399896290347793, 0.00399896290347793, 
0.00399896290347793, 0.00399896290347793, 0.00824786098842323, 
0.00824786098842323, 0.00824786098842323, 0.00824786098842323, 
0.00824786098842323, 0.00824786098842323, 0.00824786098842323, 
0.00824786098842323, 0.00824786098842323, 0.00824786098842323, 
0.0122468238919012, 0.0122468238919012, 0.0122468238919012, 0.0122468238919012, 
0.0122468238919012, 0.0122468238919012, 0.0122468238919012, 0.0122468238919012, 
0.0122468238919012, 0.0122468238919012, 0.0164957219768465, 0.0164957219768465, 
0.0164957219768465, 0.0164957219768465, 0.0164957219768465, 0.0164957219768465, 
0.0164957219768465, 0.0164957219768465, 0.0164957219768465, 0.0164957219768465, 
2.21729421091166, 2.22493657921337, 2.22814427503005, 2.21654160161591, 
2.22371733142435, 2.21746288557194, 2.22116829815911, 2.2172219985328, 
2.21942904199084, 2.22579454862807, 2.182549857066, 2.19012375722553, 
2.19493824811669, 2.18334226530976, 2.18089875102621, 2.18458290695645, 
2.15887979238268, 2.15505512371122, 2.18431367733684, 2.20252347955487, 
2.16884782225473, 2.15445079275465, 2.15508318381624, 2.19059569491915, 
2.18078318001941, 2.15473982936079, 2.1644326357404, 2.13485156399617, 
2.12848576440806, 2.15881902191345, 2.11601007450671, 2.13678054457024, 
2.11746251571691, 2.1398975552366, 2.16572904267755, 2.15126397696469, 
2.09767343235013, 2.13735568069408, 2.12997125405866, 2.11817458212414, 
2.21729421091166, 2.22493657921337, 2.22814427503005, 2.21654160161591, 
2.22371733142435, 2.21746288557194, 2.22116829815911, 2.2172219985328, 
2.21942904199084, 2.22579454862807, 2.182549857066, 2.19012375722553, 
2.19493824811669, 2.18334226530976, 2.18089875102621, 2.18458290695645, 
2.15887979238268, 2.15505512371122, 2.18431367733684, 2.20252347955487, 
2.16884782225473, 2.15445079275465, 2.15508318381624, 2.19059569491915, 
2.18078318001941, 2.15473982936079, 2.1644326357404, 2.13485156399617, 
2.12848576440806, 2.15881902191345, 2.11601007450671, 2.13678054457024, 
2.11746251571691, 2.1398975552366, 2.16572904267755, 2.15126397696469, 
2.09767343235013, 2.13735568069408, 2.12997125405866, 2.11817458212414, 
16.9499508925216, 17.1146512369101, 17.0824897017041, 16.9996841134131, 
17.0469606097981, 16.9692177096607, 17.014436027247, 16.9698992822895, 
16.9542124412664, 17.0755647251221, 16.6342803601836, 16.7938636975191, 
16.7723320177263, 16.6719104170017, 16.6215388140815, 16.6302613551908, 
15.6107534230814, 15.6213250662197, 16.6367070102203, 16.9492645138774, 
16.6698776633747, 16.5242451945052, 16.5387309616482, 17.0488821078738, 
16.8603519466645, 16.5156007955972, 16.5966614148902, 15.4698229572396, 
15.3700218849437, 16.5668831886102, 15.3824033480205, 16.5469037590349, 
15.4310488315939, 16.5090325746536, 16.9620283947372, 16.689966423837, 
15.1121543853979, 16.5568037947316, 16.4489676300693, 15.7129580672333, 
16.9499508925216, 17.1146512369101, 17.0824897017041, 16.9996841134131, 
17.0469606097981, 16.9692177096607, 17.014436027247, 16.9698992822895, 
