tmp <-
structure(c(2, 2, 2, 2, 2, 2, 2, 2, 2, 2, 2, 2, 2, 2, 2, 2, 2, 
2, 2, 2, 2, 2, 2, 2, 2, 2, 2, 2, 2, 2, 2, 2, 2, 2, 2, 2, 2, 2, 
2, 2, 44, 44, 44, 44, 44, 44, 44, 44, 44, 44, 44, 44, 44, 44, 
44, 44, 44, 44, 44, 44, 44, 44, 44, 44, 44, 44, 44, 44, 44, 44, 
44, 44, 44, 44, 44, 44, 44, 44, 44, 44, 44, 44, 44, 44, 44, 44, 
44, 44, 44, 44, 44, 44, 44, 44, 44, 44, 44, 44, 44, 44, 44, 44, 
44, 44, 44, 44, 44, 44, 44, 44, 44, 44, 44, 44, 44, 44, 44, 44, 
44, 44, 0, 0, 0, 0, 0, 0, 0, 0, 0, 0, 0, 0, 0, 0, 0, 0, 0, 0, 
0, 0, 0, 0, 0, 0, 0, 0, 0, 0, 0, 0, 0, 0, 0, 0, 0, 0, 0, 0, 0, 
0, 349, 349, 349, 349, 349, 349, 349, 349, 349, 349, 349, 349, 
349, 349, 349, 349, 349, 349, 349, 349, 349, 349, 349, 349, 349, 
349, 349, 349, 349, 349, 349, 349, 349, 349, 349, 349, 349, 349, 
349, 349, 0.126074498567335, 0.126074498567335, 0.126074498567335, 
0.126074498567335, 0.126074498567335, 0.126074498567335, 0.126074498567335, 
0.126074498567335, 0.126074498567335, 0.126074498567335, 0.126074498567335, 
0.126074498567335, 0.126074498567335, 0.126074498567335, 0.126074498567335, 
0.126074498567335, 0.126074498567335, 0.126074498567335, 0.126074498567335, 
0.126074498567335, 0.126074498567335, 0.126074498567335, 0.126074498567335, 
0.126074498567335, 0.126074498567335, 0.126074498567335, 0.126074498567335, 
0.126074498567335, 0.126074498567335, 0.126074498567335, 0.126074498567335, 
0.126074498567335, 0.126074498567335, 0.126074498567335, 0.126074498567335, 
0.126074498567335, 0.126074498567335, 0.126074498567335, 0.126074498567335, 
0.126074498567335, 1, 1, 1, 1, 1, 1, 1, 1, 1, 1, 1, 1, 1, 1, 
1, 1, 1, 1, 1, 1, 1, 1, 1, 1, 1, 1, 1, 1, 1, 1, 1, 1, 1, 1, 1, 
1, 1, 1, 1, 1, 0, 0, 0, 0, 0, 0, 0, 0, 0, 0, 0, 0, 0, 0, 0, 0, 
0, 0, 0, 0, 0, 0, 0, 0, 0, 0, 0, 0, 0, 0, 0, 0, 0, 0, 0, 0, 0, 
0, 0, 0, 2, 2, 2, 2, 2, 2, 2, 2, 2, 2, 2, 2, 2, 2, 2, 2, 2, 2, 
2, 2, 2, 2, 2, 2, 2, 2, 2, 2, 2, 2, 2, 2, 2, 2, 2, 2, 2, 2, 2, 
2, 2, 2, 2, 2, 2, 2, 2, 2, 2, 2, 2, 2, 2, 2, 2, 2, 2, 2, 2, 2, 
2, 2, 2, 2, 2, 2, 2, 2, 2, 2, 2, 2, 2, 2, 2, 2, 2, 2, 2, 2, 2, 
2, 2, 2, 2, 2, 2, 2, 2, 2, 2, 2, 2, 2, 2, 2, 2, 2, 2, 2, 2, 2, 
2, 2, 2, 2, 2, 2, 2, 2, 2, 2, 2, 2, 2, 2, 2, 2, 2, 2, 0, 0, 0, 
0, 0, 0, 0, 0, 0, 0, 0, 0, 0, 0, 0, 0, 0, 0, 0, 0, 0, 0, 0, 0, 
0, 0, 0, 0, 0, 0, 0, 0, 0, 0, 0, 0, 0, 0, 0, 0, 2, 2, 2, 2, 2, 
2, 2, 2, 2, 2, 2, 2, 2, 2, 2, 2, 2, 2, 2, 2, 2, 2, 2, 2, 2, 2, 
2, 2, 2, 2, 2, 2, 2, 2, 2, 2, 2, 2, 2, 2, 0.306590257879656, 
0.306590257879656, 0.306590257879656, 0.306590257879656, 0.306590257879656, 
0.306590257879656, 0.306590257879656, 0.306590257879656, 0.306590257879656, 
0.306590257879656, 0.343839541547278, 0.343839541547278, 0.343839541547278, 
0.343839541547278, 0.343839541547278, 0.343839541547278, 0.343839541547278, 
0.343839541547278, 0.343839541547278, 0.343839541547278, 0.3810888252149, 
0.3810888252149, 0.3810888252149, 0.3810888252149, 0.3810888252149, 
0.3810888252149, 0.3810888252149, 0.3810888252149, 0.3810888252149, 
0.3810888252149, 0.415472779369628, 0.415472779369628, 0.415472779369628, 
0.415472779369628, 0.415472779369628, 0.415472779369628, 0.415472779369628, 
0.415472779369628, 0.415472779369628, 0.415472779369628, 0.693409742120344, 
0.693409742120344, 0.693409742120344, 0.693409742120344, 0.693409742120344, 
0.693409742120344, 0.693409742120344, 0.693409742120344, 0.693409742120344, 
0.693409742120344, 0.656160458452722, 0.656160458452722, 0.656160458452722, 
0.656160458452722, 0.656160458452722, 0.656160458452722, 0.656160458452722, 
0.656160458452722, 0.656160458452722, 0.656160458452722, 0.6189111747851, 
0.6189111747851, 0.6189111747851, 0.6189111747851, 0.6189111747851, 
0.6189111747851, 0.6189111747851, 0.6189111747851, 0.6189111747851, 
0.6189111747851, 0.584527220630373, 0.584527220630373, 0.584527220630373, 
0.584527220630373, 0.584527220630373, 0.584527220630373, 0.584527220630373, 
0.584527220630373, 0.584527220630373, 0.584527220630373, 0.5, 
0.5, 0.5, 0.5, 0.5, 0.5, 0.5, 0.5, 0.5, 0.5, 0.5, 0.5, 0.5, 0.5, 
0.5, 0.5, 0.5, 0.5, 0.5, 0.5, 0.5, 0.5, 0.5, 0.5, 0.5, 0.5, 0.5, 
0.5, 0.5, 0.5, 0.5, 0.5, 0.5, 0.5, 0.5, 0.5, 0.5, 0.5, 0.5, 0.5, 
0.273522680401673, 0.273522680401673, 0.273522680401673, 0.273522680401673, 
0.273522680401673, 0.273522680401673, 0.273522680401673, 0.273522680401673, 
0.273522680401673, 0.273522680401673, 0.22084423825024, 0.22084423825024, 
0.22084423825024, 0.22084423825024, 0.22084423825024, 0.22084423825024, 
0.22084423825024, 0.22084423825024, 0.22084423825024, 0.22084423825024, 
0.168165796098806, 0.168165796098806, 0.168165796098806, 0.168165796098806, 
0.168165796098806, 0.168165796098806, 0.168165796098806, 0.168165796098806, 
0.168165796098806, 0.168165796098806, 0.119539541805176, 0.119539541805176, 
0.119539541805176, 0.119539541805176, 0.119539541805176, 0.119539541805176, 
0.119539541805176, 0.119539541805176, 0.119539541805176, 0.119539541805176, 
1.09483448261734, 1.45509912361598, 1.66530369517117, 1.432971333934, 
1.75708805262247, 1.59727546967118, 1.66474848497493, 1.30296137251339, 
1.64610140593532, 1.63608395513729, 1.71969045987614, 1.84545210421904, 
1.90086949010626, 1.71591116409628, 1.68632125298983, 1.39557366307869, 
1.45094515558261, 1.83440716807259, 1.7037846971152, 1.69278244225079, 
1.82619274197984, 1.5351597923055, 1.58205255613502, 1.43977172051072, 
1.55634106282291, 1.752382541113, 1.82216170155416, 1.61952788295531, 
1.56962652659461, 1.73163414376786, 1.68903301173895, 1.76588737354084, 
1.65567479912979, 1.74045017792181, 1.68070326310318, 1.80591998010862, 
1.84166140707731, 1.70481397987367, 1.66628652043555, 1.74647895306128, 
1.09483448261734, 1.45509912361598, 1.66530369517117, 1.432971333934, 
1.75708805262247, 1.59727546967119, 1.66474848497493, 1.30296137251339, 
1.64610140593532, 1.63608395513729, 1.71969045987614, 1.84545210421904, 
1.90086949010626, 1.71591116409628, 1.68632125298983, 1.39557366307869, 
1.45094515558261, 1.83440716807258, 1.7037846971152, 1.69278244225079, 
1.82619274197984, 1.5351597923055, 1.58205255613502, 1.43977172051072, 
1.55634106282291, 1.752382541113, 1.82216170155416, 1.61952788295531, 
1.56962652659461, 1.73163414376786, 1.68903301173895, 1.76588737354084, 
1.65567479912979, 1.74045017792181, 1.68070326310318, 1.80591998010862, 
1.84166140707731, 1.70481397987367, 1.66628652043555, 1.74647895306128, 
5.54600670704276, 7.54130564671132, 9.14068918273263, 7.4477824140345, 
8.94506620851098, 8.62848180049934, 8.48644054237246, 6.56808791569765, 
8.9744413957377, 8.52801541164194, 8.68008206083798, 9.35419052104483, 
9.43092050139346, 8.94278583679945, 8.78130929593295, 6.91820671727501, 
7.45250502041945, 9.20743791705145, 8.449335825871, 8.47894516037625, 
8.71608949273129, 7.55275710724133, 7.7448263824148, 6.92680487795656, 
7.90853903486827, 8.68557263160281, 9.16755121039731, 7.85480033686931, 
7.92915879498303, 9.21370816737949, 8.12335297343361, 8.6316924168273, 
7.96867795828425, 8.51549830235301, 8.29260452880842, 9.03747680182284, 
9.18123444012103, 8.47935841248307, 8.32202299950202, 8.52274964282953, 
5.54600670704275, 7.54130564671132, 9.14068918273263, 7.4477824140345, 
8.94506620851098, 8.62848180049934, 8.48644054237246, 6.56808791569765, 
8.9744413957377, 8.52801541164194, 8.68008206083798, 9.35419052104483, 
9.43092050139346, 8.94278583679945, 8.78130929593295, 6.91820671727501, 
7.45250502041945, 9.20743791705145, 8.449335825871, 8.47894516037625, 
8.71608949273128, 7.55275710724133, 7.7448263824148, 6.92680487795656, 
7.90853903486827, 8.68557263160282, 9.16755121039731, 7.85480033686931, 
7.92915879498303, 9.2137081673795, 8.12335297343361, 8.6316924168273, 
7.96867795828425, 8.51549830235301, 8.29260452880842, 9.03747680182284, 
9.18123444012103, 8.47935841248307, 8.32202299950202, 8.52274964282953, 
0.223208483016288, 0.246772651414465, 0.24545594175966, 0.241608971890206, 
0.272998042429422, 0.253831145491575, 0.261625243083362, 0.236380884272328, 
