tmp <-
structure(c(2, 2, 2, 2, 2, 2, 2, 2, 2, 2, 2, 2, 2, 2, 2, 2, 2, 
2, 2, 2, 2, 2, 2, 2, 2, 2, 2, 2, 2, 2, 2, 2, 2, 2, 2, 2, 2, 2, 
2, 2, 20, 20, 20, 20, 20, 20, 20, 20, 20, 20, 20, 20, 20, 20, 
20, 20, 20, 20, 20, 20, 20, 20, 20, 20, 20, 20, 20, 20, 20, 20, 
20, 20, 20, 20, 20, 20, 20, 20, 20, 20, 7, 7, 7, 7, 7, 7, 7, 
7, 7, 7, 7, 7, 7, 7, 7, 7, 7, 7, 7, 7, 7, 7, 7, 7, 7, 7, 7, 7, 
7, 7, 7, 7, 7, 7, 7, 7, 7, 7, 7, 7, 13, 13, 13, 13, 13, 13, 13, 
13, 13, 13, 13, 13, 13, 13, 13, 13, 13, 13, 13, 13, 13, 13, 13, 
13, 13, 13, 13, 13, 13, 13, 13, 13, 13, 13, 13, 13, 13, 13, 13, 
13, 1000, 1000, 1000, 1000, 1000, 1000, 1000, 1000, 1000, 1000, 
1000, 1000, 1000, 1000, 1000, 1000, 1000, 1000, 1000, 1000, 1000, 
1000, 1000, 1000, 1000, 1000, 1000, 1000, 1000, 1000, 1000, 1000, 
1000, 1000, 1000, 1000, 1000, 1000, 1000, 1000, 0.02, 0.02, 0.02, 
0.02, 0.02, 0.02, 0.02, 0.02, 0.02, 0.02, 0.02, 0.02, 0.02, 0.02, 
0.02, 0.02, 0.02, 0.02, 0.02, 0.02, 0.02, 0.02, 0.02, 0.02, 0.02, 
0.02, 0.02, 0.02, 0.02, 0.02, 0.02, 0.02, 0.02, 0.02, 0.02, 0.02, 
0.02, 0.02, 0.02, 0.02, 0.35, 0.35, 0.35, 0.35, 0.35, 0.35, 0.35, 
0.35, 0.35, 0.35, 0.35, 0.35, 0.35, 0.35, 0.35, 0.35, 0.35, 0.35, 
0.35, 0.35, 0.35, 0.35, 0.35, 0.35, 0.35, 0.35, 0.35, 0.35, 0.35, 
0.35, 0.35, 0.35, 0.35, 0.35, 0.35, 0.35, 0.35, 0.35, 0.35, 0.35, 
0.65, 0.65, 0.65, 0.65, 0.65, 0.65, 0.65, 0.65, 0.65, 0.65, 0.65, 
0.65, 0.65, 0.65, 0.65, 0.65, 0.65, 0.65, 0.65, 0.65, 0.65, 0.65, 
0.65, 0.65, 0.65, 0.65, 0.65, 0.65, 0.65, 0.65, 0.65, 0.65, 0.65, 
0.65, 0.65, 0.65, 0.65, 0.65, 0.65, 0.65, 2, 2, 2, 2, 2, 2, 2, 
2, 2, 2, 2, 2, 2, 2, 2, 2, 2, 2, 2, 2, 2, 2, 2, 2, 2, 2, 2, 2, 
2, 2, 2, 2, 2, 2, 2, 2, 2, 2, 2, 2, 10, 10, 10, 10, 10, 10, 10, 
10, 10, 10, 10, 10, 10, 10, 10, 10, 10, 10, 10, 10, 10, 10, 10, 
10, 10, 10, 10, 10, 10, 10, 10, 10, 10, 10, 10, 10, 10, 10, 10, 
10, 4, 4, 4, 4, 4, 4, 4, 4, 4, 4, 4, 4, 4, 4, 4, 4, 4, 4, 4, 
4, 4, 4, 4, 4, 4, 4, 4, 4, 4, 4, 4, 4, 4, 4, 4, 4, 4, 4, 4, 4, 
2.03809866146027, 2.03809866146027, 2.03809866146027, 2.03809866146027, 
2.03809866146027, 2.03809866146027, 2.03809866146027, 2.03809866146027, 
2.03809866146027, 2.03809866146027, 2.03809866146027, 2.03809866146027, 
2.03809866146027, 2.03809866146027, 2.03809866146027, 2.03809866146027, 
2.03809866146027, 2.03809866146027, 2.03809866146027, 2.03809866146027, 
2.03809866146027, 2.03809866146027, 2.03809866146027, 2.03809866146027, 
2.03809866146027, 2.03809866146027, 2.03809866146027, 2.03809866146027, 
2.03809866146027, 2.03809866146027, 2.03809866146027, 2.03809866146027, 
2.03809866146027, 2.03809866146027, 2.03809866146027, 2.03809866146027, 
2.03809866146027, 2.03809866146027, 2.03809866146027, 2.03809866146027, 
56, 56, 56, 56, 56, 56, 56, 56, 56, 56, 56, 56, 56, 56, 56, 56, 
56, 56, 56, 56, 56, 56, 56, 56, 56, 56, 56, 56, 56, 56, 56, 56, 
56, 56, 56, 56, 56, 56, 56, 56, 0.335, 0.335, 0.335, 0.335, 0.335, 
0.335, 0.335, 0.335, 0.335, 0.335, 0.37, 0.37, 0.37, 0.37, 0.37, 
0.37, 0.37, 0.37, 0.37, 0.37, 0.405, 0.405, 0.405, 0.405, 0.405, 
0.405, 0.405, 0.405, 0.405, 0.405, 0.44, 0.44, 0.44, 0.44, 0.44, 
0.44, 0.44, 0.44, 0.44, 0.44, 0.665, 0.665, 0.665, 0.665, 0.665, 
0.665, 0.665, 0.665, 0.665, 0.665, 0.63, 0.63, 0.63, 0.63, 0.63, 
0.63, 0.63, 0.63, 0.63, 0.63, 0.595, 0.595, 0.595, 0.595, 0.595, 
0.595, 0.595, 0.595, 0.595, 0.595, 0.56, 0.56, 0.56, 0.56, 0.56, 
0.56, 0.56, 0.56, 0.56, 0.56, 0.5, 0.5, 0.5, 0.5, 0.5, 0.5, 0.5, 
0.5, 0.5, 0.5, 0.5, 0.5, 0.5, 0.5, 0.5, 0.5, 0.5, 0.5, 0.5, 0.5, 
0.5, 0.5, 0.5, 0.5, 0.5, 0.5, 0.5, 0.5, 0.5, 0.5, 0.5, 0.5, 0.5, 
0.5, 0.5, 0.5, 0.5, 0.5, 0.5, 0.5, 0.233345237791561, 0.233345237791561, 
0.233345237791561, 0.233345237791561, 0.233345237791561, 0.233345237791561, 
0.233345237791561, 0.233345237791561, 0.233345237791561, 0.233345237791561, 
0.183847763108502, 0.183847763108502, 0.183847763108502, 0.183847763108502, 
0.183847763108502, 0.183847763108502, 0.183847763108502, 0.183847763108502, 
0.183847763108502, 0.183847763108502, 0.134350288425444, 0.134350288425444, 
0.134350288425444, 0.134350288425444, 0.134350288425444, 0.134350288425444, 
0.134350288425444, 0.134350288425444, 0.134350288425444, 0.134350288425444, 
0.0848528137423857, 0.0848528137423857, 0.0848528137423857, 0.0848528137423857, 
0.0848528137423857, 0.0848528137423857, 0.0848528137423857, 0.0848528137423857, 
0.0848528137423857, 0.0848528137423857, 1.13428809022735, 1.13778858757467, 
1.12616387959646, 1.13578545100841, 1.13040889291539, 1.1406300902381, 
1.14017016815154, 1.13449279055271, 1.13210272562719, 1.13474393833875, 
1.13035956832111, 1.14004790153698, 1.12813568886759, 1.13605196147697, 
1.13528573036075, 1.13259504867323, 1.14013547636945, 1.13937103846324, 
1.13673737444213, 1.13349370494237, 1.13927817972187, 1.13183140490193, 
1.13564293338576, 1.13212151132997, 1.13778504264907, 1.13016451324202, 
1.13317400022076, 1.13782306099432, 1.14127208933123, 1.13283114816293, 
1.14441266459632, 1.13581116765432, 1.14692671045814, 1.13863504270519, 
1.13212431930162, 1.14210186260313, 1.13129418185901, 1.13799213522099, 
1.12497642465762, 1.14919869507109, 2.53281326627028, 2.55268710878099, 
2.53324261744802, 2.55328440386739, 2.56549223776781, 2.55742894929427, 
2.54375337241001, 2.55265142169404, 2.57110149226376, 2.5473008847247, 
2.52415975583188, 2.55114678462456, 2.53757131817392, 2.54750237668395, 
2.54577498678485, 2.5572933614796, 2.53725241271139, 2.55429296240936, 
2.55007566873546, 2.55600327115609, 2.55233616217058, 2.56224729506348, 
2.54269447949839, 2.53560218098126, 2.5505051421466, 2.54381250904856, 
2.54656385670436, 2.54096833277588, 2.55613988473528, 2.53967504598175, 
2.5588838503979, 2.5547908440482, 2.55079559480738, 2.5341086706851, 
2.53932215896499, 2.55291022108203, 2.5412217298432, 2.55100387969183, 
2.54969923071995, 2.55606957277602, 3.8276740285425, 3.83555710570367, 
3.82358275269669, 3.83280997400541, 3.81295150608966, 3.86186010051714, 
3.84741613491778, 3.83309601698897, 3.82121079349089, 3.82306675053611, 
3.8128223814511, 3.85305924320631, 3.81960125191265, 3.83769245557723, 
3.84369299599377, 3.83184075471514, 3.87496947043501, 3.84389427265201, 
3.83838773475666, 3.85120677421244, 3.8659912463541, 3.82878519121973, 
3.85944438108589, 3.86277822949206, 3.86868596915946, 3.81581139680981, 
3.82426613040376, 3.87957027390927, 3.86225245291533, 3.83852914683529, 
3.91100716325643, 3.85725229122831, 3.89515583312113, 3.86129470963053, 
3.87268605565129, 3.92786002094847, 3.84473311721495, 3.87511545804624, 
3.78468013942132, 3.91622189223168, 12.4409837851609, 12.7106958271908, 
12.4763659632827, 12.7896098597416, 12.9186841657531, 12.7384192225325, 
12.608732475228, 12.6457263138058, 12.9834158970349, 12.5758138180206, 
12.3019090543558, 12.6297470051372, 12.4530024526827, 12.5561715391468, 
12.5830615365732, 12.9767618690935, 12.4404887565521, 12.7391254204736, 
12.7061779982181, 12.684817104014, 12.6203923380369, 12.7895986557732, 
12.4678685422132, 12.4631558906496, 12.7230069120336, 12.4547994153098, 
12.6110249483701, 12.4602928509994, 12.6922246568421, 12.4695213667374, 
12.9217082289124, 12.7461399737362, 12.6861202249324, 12.3051623755865, 
12.4174887818171, 12.6303646646215, 12.4218505171569, 12.5712751298257, 
12.6825520823932, 12.6839787987035, 0.156112717408863, 0.15670798874158, 
0.156022539671839, 0.156415612857084, 0.157241836081371, 0.155589416061198, 
0.156189163399572, 0.156288671677326, 0.156273521507148, 0.156786770319675, 
0.154165717744377, 0.154691183722671, 0.156021069466901, 0.155157161083336, 
0.154579832438975, 0.154786424016586, 0.154850944034506, 0.154324258473944, 
0.154089454063844, 0.155715143850789, 0.155153758906903, 0.155292342386226, 
0.155315201754323, 0.153131424310672, 0.154270503147078, 0.153007228866207, 
0.15339001985323, 0.153824905546607, 0.154438789502012, 0.15321816545783, 
0.154700863350724, 0.154974634596502, 0.154244392415895, 0.153777371283923, 
