tmp <-
structure(c(2, 2, 2, 2, 2, 2, 2, 2, 2, 2, 2, 2, 2, 2, 2, 2, 2, 
2, 2, 2, 2, 2, 2, 2, 2, 2, 2, 2, 2, 2, 2, 2, 2, 2, 2, 2, 2, 2, 
2, 2, 13, 13, 13, 13, 13, 13, 13, 13, 13, 13, 13, 13, 13, 13, 
13, 13, 13, 13, 13, 13, 13, 13, 13, 13, 13, 13, 13, 13, 13, 13, 
13, 13, 13, 13, 13, 13, 13, 13, 13, 13, 13, 13, 13, 13, 13, 13, 
13, 13, 13, 13, 13, 13, 13, 13, 13, 13, 13, 13, 13, 13, 13, 13, 
13, 13, 13, 13, 13, 13, 13, 13, 13, 13, 13, 13, 13, 13, 13, 13, 
13, 13, 0, 0, 0, 0, 0, 0, 0, 0, 0, 0, 0, 0, 0, 0, 0, 0, 0, 0, 
0, 0, 0, 0, 0, 0, 0, 0, 0, 0, 0, 0, 0, 0, 0, 0, 0, 0, 0, 0, 0, 
0, 270, 270, 270, 270, 270, 270, 270, 270, 270, 270, 270, 270, 
270, 270, 270, 270, 270, 270, 270, 270, 270, 270, 270, 270, 270, 
270, 270, 270, 270, 270, 270, 270, 270, 270, 270, 270, 270, 270, 
270, 270, 0.0481481481481481, 0.0481481481481481, 0.0481481481481481, 
0.0481481481481481, 0.0481481481481481, 0.0481481481481481, 0.0481481481481481, 
0.0481481481481481, 0.0481481481481481, 0.0481481481481481, 0.0481481481481481, 
0.0481481481481481, 0.0481481481481481, 0.0481481481481481, 0.0481481481481481, 
0.0481481481481481, 0.0481481481481481, 0.0481481481481481, 0.0481481481481481, 
0.0481481481481481, 0.0481481481481481, 0.0481481481481481, 0.0481481481481481, 
0.0481481481481481, 0.0481481481481481, 0.0481481481481481, 0.0481481481481481, 
0.0481481481481481, 0.0481481481481481, 0.0481481481481481, 0.0481481481481481, 
0.0481481481481481, 0.0481481481481481, 0.0481481481481481, 0.0481481481481481, 
0.0481481481481481, 0.0481481481481481, 0.0481481481481481, 0.0481481481481481, 
0.0481481481481481, 1, 1, 1, 1, 1, 1, 1, 1, 1, 1, 1, 1, 1, 1, 
1, 1, 1, 1, 1, 1, 1, 1, 1, 1, 1, 1, 1, 1, 1, 1, 1, 1, 1, 1, 1, 
1, 1, 1, 1, 1, 0, 0, 0, 0, 0, 0, 0, 0, 0, 0, 0, 0, 0, 0, 0, 0, 
0, 0, 0, 0, 0, 0, 0, 0, 0, 0, 0, 0, 0, 0, 0, 0, 0, 0, 0, 0, 0, 
0, 0, 0, 2, 2, 2, 2, 2, 2, 2, 2, 2, 2, 2, 2, 2, 2, 2, 2, 2, 2, 
2, 2, 2, 2, 2, 2, 2, 2, 2, 2, 2, 2, 2, 2, 2, 2, 2, 2, 2, 2, 2, 
2, 2, 2, 2, 2, 2, 2, 2, 2, 2, 2, 2, 2, 2, 2, 2, 2, 2, 2, 2, 2, 
2, 2, 2, 2, 2, 2, 2, 2, 2, 2, 2, 2, 2, 2, 2, 2, 2, 2, 2, 2, 2, 
2, 2, 2, 2, 2, 2, 2, 2, 2, 2, 2, 2, 2, 2, 2, 2, 2, 2, 2, 2, 2, 
2, 2, 2, 2, 2, 2, 2, 2, 2, 2, 2, 2, 2, 2, 2, 2, 2, 2, 0, 0, 0, 
0, 0, 0, 0, 0, 0, 0, 0, 0, 0, 0, 0, 0, 0, 0, 0, 0, 0, 0, 0, 0, 
0, 0, 0, 0, 0, 0, 0, 0, 0, 0, 0, 0, 0, 0, 0, 0, 2, 2, 2, 2, 2, 
2, 2, 2, 2, 2, 2, 2, 2, 2, 2, 2, 2, 2, 2, 2, 2, 2, 2, 2, 2, 2, 
2, 2, 2, 2, 2, 2, 2, 2, 2, 2, 2, 2, 2, 2, 0.47037037037037, 0.47037037037037, 
0.47037037037037, 0.47037037037037, 0.47037037037037, 0.47037037037037, 
0.47037037037037, 0.47037037037037, 0.47037037037037, 0.47037037037037, 
0.5, 0.5, 0.5, 0.5, 0.5, 0.5, 0.5, 0.5, 0.5, 0.5, 0.474074074074074, 
0.474074074074074, 0.474074074074074, 0.474074074074074, 0.474074074074074, 
0.474074074074074, 0.474074074074074, 0.474074074074074, 0.474074074074074, 
0.474074074074074, 0.444444444444444, 0.444444444444444, 0.444444444444444, 
0.444444444444444, 0.444444444444444, 0.444444444444444, 0.444444444444444, 
0.444444444444444, 0.444444444444444, 0.444444444444444, 0.52962962962963, 
0.52962962962963, 0.52962962962963, 0.52962962962963, 0.52962962962963, 
0.52962962962963, 0.52962962962963, 0.52962962962963, 0.52962962962963, 
0.52962962962963, 0.5, 0.5, 0.5, 0.5, 0.5, 0.5, 0.5, 0.5, 0.5, 
0.5, 0.525925925925926, 0.525925925925926, 0.525925925925926, 
0.525925925925926, 0.525925925925926, 0.525925925925926, 0.525925925925926, 
0.525925925925926, 0.525925925925926, 0.525925925925926, 0.555555555555556, 
0.555555555555556, 0.555555555555556, 0.555555555555556, 0.555555555555556, 
0.555555555555556, 0.555555555555556, 0.555555555555556, 0.555555555555556, 
0.555555555555556, 0.5, 0.5, 0.5, 0.5, 0.5, 0.5, 0.5, 0.5, 0.5, 
0.5, 0.5, 0.5, 0.5, 0.5, 0.5, 0.5, 0.5, 0.5, 0.5, 0.5, 0.5, 0.5, 
0.5, 0.5, 0.5, 0.5, 0.5, 0.5, 0.5, 0.5, 0.5, 0.5, 0.5, 0.5, 0.5, 
0.5, 0.5, 0.5, 0.5, 0.5, 0.0419026240703139, 0.0419026240703139, 
0.0419026240703139, 0.0419026240703139, 0.0419026240703139, 0.0419026240703139, 
0.0419026240703139, 0.0419026240703139, 0.0419026240703139, 0.0419026240703139, 
0, 0, 0, 0, 0, 0, 0, 0, 0, 0, 0.0366647960615247, 0.0366647960615247, 
0.0366647960615247, 0.0366647960615247, 0.0366647960615247, 0.0366647960615247, 
0.0366647960615247, 0.0366647960615247, 0.0366647960615247, 0.0366647960615247, 
0.0785674201318387, 0.0785674201318387, 0.0785674201318387, 0.0785674201318387, 
0.0785674201318387, 0.0785674201318387, 0.0785674201318387, 0.0785674201318387, 
0.0785674201318387, 0.0785674201318387, 0.951054705701899, 0.956729864109775, 
0.934697488271733, 0.959528344181211, 0.943884591697232, 0.951670085290146, 
0.931648687710322, 0.937645210977593, 0.948254055886222, 0.953854106581475, 
0.920169680109296, 0.922440319577636, 0.923515168038824, 0.938084374802734, 
0.940130795445347, 0.907174858889449, 0.934769765338261, 0.945585677843977, 
0.942850781256216, 0.955647472289488, 0.950167301757445, 0.946292254078086, 
0.923162277456702, 0.913805421824032, 0.936454553983701, 0.957494418155438, 
0.918417604718219, 0.923380380032058, 0.91934549663328, 0.935261812971298, 
0.922588040153742, 0.885210830597495, 0.897491832404274, 0.935161813752692, 
0.932848184843181, 0.920383046656377, 0.914329272782539, 0.934894887064075, 
0.911309819395084, 0.914148347805889, 0.951054705701899, 0.956729864109775, 
0.934697488271733, 0.959528344181211, 0.943884591697231, 0.951670085290145, 
0.931648687710322, 0.937645210977593, 0.948254055886222, 0.953854106581475, 
0.920169680109296, 0.922440319577636, 0.923515168038824, 0.938084374802734, 
0.940130795445348, 0.907174858889449, 0.934769765338262, 0.945585677843977, 
0.942850781256216, 0.955647472289488, 0.950167301757446, 0.946292254078087, 
0.923162277456702, 0.913805421824032, 0.936454553983701, 0.957494418155438, 
0.918417604718219, 0.923380380032058, 0.91934549663328, 0.935261812971298, 
0.922588040153742, 0.885210830597495, 0.897491832404274, 0.935161813752692, 
0.932848184843181, 0.920383046656377, 0.914329272782539, 0.934894887064075, 
0.911309819395084, 0.914148347805889, 3.64138800728432, 3.66232715589377, 
3.64291843978821, 3.6640128688158, 3.6383775486313, 3.6379264503515, 
3.60081983189715, 3.61339624926448, 3.60695379774033, 3.64716793447385, 
3.53084761286363, 3.56257917228368, 3.54257026055921, 3.59047689670107, 
3.66108329472913, 3.50564275742186, 3.59911160159221, 3.67738448103362, 
3.6027221888795, 3.62116287384268, 3.64045158185277, 3.62912987377268, 
3.6086742180989, 3.55878844787912, 3.61082796512116, 3.70701492596978, 
3.49506515297977, 3.50936411748781, 3.59660213596775, 3.55950168597731, 
3.52473559056489, 3.40685699573254, 3.42820433864688, 3.64159139418934, 
3.60661849635653, 3.47587410372732, 3.49860778348099, 3.53135892312329, 
3.48840228897597, 3.48839066998443, 3.64138800728432, 3.66232715589377, 
3.64291843978821, 3.6640128688158, 3.6383775486313, 3.6379264503515, 
3.60081983189715, 3.61339624926448, 3.60695379774033, 3.64716793447385, 
3.53084761286363, 3.56257917228368, 3.5425702605592, 3.59047689670107, 
3.66108329472913, 3.50564275742186, 3.59911160159221, 3.67738448103362, 
3.6027221888795, 3.62116287384268, 3.64045158185277, 3.62912987377268, 
3.6086742180989, 3.55878844787912, 3.61082796512116, 3.70701492596978, 
3.49506515297977, 3.50936411748781, 3.59660213596775, 3.55950168597731, 
3.52473559056489, 3.40685699573254, 3.42820433864688, 3.64159139418934, 
3.60661849635653, 3.47587410372732, 3.49860778348099, 3.53135892312329, 
3.48840228897597, 3.48839066998443, 0.118878264416718, 0.115997796426539, 
0.118715234814337, 0.118667158749442, 0.118521971734423, 0.117969837956813, 
0.121193014911917, 0.121989050117644, 0.119481671210852, 0.117950283479268, 
0.12204441394904, 0.124221624386505, 0.122640594291443, 0.121692558138044, 
0.126595164910716, 0.127405975414207, 0.126468828349403, 0.118305085479895, 
0.120495231429161, 0.11685675606391, 0.121157401957621, 0.127299548727676, 
