tmp <-
structure(c(3, 3, 3, 3, 3, 3, 3, 3, 3, 3, 3, 3, 3, 3, 3, 3, 3, 
3, 3, 3, 3, 3, 3, 3, 3, 3, 3, 3, 3, 3, 3, 3, 3, 3, 3, 3, 3, 3, 
3, 3, 5, 5, 5, 5, 5, 5, 5, 5, 5, 5, 5, 5, 5, 5, 5, 5, 5, 5, 5, 
5, 5, 5, 5, 5, 5, 5, 5, 5, 5, 5, 5, 5, 5, 5, 5, 5, 5, 5, 5, 5, 
3, 3, 3, 3, 3, 3, 3, 3, 3, 3, 3, 3, 3, 3, 3, 3, 3, 3, 3, 3, 3, 
3, 3, 3, 3, 3, 3, 3, 3, 3, 3, 3, 3, 3, 3, 3, 3, 3, 3, 3, 2, 2, 
2, 2, 2, 2, 2, 2, 2, 2, 2, 2, 2, 2, 2, 2, 2, 2, 2, 2, 2, 2, 2, 
2, 2, 2, 2, 2, 2, 2, 2, 2, 2, 2, 2, 2, 2, 2, 2, 2, 151, 151, 
151, 151, 151, 151, 151, 151, 151, 151, 151, 151, 151, 151, 151, 
151, 151, 151, 151, 151, 151, 151, 151, 151, 151, 151, 151, 151, 
151, 151, 151, 151, 151, 151, 151, 151, 151, 151, 151, 151, 0.033112582781457, 
0.033112582781457, 0.033112582781457, 0.033112582781457, 0.033112582781457, 
0.033112582781457, 0.033112582781457, 0.033112582781457, 0.033112582781457, 
0.033112582781457, 0.033112582781457, 0.033112582781457, 0.033112582781457, 
0.033112582781457, 0.033112582781457, 0.033112582781457, 0.033112582781457, 
0.033112582781457, 0.033112582781457, 0.033112582781457, 0.033112582781457, 
0.033112582781457, 0.033112582781457, 0.033112582781457, 0.033112582781457, 
0.033112582781457, 0.033112582781457, 0.033112582781457, 0.033112582781457, 
0.033112582781457, 0.033112582781457, 0.033112582781457, 0.033112582781457, 
0.033112582781457, 0.033112582781457, 0.033112582781457, 0.033112582781457, 
0.033112582781457, 0.033112582781457, 0.033112582781457, 0.6, 
0.6, 0.6, 0.6, 0.6, 0.6, 0.6, 0.6, 0.6, 0.6, 0.6, 0.6, 0.6, 0.6, 
0.6, 0.6, 0.6, 0.6, 0.6, 0.6, 0.6, 0.6, 0.6, 0.6, 0.6, 0.6, 0.6, 
0.6, 0.6, 0.6, 0.6, 0.6, 0.6, 0.6, 0.6, 0.6, 0.6, 0.6, 0.6, 0.6, 
0.4, 0.4, 0.4, 0.4, 0.4, 0.4, 0.4, 0.4, 0.4, 0.4, 0.4, 0.4, 0.4, 
0.4, 0.4, 0.4, 0.4, 0.4, 0.4, 0.4, 0.4, 0.4, 0.4, 0.4, 0.4, 0.4, 
0.4, 0.4, 0.4, 0.4, 0.4, 0.4, 0.4, 0.4, 0.4, 0.4, 0.4, 0.4, 0.4, 
0.4, 2, 2, 2, 2, 2, 2, 2, 2, 2, 2, 2, 2, 2, 2, 2, 2, 2, 2, 2, 
2, 2, 2, 2, 2, 2, 2, 2, 2, 2, 2, 2, 2, 2, 2, 2, 2, 2, 2, 2, 2, 
3, 3, 3, 3, 3, 3, 3, 3, 3, 3, 3, 3, 3, 3, 3, 3, 3, 3, 3, 3, 3, 
3, 3, 3, 3, 3, 3, 3, 3, 3, 3, 3, 3, 3, 3, 3, 3, 3, 3, 3, 2.33333333333333, 
2.33333333333333, 2.33333333333333, 2.33333333333333, 2.33333333333333, 
2.33333333333333, 2.33333333333333, 2.33333333333333, 2.33333333333333, 
2.33333333333333, 2.33333333333333, 2.33333333333333, 2.33333333333333, 
2.33333333333333, 2.33333333333333, 2.33333333333333, 2.33333333333333, 
2.33333333333333, 2.33333333333333, 2.33333333333333, 2.33333333333333, 
2.33333333333333, 2.33333333333333, 2.33333333333333, 2.33333333333333, 
2.33333333333333, 2.33333333333333, 2.33333333333333, 2.33333333333333, 
2.33333333333333, 2.33333333333333, 2.33333333333333, 2.33333333333333, 
2.33333333333333, 2.33333333333333, 2.33333333333333, 2.33333333333333, 
2.33333333333333, 2.33333333333333, 2.33333333333333, 0.577350269189626, 
0.577350269189626, 0.577350269189626, 0.577350269189626, 0.577350269189626, 
0.577350269189626, 0.577350269189626, 0.577350269189626, 0.577350269189626, 
0.577350269189626, 0.577350269189626, 0.577350269189626, 0.577350269189626, 
0.577350269189626, 0.577350269189626, 0.577350269189626, 0.577350269189626, 
0.577350269189626, 0.577350269189626, 0.577350269189626, 0.577350269189626, 
0.577350269189626, 0.577350269189626, 0.577350269189626, 0.577350269189626, 
0.577350269189626, 0.577350269189626, 0.577350269189626, 0.577350269189626, 
0.577350269189626, 0.577350269189626, 0.577350269189626, 0.577350269189626, 
0.577350269189626, 0.577350269189626, 0.577350269189626, 0.577350269189626, 
0.577350269189626, 0.577350269189626, 0.577350269189626, 7, 7, 
7, 7, 7, 7, 7, 7, 7, 7, 7, 7, 7, 7, 7, 7, 7, 7, 7, 7, 7, 7, 7, 
7, 7, 7, 7, 7, 7, 7, 7, 7, 7, 7, 7, 7, 7, 7, 7, 7, 0.324503311258278, 
0.324503311258278, 0.324503311258278, 0.324503311258278, 0.324503311258278, 
0.324503311258278, 0.324503311258278, 0.324503311258278, 0.324503311258278, 
0.324503311258278, 0.311258278145695, 0.311258278145695, 0.311258278145695, 
0.311258278145695, 0.311258278145695, 0.311258278145695, 0.311258278145695, 
0.311258278145695, 0.311258278145695, 0.311258278145695, 0.298013245033113, 
0.298013245033113, 0.298013245033113, 0.298013245033113, 0.298013245033113, 
0.298013245033113, 0.298013245033113, 0.298013245033113, 0.298013245033113, 
0.298013245033113, 0.278145695364238, 0.278145695364238, 0.278145695364238, 
0.278145695364238, 0.278145695364238, 0.278145695364238, 0.278145695364238, 
0.278145695364238, 0.278145695364238, 0.278145695364238, 0.344370860927152, 
0.344370860927152, 0.344370860927152, 0.344370860927152, 0.344370860927152, 
0.344370860927152, 0.344370860927152, 0.344370860927152, 0.344370860927152, 
0.344370860927152, 0.364238410596026, 0.364238410596026, 0.364238410596026, 
0.364238410596026, 0.364238410596026, 0.364238410596026, 0.364238410596026, 
0.364238410596026, 0.364238410596026, 0.364238410596026, 0.377483443708609, 
0.377483443708609, 0.377483443708609, 0.377483443708609, 0.377483443708609, 
0.377483443708609, 0.377483443708609, 0.377483443708609, 0.377483443708609, 
0.377483443708609, 0.397350993377483, 0.397350993377483, 0.397350993377483, 
0.397350993377483, 0.397350993377483, 0.397350993377483, 0.397350993377483, 
0.397350993377483, 0.397350993377483, 0.397350993377483, 0.333333333333333, 
0.333333333333333, 0.333333333333333, 0.333333333333333, 0.333333333333333, 
0.333333333333333, 0.333333333333333, 0.333333333333333, 0.333333333333333, 
0.333333333333333, 0.333333333333333, 0.333333333333333, 0.333333333333333, 
0.333333333333333, 0.333333333333333, 0.333333333333333, 0.333333333333333, 
0.333333333333333, 0.333333333333333, 0.333333333333333, 0.333333333333333, 
0.333333333333333, 0.333333333333333, 0.333333333333333, 0.333333333333333, 
0.333333333333333, 0.333333333333333, 0.333333333333333, 0.333333333333333, 
0.333333333333333, 0.333333333333333, 0.333333333333333, 0.333333333333333, 
0.333333333333333, 0.333333333333333, 0.333333333333333, 0.333333333333333, 
0.333333333333333, 0.333333333333333, 0.333333333333333, 0.0101160611367678, 
0.0101160611367678, 0.0101160611367678, 0.0101160611367678, 0.0101160611367678, 
0.0101160611367678, 0.0101160611367678, 0.0101160611367678, 0.0101160611367678, 
0.0101160611367678, 0.0275717350922667, 0.0275717350922667, 0.0275717350922667, 
0.0275717350922667, 0.0275717350922667, 0.0275717350922667, 0.0275717350922667, 
0.0275717350922667, 0.0275717350922667, 0.0275717350922667, 0.0404642445470714, 
0.0404642445470714, 0.0404642445470714, 0.0404642445470714, 0.0404642445470714, 
0.0404642445470714, 0.0404642445470714, 0.0404642445470714, 0.0404642445470714, 
0.0404642445470714, 0.0600912034826322, 0.0600912034826322, 0.0600912034826322, 
0.0600912034826322, 0.0600912034826322, 0.0600912034826322, 0.0600912034826322, 
0.0600912034826322, 0.0600912034826322, 0.0600912034826322, 0.460141266742384, 
0.458922093498588, 0.474243704184613, 0.470598058072066, 0.471706954882263, 
0.462656907983462, 0.463848861290753, 0.465271343589389, 0.457229216161056, 
0.482135673707348, 0.469410715614151, 0.480483218246208, 0.48324608031268, 
0.453847608091861, 0.456085925494577, 0.512403246570996, 0.459028624617074, 
0.488423703752627, 0.496728820584817, 0.471208406989661, 0.473472186976851, 
0.47982360156249, 0.491823095922981, 0.485126183388062, 0.482032483231399, 
0.454698860710137, 0.481377960481064, 0.477878539207189, 0.477637286646306, 
0.452724535042378, 0.483404421454201, 0.472658843667376, 0.521674844502579, 
0.496338609777329, 0.471934298175416, 0.453790969888667, 0.485961097231861, 
0.515706699543138, 0.465076611058624, 0.471473300140886, 1.14824079234126, 
1.16754264270878, 1.1567022548066, 1.17355494612431, 1.17521355953898, 
1.16879025607114, 1.15046534907028, 1.1703589174347, 1.13930002339821, 
1.19210901018969, 1.15339707999341, 1.16004058157264, 1.16169829881252, 
1.13206204892473, 1.13937552389306, 1.19856923722429, 1.13979757160393, 
