tmp <-
structure(c(2, 2, 2, 2, 2, 2, 2, 2, 2, 2, 2, 2, 2, 2, 2, 2, 2, 
2, 2, 2, 2, 2, 2, 2, 2, 2, 2, 2, 2, 2, 2, 2, 2, 2, 2, 2, 2, 2, 
2, 2, 9, 9, 9, 9, 9, 9, 9, 9, 9, 9, 9, 9, 9, 9, 9, 9, 9, 9, 9, 
9, 9, 9, 9, 9, 9, 9, 9, 9, 9, 9, 9, 9, 9, 9, 9, 9, 9, 9, 9, 9, 
0, 0, 0, 0, 0, 0, 0, 0, 0, 0, 0, 0, 0, 0, 0, 0, 0, 0, 0, 0, 0, 
0, 0, 0, 0, 0, 0, 0, 0, 0, 0, 0, 0, 0, 0, 0, 0, 0, 0, 0, 9, 9, 
9, 9, 9, 9, 9, 9, 9, 9, 9, 9, 9, 9, 9, 9, 9, 9, 9, 9, 9, 9, 9, 
9, 9, 9, 9, 9, 9, 9, 9, 9, 9, 9, 9, 9, 9, 9, 9, 9, 958, 958, 
958, 958, 958, 958, 958, 958, 958, 958, 958, 958, 958, 958, 958, 
958, 958, 958, 958, 958, 958, 958, 958, 958, 958, 958, 958, 958, 
958, 958, 958, 958, 958, 958, 958, 958, 958, 958, 958, 958, 0.00939457202505219, 
0.00939457202505219, 0.00939457202505219, 0.00939457202505219, 
0.00939457202505219, 0.00939457202505219, 0.00939457202505219, 
0.00939457202505219, 0.00939457202505219, 0.00939457202505219, 
0.00939457202505219, 0.00939457202505219, 0.00939457202505219, 
0.00939457202505219, 0.00939457202505219, 0.00939457202505219, 
0.00939457202505219, 0.00939457202505219, 0.00939457202505219, 
0.00939457202505219, 0.00939457202505219, 0.00939457202505219, 
0.00939457202505219, 0.00939457202505219, 0.00939457202505219, 
0.00939457202505219, 0.00939457202505219, 0.00939457202505219, 
0.00939457202505219, 0.00939457202505219, 0.00939457202505219, 
0.00939457202505219, 0.00939457202505219, 0.00939457202505219, 
0.00939457202505219, 0.00939457202505219, 0.00939457202505219, 
0.00939457202505219, 0.00939457202505219, 0.00939457202505219, 
0, 0, 0, 0, 0, 0, 0, 0, 0, 0, 0, 0, 0, 0, 0, 0, 0, 0, 0, 0, 0, 
0, 0, 0, 0, 0, 0, 0, 0, 0, 0, 0, 0, 0, 0, 0, 0, 0, 0, 0, 1, 1, 
1, 1, 1, 1, 1, 1, 1, 1, 1, 1, 1, 1, 1, 1, 1, 1, 1, 1, 1, 1, 1, 
1, 1, 1, 1, 1, 1, 1, 1, 1, 1, 1, 1, 1, 1, 1, 1, 1, 2, 2, 2, 2, 
2, 2, 2, 2, 2, 2, 2, 2, 2, 2, 2, 2, 2, 2, 2, 2, 2, 2, 2, 2, 2, 
2, 2, 2, 2, 2, 2, 2, 2, 2, 2, 2, 2, 2, 2, 2, 3, 3, 3, 3, 3, 3, 
3, 3, 3, 3, 3, 3, 3, 3, 3, 3, 3, 3, 3, 3, 3, 3, 3, 3, 3, 3, 3, 
3, 3, 3, 3, 3, 3, 3, 3, 3, 3, 3, 3, 3, 2.9, 2.9, 2.9, 2.9, 2.9, 
2.9, 2.9, 2.9, 2.9, 2.9, 2.9, 2.9, 2.9, 2.9, 2.9, 2.9, 2.9, 2.9, 
2.9, 2.9, 2.9, 2.9, 2.9, 2.9, 2.9, 2.9, 2.9, 2.9, 2.9, 2.9, 2.9, 
2.9, 2.9, 2.9, 2.9, 2.9, 2.9, 2.9, 2.9, 2.9, 0.316227766016838, 
0.316227766016838, 0.316227766016838, 0.316227766016838, 0.316227766016838, 
0.316227766016838, 0.316227766016838, 0.316227766016838, 0.316227766016838, 
0.316227766016838, 0.316227766016838, 0.316227766016838, 0.316227766016838, 
0.316227766016838, 0.316227766016838, 0.316227766016838, 0.316227766016838, 
0.316227766016838, 0.316227766016838, 0.316227766016838, 0.316227766016838, 
0.316227766016838, 0.316227766016838, 0.316227766016838, 0.316227766016838, 
0.316227766016838, 0.316227766016838, 0.316227766016838, 0.316227766016838, 
0.316227766016838, 0.316227766016838, 0.316227766016838, 0.316227766016838, 
0.316227766016838, 0.316227766016838, 0.316227766016838, 0.316227766016838, 
0.316227766016838, 0.316227766016838, 0.316227766016838, 29, 
29, 29, 29, 29, 29, 29, 29, 29, 29, 29, 29, 29, 29, 29, 29, 29, 
29, 29, 29, 29, 29, 29, 29, 29, 29, 29, 29, 29, 29, 29, 29, 29, 
29, 29, 29, 29, 29, 29, 29, 0.378914405010438, 0.378914405010438, 
0.378914405010438, 0.378914405010438, 0.378914405010438, 0.378914405010438, 
0.378914405010438, 0.378914405010438, 0.378914405010438, 0.378914405010438, 
0.411273486430063, 0.411273486430063, 0.411273486430063, 0.411273486430063, 
0.411273486430063, 0.411273486430063, 0.411273486430063, 0.411273486430063, 
0.411273486430063, 0.411273486430063, 0.443632567849687, 0.443632567849687, 
0.443632567849687, 0.443632567849687, 0.443632567849687, 0.443632567849687, 
0.443632567849687, 0.443632567849687, 0.443632567849687, 0.443632567849687, 
0.477035490605428, 0.477035490605428, 0.477035490605428, 0.477035490605428, 
0.477035490605428, 0.477035490605428, 0.477035490605428, 0.477035490605428, 
0.477035490605428, 0.477035490605428, 0.621085594989562, 0.621085594989562, 
0.621085594989562, 0.621085594989562, 0.621085594989562, 0.621085594989562, 
0.621085594989562, 0.621085594989562, 0.621085594989562, 0.621085594989562, 
0.588726513569937, 0.588726513569937, 0.588726513569937, 0.588726513569937, 
0.588726513569937, 0.588726513569937, 0.588726513569937, 0.588726513569937, 
0.588726513569937, 0.588726513569937, 0.556367432150313, 0.556367432150313, 
0.556367432150313, 0.556367432150313, 0.556367432150313, 0.556367432150313, 
0.556367432150313, 0.556367432150313, 0.556367432150313, 0.556367432150313, 
0.522964509394572, 0.522964509394572, 0.522964509394572, 0.522964509394572, 
0.522964509394572, 0.522964509394572, 0.522964509394572, 0.522964509394572, 
0.522964509394572, 0.522964509394572, 0.5, 0.5, 0.5, 0.5, 0.5, 
0.5, 0.5, 0.5, 0.5, 0.5, 0.5, 0.5, 0.5, 0.5, 0.5, 0.5, 0.5, 0.5, 
0.5, 0.5, 0.5, 0.5, 0.5, 0.5, 0.5, 0.5, 0.5, 0.5, 0.5, 0.5, 0.5, 
0.5, 0.5, 0.5, 0.5, 0.5, 0.5, 0.5, 0.5, 0.5, 0.171240890642254, 
0.171240890642254, 0.171240890642254, 0.171240890642254, 0.171240890642254, 
0.171240890642254, 0.171240890642254, 0.171240890642254, 0.171240890642254, 
0.171240890642254, 0.125478238832686, 0.125478238832686, 0.125478238832686, 
0.125478238832686, 0.125478238832686, 0.125478238832686, 0.125478238832686, 
0.125478238832686, 0.125478238832686, 0.125478238832686, 0.0797155870231181, 
0.0797155870231181, 0.0797155870231181, 0.0797155870231181, 0.0797155870231181, 
0.0797155870231181, 0.0797155870231181, 0.0797155870231181, 0.0797155870231181, 
0.0797155870231181, 0.0324767206390481, 0.0324767206390481, 0.0324767206390481, 
0.0324767206390481, 0.0324767206390481, 0.0324767206390481, 0.0324767206390481, 
0.0324767206390481, 0.0324767206390481, 0.0324767206390481, 0, 
0, 0, 0, 0, 0, 0, 0, 0, 0, 0, 0, 0, 0, 0, 0, 0, 0, 0, 0, 0, 0, 
0, 0, 0, 0, 0, 0, 0, 0, 0, 0, 0, 0, 0, 0, 0, 0, 0, 0, 0.986999672199661, 
0.98787475346366, 0.992431322147932, 0.991799366618679, 0.989470240692632, 
0.98672138148752, 0.988065555320754, 0.986761362389119, 0.99293185284977, 
0.98940875487368, 0.988374222548203, 0.982676599696235, 0.985085917111197, 
0.986679059220365, 0.986471742380417, 0.983437632203317, 0.989670100004367, 
0.986287384817824, 0.984112737562266, 0.982976789594647, 0.980265757381601, 
0.983500162090226, 0.982622661349658, 0.979957013406392, 0.978287170843097, 
0.977184956584869, 0.979589025829536, 0.975328417337164, 0.981344522133485, 
0.980473004613369, 0.97801101092613, 0.978692562579876, 0.97759663762353, 
0.980233983972886, 0.977128863821194, 0.979664562039339, 0.977733986281941, 
0.979425467458532, 0.97768167526537, 0.981037906130221, 3, 3, 
3, 3, 3, 3, 3, 3, 3, 3, 3, 3, 3, 3, 3, 3, 3, 3, 3, 3, 3, 3, 3, 
3, 3, 3, 3, 3, 3, 3, 3, 3, 3, 3, 3, 3, 3, 3, 3, 3, 2.1675986471522, 
2.16672275556587, 2.18144341768079, 2.18135751071111, 2.16917532133095, 
2.16262551207533, 2.16698350749084, 2.16491261536513, 2.18053428815155, 
2.1758948298556, 2.16192082599062, 2.15303231709459, 2.16777466268762, 
2.17107637598362, 2.16199444276055, 2.1575628928013, 2.17382569660937, 
2.16522784992499, 2.15791674763461, 2.1549750514067, 2.15209581144699, 
2.15595811816761, 2.15127038839827, 2.14924838929696, 2.14093851458626, 
2.13616685118256, 2.14739891810802, 2.12452625754286, 2.15405545957301, 
2.14697675705758, 2.12940862811659, 2.13279755623394, 2.12783754987357, 
2.14108829241479, 2.12428332192491, 2.13770177397746, 2.1263399286131, 
2.1367082262712, 2.12591863032846, 2.14647800144861, 0.171579094550427, 
0.170088807136766, 0.168722145771486, 0.169757667934118, 0.168633781125201, 
0.167191505722161, 0.168929613088794, 0.169553219221569, 0.168869062349343, 
0.171062753624137, 0.164688307708116, 0.162872762013815, 0.169134541028251, 
0.16730017658604, 0.165921305897858, 0.164722264892904, 0.166192993211605, 
0.166801362159833, 0.1666432533889, 0.164475126992032, 0.166292874257341, 
0.161867660483717, 0.163762772805775, 0.16439917911484, 0.164729843481655, 
