tmp <-
structure(c(2, 2, 2, 2, 2, 2, 2, 2, 2, 2, 2, 2, 2, 2, 2, 2, 2, 
2, 2, 2, 2, 2, 2, 2, 2, 2, 2, 2, 2, 2, 2, 2, 2, 2, 2, 2, 2, 2, 
2, 2, 3, 3, 3, 3, 3, 3, 3, 3, 3, 3, 3, 3, 3, 3, 3, 3, 3, 3, 3, 
3, 3, 3, 3, 3, 3, 3, 3, 3, 3, 3, 3, 3, 3, 3, 3, 3, 3, 3, 3, 3, 
3, 3, 3, 3, 3, 3, 3, 3, 3, 3, 3, 3, 3, 3, 3, 3, 3, 3, 3, 3, 3, 
3, 3, 3, 3, 3, 3, 3, 3, 3, 3, 3, 3, 3, 3, 3, 3, 3, 3, 3, 0, 0, 
0, 0, 0, 0, 0, 0, 0, 0, 0, 0, 0, 0, 0, 0, 0, 0, 0, 0, 0, 0, 0, 
0, 0, 0, 0, 0, 0, 0, 0, 0, 0, 0, 0, 0, 0, 0, 0, 0, 2201, 2201, 
2201, 2201, 2201, 2201, 2201, 2201, 2201, 2201, 2201, 2201, 2201, 
2201, 2201, 2201, 2201, 2201, 2201, 2201, 2201, 2201, 2201, 2201, 
2201, 2201, 2201, 2201, 2201, 2201, 2201, 2201, 2201, 2201, 2201, 
2201, 2201, 2201, 2201, 2201, 0.00136301681054066, 0.00136301681054066, 
0.00136301681054066, 0.00136301681054066, 0.00136301681054066, 
0.00136301681054066, 0.00136301681054066, 0.00136301681054066, 
0.00136301681054066, 0.00136301681054066, 0.00136301681054066, 
0.00136301681054066, 0.00136301681054066, 0.00136301681054066, 
0.00136301681054066, 0.00136301681054066, 0.00136301681054066, 
0.00136301681054066, 0.00136301681054066, 0.00136301681054066, 
0.00136301681054066, 0.00136301681054066, 0.00136301681054066, 
0.00136301681054066, 0.00136301681054066, 0.00136301681054066, 
0.00136301681054066, 0.00136301681054066, 0.00136301681054066, 
0.00136301681054066, 0.00136301681054066, 0.00136301681054066, 
0.00136301681054066, 0.00136301681054066, 0.00136301681054066, 
0.00136301681054066, 0.00136301681054066, 0.00136301681054066, 
0.00136301681054066, 0.00136301681054066, 1, 1, 1, 1, 1, 1, 1, 
1, 1, 1, 1, 1, 1, 1, 1, 1, 1, 1, 1, 1, 1, 1, 1, 1, 1, 1, 1, 1, 
1, 1, 1, 1, 1, 1, 1, 1, 1, 1, 1, 1, 0, 0, 0, 0, 0, 0, 0, 0, 0, 
0, 0, 0, 0, 0, 0, 0, 0, 0, 0, 0, 0, 0, 0, 0, 0, 0, 0, 0, 0, 0, 
0, 0, 0, 0, 0, 0, 0, 0, 0, 0, 2, 2, 2, 2, 2, 2, 2, 2, 2, 2, 2, 
2, 2, 2, 2, 2, 2, 2, 2, 2, 2, 2, 2, 2, 2, 2, 2, 2, 2, 2, 2, 2, 
2, 2, 2, 2, 2, 2, 2, 2, 2, 2, 2, 2, 2, 2, 2, 2, 2, 2, 2, 2, 2, 
2, 2, 2, 2, 2, 2, 2, 2, 2, 2, 2, 2, 2, 2, 2, 2, 2, 2, 2, 2, 2, 
2, 2, 2, 2, 2, 2, 2, 2, 2, 2, 2, 2, 2, 2, 2, 2, 2, 2, 2, 2, 2, 
2, 2, 2, 2, 2, 2, 2, 2, 2, 2, 2, 2, 2, 2, 2, 2, 2, 2, 2, 2, 2, 
2, 2, 2, 2, 0, 0, 0, 0, 0, 0, 0, 0, 0, 0, 0, 0, 0, 0, 0, 0, 0, 
0, 0, 0, 0, 0, 0, 0, 0, 0, 0, 0, 0, 0, 0, 0, 0, 0, 0, 0, 0, 0, 
0, 0, 2, 2, 2, 2, 2, 2, 2, 2, 2, 2, 2, 2, 2, 2, 2, 2, 2, 2, 2, 
2, 2, 2, 2, 2, 2, 2, 2, 2, 2, 2, 2, 2, 2, 2, 2, 2, 2, 2, 2, 2, 
0.356656065424807, 0.356656065424807, 0.356656065424807, 0.356656065424807, 
0.356656065424807, 0.356656065424807, 0.356656065424807, 0.356656065424807, 
0.356656065424807, 0.356656065424807, 0.390731485688323, 0.390731485688323, 
0.390731485688323, 0.390731485688323, 0.390731485688323, 0.390731485688323, 
0.390731485688323, 0.390731485688323, 0.390731485688323, 0.390731485688323, 
0.424352567014993, 0.424352567014993, 0.424352567014993, 0.424352567014993, 
0.424352567014993, 0.424352567014993, 0.424352567014993, 0.424352567014993, 
0.424352567014993, 0.424352567014993, 0.45842798727851, 0.45842798727851, 
0.45842798727851, 0.45842798727851, 0.45842798727851, 0.45842798727851, 
0.45842798727851, 0.45842798727851, 0.45842798727851, 0.45842798727851, 
0.643343934575193, 0.643343934575193, 0.643343934575193, 0.643343934575193, 
0.643343934575193, 0.643343934575193, 0.643343934575193, 0.643343934575193, 
0.643343934575193, 0.643343934575193, 0.609268514311677, 0.609268514311677, 
0.609268514311677, 0.609268514311677, 0.609268514311677, 0.609268514311677, 
0.609268514311677, 0.609268514311677, 0.609268514311677, 0.609268514311677, 
0.575647432985007, 0.575647432985007, 0.575647432985007, 0.575647432985007, 
0.575647432985007, 0.575647432985007, 0.575647432985007, 0.575647432985007, 
0.575647432985007, 0.575647432985007, 0.54157201272149, 0.54157201272149, 
0.54157201272149, 0.54157201272149, 0.54157201272149, 0.54157201272149, 
0.54157201272149, 0.54157201272149, 0.54157201272149, 0.54157201272149, 
0.5, 0.5, 0.5, 0.5, 0.5, 0.5, 0.5, 0.5, 0.5, 0.5, 0.5, 0.5, 0.5, 
0.5, 0.5, 0.5, 0.5, 0.5, 0.5, 0.5, 0.5, 0.5, 0.5, 0.5, 0.5, 0.5, 
0.5, 0.5, 0.5, 0.5, 0.5, 0.5, 0.5, 0.5, 0.5, 0.5, 0.5, 0.5, 0.5, 
0.5, 0.20271893636016, 0.20271893636016, 0.20271893636016, 0.20271893636016, 
0.20271893636016, 0.20271893636016, 0.20271893636016, 0.20271893636016, 
0.20271893636016, 0.20271893636016, 0.154529014879932, 0.154529014879932, 
0.154529014879932, 0.154529014879932, 0.154529014879932, 0.154529014879932, 
0.154529014879932, 0.154529014879932, 0.154529014879932, 0.154529014879932, 
0.106981625686107, 0.106981625686107, 0.106981625686107, 0.106981625686107, 
0.106981625686107, 0.106981625686107, 0.106981625686107, 0.106981625686107, 
0.106981625686107, 0.106981625686107, 0.0587917042058783, 0.0587917042058783, 
0.0587917042058783, 0.0587917042058783, 0.0587917042058783, 0.0587917042058783, 
0.0587917042058783, 0.0587917042058783, 0.0587917042058783, 0.0587917042058783, 
2.12327139954635, 2.10735132800978, 2.09972438193876, 2.10356716577438, 
2.10452190877603, 2.11786898668106, 2.11044151221653, 2.10386299249808, 
2.09925827167773, 2.10457967886019, 2.15276871475649, 2.16156843074556, 
2.16661885615879, 2.16211425914085, 2.15193565404409, 2.15008662809886, 
2.18120809190467, 2.16061040915649, 2.17685142756383, 2.17081579649605, 
2.17413770218725, 2.18922704362419, 2.1968257275244, 2.19424276164272, 
2.19483043774043, 2.222433041834, 2.25132529040143, 2.19771288095951, 
2.20584158440708, 2.18214437759303, 2.28518918784814, 2.31347773282374, 
2.26812398766948, 2.23117515999527, 2.22635033189487, 2.27224324417763, 
2.25674519636815, 2.22355330227802, 2.22107352368229, 2.24025902148415, 
2.12327139954635, 2.10735132800978, 2.09972438193876, 2.10356716577438, 
2.10452190877604, 2.11786898668106, 2.11044151221653, 2.10386299249808, 
2.09925827167773, 2.1045796788602, 2.15276871475649, 2.16156843074556, 
2.16661885615879, 2.16211425914085, 2.15193565404409, 2.15008662809886, 
2.18120809190467, 2.16061040915649, 2.17685142756383, 2.17081579649605, 
2.17413770218725, 2.18922704362419, 2.1968257275244, 2.19424276164272, 
2.19483043774043, 2.222433041834, 2.25132529040143, 2.19771288095951, 
2.20584158440708, 2.18214437759303, 2.28518918784814, 2.31347773282374, 
2.26812398766948, 2.23117515999527, 2.22635033189487, 2.27224324417763, 
2.25674519636815, 2.22355330227802, 2.22107352368229, 2.24025902148415, 
9.09189219071281, 8.92194076612394, 8.86270829199063, 8.8205398585918, 
8.86648173072055, 9.05443521276293, 8.92959378056436, 8.91561087298656, 
8.79267395929289, 8.8943916252539, 8.98413866295551, 9.17661152815192, 
9.10862881767636, 9.13967522510846, 8.96451519292563, 8.95040813505951, 
9.40450673130776, 9.10852221918763, 9.21517091222049, 9.14007411506689, 
8.88140059352582, 9.07425612802284, 9.13198362626439, 9.11180857365787, 
9.13556807765874, 9.36611547015663, 9.85921978833295, 9.15050315565217, 
9.22299400468354, 8.97955356265636, 9.81308330540322, 10.106608488727, 
9.65702589111091, 9.26410040512337, 9.12457751521346, 9.72098248676433, 
9.39571110835627, 9.16573046133566, 9.01286936098987, 9.30357913375233, 
9.09189219071281, 8.92194076612394, 8.86270829199063, 8.8205398585918, 
8.86648173072055, 9.05443521276293, 8.92959378056436, 8.91561087298656, 
8.79267395929289, 8.8943916252539, 8.98413866295551, 9.17661152815192, 
9.10862881767636, 9.13967522510846, 8.96451519292563, 8.95040813505951, 
9.40450673130776, 9.10852221918764, 9.21517091222049, 9.14007411506689, 
8.88140059352582, 9.07425612802284, 9.13198362626439, 9.11180857365787, 
9.13556807765874, 9.36611547015663, 9.85921978833295, 9.15050315565217, 
9.22299400468354, 8.97955356265636, 9.81308330540322, 10.106608488727, 
9.65702589111091, 9.26410040512337, 9.12457751521346, 9.72098248676433, 
9.39571110835627, 9.16573046133566, 9.01286936098987, 9.30357913375232, 
0.140528521356419, 0.14474663411385, 0.14236748601393, 0.147370584241563, 
