tmp <-
structure(c(4, 4, 4, 4, 4, 4, 4, 4, 4, 4, 4, 4, 4, 4, 4, 4, 4, 
4, 4, 4, 4, 4, 4, 4, 4, 4, 4, 4, 4, 4, 4, 4, 4, 4, 4, 4, 4, 4, 
4, 4, 18, 18, 18, 18, 18, 18, 18, 18, 18, 18, 18, 18, 18, 18, 
18, 18, 18, 18, 18, 18, 18, 18, 18, 18, 18, 18, 18, 18, 18, 18, 
18, 18, 18, 18, 18, 18, 18, 18, 18, 18, 18, 18, 18, 18, 18, 18, 
18, 18, 18, 18, 18, 18, 18, 18, 18, 18, 18, 18, 18, 18, 18, 18, 
18, 18, 18, 18, 18, 18, 18, 18, 18, 18, 18, 18, 18, 18, 18, 18, 
18, 18, 0, 0, 0, 0, 0, 0, 0, 0, 0, 0, 0, 0, 0, 0, 0, 0, 0, 0, 
0, 0, 0, 0, 0, 0, 0, 0, 0, 0, 0, 0, 0, 0, 0, 0, 0, 0, 0, 0, 0, 
0, 846, 846, 846, 846, 846, 846, 846, 846, 846, 846, 846, 846, 
846, 846, 846, 846, 846, 846, 846, 846, 846, 846, 846, 846, 846, 
846, 846, 846, 846, 846, 846, 846, 846, 846, 846, 846, 846, 846, 
846, 846, 0.0212765957446809, 0.0212765957446809, 0.0212765957446809, 
0.0212765957446809, 0.0212765957446809, 0.0212765957446809, 0.0212765957446809, 
0.0212765957446809, 0.0212765957446809, 0.0212765957446809, 0.0212765957446809, 
0.0212765957446809, 0.0212765957446809, 0.0212765957446809, 0.0212765957446809, 
0.0212765957446809, 0.0212765957446809, 0.0212765957446809, 0.0212765957446809, 
0.0212765957446809, 0.0212765957446809, 0.0212765957446809, 0.0212765957446809, 
0.0212765957446809, 0.0212765957446809, 0.0212765957446809, 0.0212765957446809, 
0.0212765957446809, 0.0212765957446809, 0.0212765957446809, 0.0212765957446809, 
0.0212765957446809, 0.0212765957446809, 0.0212765957446809, 0.0212765957446809, 
0.0212765957446809, 0.0212765957446809, 0.0212765957446809, 0.0212765957446809, 
0.0212765957446809, 1, 1, 1, 1, 1, 1, 1, 1, 1, 1, 1, 1, 1, 1, 
1, 1, 1, 1, 1, 1, 1, 1, 1, 1, 1, 1, 1, 1, 1, 1, 1, 1, 1, 1, 1, 
1, 1, 1, 1, 1, 0, 0, 0, 0, 0, 0, 0, 0, 0, 0, 0, 0, 0, 0, 0, 0, 
0, 0, 0, 0, 0, 0, 0, 0, 0, 0, 0, 0, 0, 0, 0, 0, 0, 0, 0, 0, 0, 
0, 0, 0, 4, 4, 4, 4, 4, 4, 4, 4, 4, 4, 4, 4, 4, 4, 4, 4, 4, 4, 
4, 4, 4, 4, 4, 4, 4, 4, 4, 4, 4, 4, 4, 4, 4, 4, 4, 4, 4, 4, 4, 
4, 4, 4, 4, 4, 4, 4, 4, 4, 4, 4, 4, 4, 4, 4, 4, 4, 4, 4, 4, 4, 
4, 4, 4, 4, 4, 4, 4, 4, 4, 4, 4, 4, 4, 4, 4, 4, 4, 4, 4, 4, 4, 
4, 4, 4, 4, 4, 4, 4, 4, 4, 4, 4, 4, 4, 4, 4, 4, 4, 4, 4, 4, 4, 
4, 4, 4, 4, 4, 4, 4, 4, 4, 4, 4, 4, 4, 4, 4, 4, 4, 4, 0, 0, 0, 
0, 0, 0, 0, 0, 0, 0, 0, 0, 0, 0, 0, 0, 0, 0, 0, 0, 0, 0, 0, 0, 
0, 0, 0, 0, 0, 0, 0, 0, 0, 0, 0, 0, 0, 0, 0, 0, 4, 4, 4, 4, 4, 
4, 4, 4, 4, 4, 4, 4, 4, 4, 4, 4, 4, 4, 4, 4, 4, 4, 4, 4, 4, 4, 
4, 4, 4, 4, 4, 4, 4, 4, 4, 4, 4, 4, 4, 4, 0.235224586288416, 
0.235224586288416, 0.235224586288416, 0.235224586288416, 0.235224586288416, 
0.235224586288416, 0.235224586288416, 0.235224586288416, 0.235224586288416, 
0.235224586288416, 0.232860520094563, 0.232860520094563, 0.232860520094563, 
0.232860520094563, 0.232860520094563, 0.232860520094563, 0.232860520094563, 
0.232860520094563, 0.232860520094563, 0.232860520094563, 0.219858156028369, 
0.219858156028369, 0.219858156028369, 0.219858156028369, 0.219858156028369, 
0.219858156028369, 0.219858156028369, 0.219858156028369, 0.219858156028369, 
0.219858156028369, 0.206855791962175, 0.206855791962175, 0.206855791962175, 
0.206855791962175, 0.206855791962175, 0.206855791962175, 0.206855791962175, 
0.206855791962175, 0.206855791962175, 0.206855791962175, 0.268321513002364, 
0.268321513002364, 0.268321513002364, 0.268321513002364, 0.268321513002364, 
0.268321513002364, 0.268321513002364, 0.268321513002364, 0.268321513002364, 
0.268321513002364, 0.281323877068558, 0.281323877068558, 0.281323877068558, 
0.281323877068558, 0.281323877068558, 0.281323877068558, 0.281323877068558, 
0.281323877068558, 0.281323877068558, 0.281323877068558, 0.294326241134752, 
0.294326241134752, 0.294326241134752, 0.294326241134752, 0.294326241134752, 
0.294326241134752, 0.294326241134752, 0.294326241134752, 0.294326241134752, 
0.294326241134752, 0.307328605200946, 0.307328605200946, 0.307328605200946, 
0.307328605200946, 0.307328605200946, 0.307328605200946, 0.307328605200946, 
0.307328605200946, 0.307328605200946, 0.307328605200946, 0.25, 
0.25, 0.25, 0.25, 0.25, 0.25, 0.25, 0.25, 0.25, 0.25, 0.25, 0.25, 
0.25, 0.25, 0.25, 0.25, 0.25, 0.25, 0.25, 0.25, 0.25, 0.25, 0.25, 
0.25, 0.25, 0.25, 0.25, 0.25, 0.25, 0.25, 0.25, 0.25, 0.25, 0.25, 
0.25, 0.25, 0.25, 0.25, 0.25, 0.25, 0.0138016389977439, 0.0138016389977439, 
0.0138016389977439, 0.0138016389977439, 0.0138016389977439, 0.0138016389977439, 
0.0138016389977439, 0.0138016389977439, 0.0138016389977439, 0.0138016389977439, 
0.0223129946962455, 0.0223129946962455, 0.0223129946962455, 0.0223129946962455, 
0.0223129946962455, 0.0223129946962455, 0.0223129946962455, 0.0223129946962455, 
0.0223129946962455, 0.0223129946962455, 0.0321040421237749, 0.0321040421237749, 
0.0321040421237749, 0.0321040421237749, 0.0321040421237749, 0.0321040421237749, 
0.0321040421237749, 0.0321040421237749, 0.0321040421237749, 0.0321040421237749, 
0.0422952078152519, 0.0422952078152519, 0.0422952078152519, 0.0422952078152519, 
0.0422952078152519, 0.0422952078152519, 0.0422952078152519, 0.0422952078152519, 
0.0422952078152519, 0.0422952078152519, 0.82592553436196, 0.818301039202888, 
0.817725342245416, 0.826707749833361, 0.820287315653231, 0.817136300470982, 
0.824660973654676, 0.821326208374173, 0.826797553386394, 0.827729453382087, 
0.833353371854465, 0.815464126858209, 0.809608241969753, 0.829522879787635, 
0.831238496885616, 0.828078260404689, 0.823928358399685, 0.821041488777217, 
0.807593665614144, 0.817216128708099, 0.808330545525308, 0.815497668444547, 
0.819527422979802, 0.825842501082669, 0.834929203276779, 0.986035055339255, 
0.812067511676282, 0.820782719993678, 0.807174209531635, 0.984074545129943, 
0.798748854165355, 0.795929205614783, 0.969334218434689, 0.962184081066254, 
0.972897928681907, 0.985215166978698, 0.841467909830677, 0.965136776903893, 
0.81044790598236, 0.798701309679324, 0.82592553436196, 0.818301039202888, 
0.817725342245416, 0.826707749833361, 0.820287315653231, 0.817136300470982, 
0.824660973654676, 0.821326208374173, 0.826797553386394, 0.827729453382087, 
0.833353371854465, 0.815464126858209, 0.809608241969753, 0.829522879787635, 
0.831238496885616, 0.828078260404689, 0.823928358399685, 0.821041488777217, 
0.807593665614144, 0.817216128708099, 0.808330545525308, 0.815497668444547, 
0.819527422979802, 0.825842501082669, 0.834929203276779, 0.986035055339255, 
0.812067511676282, 0.820782719993678, 0.807174209531635, 0.984074545129943, 
0.798748854165356, 0.795929205614783, 0.969334218434689, 0.962184081066254, 
0.972897928681907, 0.985215166978698, 0.841467909830677, 0.965136776903893, 
0.81044790598236, 0.798701309679324, 5.16937467204616, 5.15698146184715, 
5.17820109563143, 5.1686931173988, 5.1837047258712, 5.17858549275528, 
5.28417879737435, 5.16747743756715, 5.18882052932315, 5.31779091488101, 
5.33102945904949, 5.23352684816719, 5.10384703761806, 5.19765871460394, 
5.1774309372048, 5.3129796689131, 5.28760879545306, 5.15276978666424, 
5.12560539666207, 5.16151697017039, 5.10330879383777, 5.21749267296777, 
5.15165221622972, 5.24716194398418, 5.28529720575753, 7.49271268832369, 
5.15466688290958, 5.12699331740185, 5.06817235294254, 7.43276488774153, 
4.99540640825809, 5.01647583080567, 7.24286137662436, 7.25282406832075, 
7.33217504614061, 7.42279341756358, 5.26282479104924, 7.19470321120829, 
5.04896665410787, 5.04647982518614, 5.16937467204616, 5.15698146184715, 
5.17820109563143, 5.1686931173988, 5.1837047258712, 5.17858549275528, 
5.28417879737435, 5.16747743756715, 5.18882052932315, 5.31779091488101, 
5.33102945904949, 5.2335268481672, 5.10384703761806, 5.19765871460394, 
5.1774309372048, 5.3129796689131, 5.28760879545306, 5.15276978666424, 
5.12560539666207, 5.16151697017039, 5.10330879383777, 5.21749267296777, 
5.15165221622972, 5.24716194398418, 5.28529720575753, 7.49271268832369, 
5.15466688290958, 5.12699331740185, 5.06817235294254, 7.43276488774153, 
4.99540640825809, 5.01647583080567, 7.24286137662436, 7.25282406832075, 
7.33217504614062, 7.42279341756358, 5.26282479104924, 7.19470321120829, 
