tmp <-
structure(c(11, 11, 11, 11, 11, 11, 11, 11, 11, 11, 11, 11, 11, 
11, 11, 11, 11, 11, 11, 11, 11, 11, 11, 11, 11, 11, 11, 11, 11, 
11, 11, 11, 11, 11, 11, 11, 11, 11, 11, 11, 10, 10, 10, 10, 10, 
10, 10, 10, 10, 10, 10, 10, 10, 10, 10, 10, 10, 10, 10, 10, 10, 
10, 10, 10, 10, 10, 10, 10, 10, 10, 10, 10, 10, 10, 10, 10, 10, 
10, 10, 10, 10, 10, 10, 10, 10, 10, 10, 10, 10, 10, 10, 10, 10, 
10, 10, 10, 10, 10, 10, 10, 10, 10, 10, 10, 10, 10, 10, 10, 10, 
10, 10, 10, 10, 10, 10, 10, 10, 10, 10, 10, 0, 0, 0, 0, 0, 0, 
0, 0, 0, 0, 0, 0, 0, 0, 0, 0, 0, 0, 0, 0, 0, 0, 0, 0, 0, 0, 0, 
0, 0, 0, 0, 0, 0, 0, 0, 0, 0, 0, 0, 0, 990, 990, 990, 990, 990, 
990, 990, 990, 990, 990, 990, 990, 990, 990, 990, 990, 990, 990, 
990, 990, 990, 990, 990, 990, 990, 990, 990, 990, 990, 990, 990, 
990, 990, 990, 990, 990, 990, 990, 990, 990, 0.0101010101010101, 
0.0101010101010101, 0.0101010101010101, 0.0101010101010101, 0.0101010101010101, 
0.0101010101010101, 0.0101010101010101, 0.0101010101010101, 0.0101010101010101, 
0.0101010101010101, 0.0101010101010101, 0.0101010101010101, 0.0101010101010101, 
0.0101010101010101, 0.0101010101010101, 0.0101010101010101, 0.0101010101010101, 
0.0101010101010101, 0.0101010101010101, 0.0101010101010101, 0.0101010101010101, 
0.0101010101010101, 0.0101010101010101, 0.0101010101010101, 0.0101010101010101, 
0.0101010101010101, 0.0101010101010101, 0.0101010101010101, 0.0101010101010101, 
0.0101010101010101, 0.0101010101010101, 0.0101010101010101, 0.0101010101010101, 
0.0101010101010101, 0.0101010101010101, 0.0101010101010101, 0.0101010101010101, 
0.0101010101010101, 0.0101010101010101, 0.0101010101010101, 1, 
1, 1, 1, 1, 1, 1, 1, 1, 1, 1, 1, 1, 1, 1, 1, 1, 1, 1, 1, 1, 1, 
1, 1, 1, 1, 1, 1, 1, 1, 1, 1, 1, 1, 1, 1, 1, 1, 1, 1, 0, 0, 0, 
0, 0, 0, 0, 0, 0, 0, 0, 0, 0, 0, 0, 0, 0, 0, 0, 0, 0, 0, 0, 0, 
0, 0, 0, 0, 0, 0, 0, 0, 0, 0, 0, 0, 0, 0, 0, 0, 11, 11, 11, 11, 
11, 11, 11, 11, 11, 11, 11, 11, 11, 11, 11, 11, 11, 11, 11, 11, 
11, 11, 11, 11, 11, 11, 11, 11, 11, 11, 11, 11, 11, 11, 11, 11, 
11, 11, 11, 11, 11, 11, 11, 11, 11, 11, 11, 11, 11, 11, 11, 11, 
11, 11, 11, 11, 11, 11, 11, 11, 11, 11, 11, 11, 11, 11, 11, 11, 
11, 11, 11, 11, 11, 11, 11, 11, 11, 11, 11, 11, 11, 11, 11, 11, 
11, 11, 11, 11, 11, 11, 11, 11, 11, 11, 11, 11, 11, 11, 11, 11, 
11, 11, 11, 11, 11, 11, 11, 11, 11, 11, 11, 11, 11, 11, 11, 11, 
11, 11, 11, 11, 0, 0, 0, 0, 0, 0, 0, 0, 0, 0, 0, 0, 0, 0, 0, 
0, 0, 0, 0, 0, 0, 0, 0, 0, 0, 0, 0, 0, 0, 0, 0, 0, 0, 0, 0, 0, 
0, 0, 0, 0, 11, 11, 11, 11, 11, 11, 11, 11, 11, 11, 11, 11, 11, 
11, 11, 11, 11, 11, 11, 11, 11, 11, 11, 11, 11, 11, 11, 11, 11, 
11, 11, 11, 11, 11, 11, 11, 11, 11, 11, 11, 0.0868686868686869, 
0.0868686868686869, 0.0868686868686869, 0.0868686868686869, 0.0868686868686869, 
0.0868686868686869, 0.0868686868686869, 0.0868686868686869, 0.0868686868686869, 
0.0868686868686869, 0.0818181818181818, 0.0818181818181818, 0.0818181818181818, 
0.0818181818181818, 0.0818181818181818, 0.0818181818181818, 0.0818181818181818, 
0.0818181818181818, 0.0818181818181818, 0.0818181818181818, 0.0777777777777778, 
0.0777777777777778, 0.0777777777777778, 0.0777777777777778, 0.0777777777777778, 
0.0777777777777778, 0.0777777777777778, 0.0777777777777778, 0.0777777777777778, 
0.0777777777777778, 0.0727272727272727, 0.0727272727272727, 0.0727272727272727, 
0.0727272727272727, 0.0727272727272727, 0.0727272727272727, 0.0727272727272727, 
0.0727272727272727, 0.0727272727272727, 0.0727272727272727, 0.094949494949495, 
0.094949494949495, 0.094949494949495, 0.094949494949495, 0.094949494949495, 
0.094949494949495, 0.094949494949495, 0.094949494949495, 0.094949494949495, 
0.094949494949495, 0.1, 0.1, 0.1, 0.1, 0.1, 0.1, 0.1, 0.1, 0.1, 
0.1, 0.104040404040404, 0.104040404040404, 0.104040404040404, 
0.104040404040404, 0.104040404040404, 0.104040404040404, 0.104040404040404, 
0.104040404040404, 0.104040404040404, 0.104040404040404, 0.109090909090909, 
0.109090909090909, 0.109090909090909, 0.109090909090909, 0.109090909090909, 
0.109090909090909, 0.109090909090909, 0.109090909090909, 0.109090909090909, 
0.109090909090909, 0.0909090909090909, 0.0909090909090909, 0.0909090909090909, 
0.0909090909090909, 0.0909090909090909, 0.0909090909090909, 0.0909090909090909, 
0.0909090909090909, 0.0909090909090909, 0.0909090909090909, 0.0909090909090909, 
0.0909090909090909, 0.0909090909090909, 0.0909090909090909, 0.0909090909090909, 
0.0909090909090909, 0.0909090909090909, 0.0909090909090909, 0.0909090909090909, 
0.0909090909090909, 0.0909090909090909, 0.0909090909090909, 0.0909090909090909, 
0.0909090909090909, 0.0909090909090909, 0.0909090909090909, 0.0909090909090909, 
0.0909090909090909, 0.0909090909090909, 0.0909090909090909, 0.0909090909090909, 
0.0909090909090909, 0.0909090909090909, 0.0909090909090909, 0.0909090909090909, 
0.0909090909090909, 0.0909090909090909, 0.0909090909090909, 0.0909090909090909, 
0.0909090909090909, 0.00180692361818165, 0.00180692361818165, 
0.00180692361818165, 0.00180692361818165, 0.00180692361818165, 
0.00180692361818165, 0.00180692361818165, 0.00180692361818165, 
0.00180692361818165, 0.00180692361818165, 0.00406557814090871, 
0.00406557814090871, 0.00406557814090871, 0.00406557814090871, 
0.00406557814090871, 0.00406557814090871, 0.00406557814090871, 
0.00406557814090871, 0.00406557814090871, 0.00406557814090871, 
0.00587250175909036, 0.00587250175909036, 0.00587250175909036, 
0.00587250175909036, 0.00587250175909036, 0.00587250175909036, 
0.00587250175909036, 0.00587250175909036, 0.00587250175909036, 
0.00587250175909036, 0.00813115628181742, 0.00813115628181742, 
0.00813115628181742, 0.00813115628181742, 0.00813115628181742, 
0.00813115628181742, 0.00813115628181742, 0.00813115628181742, 
0.00813115628181742, 0.00813115628181742, 0.385643063167576, 
0.388604655172538, 0.380529180439526, 0.39581785133808, 0.39686417891258, 
0.386447666778358, 0.38644702047625, 0.408044406879934, 0.399979310415241, 
0.381317777685013, 0.394083567134746, 0.403249535266358, 0.403602103880958, 
0.405952680881744, 0.40218622595657, 0.403913713491407, 0.390461376543369, 
0.39246635122644, 0.391813835024692, 0.388511593578923, 0.401508229314066, 
0.390466475152355, 0.386692707255487, 0.400606377580459, 0.399505449154158, 
0.393310362457831, 0.40247074322533, 0.399609524461023, 0.399861529798299, 
0.402389776658854, 0.401107063480692, 0.393677110608056, 0.403666772327201, 
0.399351970535753, 0.400816137895388, 0.400454609947471, 0.403001435593549, 
0.405630755322974, 0.398895720098328, 0.398520587949588, 0.385643063167576, 
0.388604655172538, 0.380529180439526, 0.39581785133808, 0.39686417891258, 
0.386447666778358, 0.38644702047625, 0.408044406879934, 0.399979310415241, 
0.381317777685013, 0.394083567134746, 0.403249535266358, 0.403602103880958, 
0.405952680881744, 0.40218622595657, 0.403913713491407, 0.390461376543369, 
0.392466351226439, 0.391813835024691, 0.388511593578923, 0.401508229314066, 
0.390466475152355, 0.386692707255487, 0.400606377580459, 0.399505449154157, 
0.393310362457831, 0.40247074322533, 0.399609524461023, 0.399861529798299, 
0.402389776658854, 0.401107063480691, 0.393677110608055, 0.403666772327201, 
0.399351970535753, 0.400816137895388, 0.400454609947471, 0.403001435593549, 
0.405630755322974, 0.398895720098328, 0.398520587949588, 2.59950111451457, 
2.60885195467177, 2.58544960612975, 2.67250162328887, 2.68070987356703, 
2.60165035976692, 2.59696607425342, 2.69613769915615, 2.68150600708994, 
2.58153911737246, 2.62383952682061, 2.69717204926771, 2.66348505076895, 
2.68679894289629, 2.66571119478387, 2.66184645622461, 2.59700667530209, 
2.61405462514649, 2.60985929577584, 2.59704675455877, 2.63418692499532, 
2.63042754448859, 2.59926148496716, 2.63338836945084, 2.63553724459131, 
2.61213498589135, 2.66826104487733, 2.65371196433089, 2.64249237647237, 
2.65601803239326, 2.65968530087118, 2.61044368213115, 2.66792747513786, 
2.65304312954995, 2.62825400799075, 2.64283949197424, 2.63626817049097, 
