tmp <-
structure(c(3, 3, 3, 3, 3, 3, 3, 3, 3, 3, 3, 3, 3, 3, 3, 3, 3, 
3, 3, 3, 3, 3, 3, 3, 3, 3, 3, 3, 3, 3, 3, 3, 3, 3, 3, 3, 3, 3, 
3, 3, 40, 40, 40, 40, 40, 40, 40, 40, 40, 40, 40, 40, 40, 40, 
40, 40, 40, 40, 40, 40, 40, 40, 40, 40, 40, 40, 40, 40, 40, 40, 
40, 40, 40, 40, 40, 40, 40, 40, 40, 40, 40, 40, 40, 40, 40, 40, 
40, 40, 40, 40, 40, 40, 40, 40, 40, 40, 40, 40, 40, 40, 40, 40, 
40, 40, 40, 40, 40, 40, 40, 40, 40, 40, 40, 40, 40, 40, 40, 40, 
40, 40, 0, 0, 0, 0, 0, 0, 0, 0, 0, 0, 0, 0, 0, 0, 0, 0, 0, 0, 
0, 0, 0, 0, 0, 0, 0, 0, 0, 0, 0, 0, 0, 0, 0, 0, 0, 0, 0, 0, 0, 
0, 5000, 5000, 5000, 5000, 5000, 5000, 5000, 5000, 5000, 5000, 
5000, 5000, 5000, 5000, 5000, 5000, 5000, 5000, 5000, 5000, 5000, 
5000, 5000, 5000, 5000, 5000, 5000, 5000, 5000, 5000, 5000, 5000, 
5000, 5000, 5000, 5000, 5000, 5000, 5000, 5000, 0.008, 0.008, 
0.008, 0.008, 0.008, 0.008, 0.008, 0.008, 0.008, 0.008, 0.008, 
0.008, 0.008, 0.008, 0.008, 0.008, 0.008, 0.008, 0.008, 0.008, 
0.008, 0.008, 0.008, 0.008, 0.008, 0.008, 0.008, 0.008, 0.008, 
0.008, 0.008, 0.008, 0.008, 0.008, 0.008, 0.008, 0.008, 0.008, 
0.008, 0.008, 1, 1, 1, 1, 1, 1, 1, 1, 1, 1, 1, 1, 1, 1, 1, 1, 
1, 1, 1, 1, 1, 1, 1, 1, 1, 1, 1, 1, 1, 1, 1, 1, 1, 1, 1, 1, 1, 
1, 1, 1, 0, 0, 0, 0, 0, 0, 0, 0, 0, 0, 0, 0, 0, 0, 0, 0, 0, 0, 
0, 0, 0, 0, 0, 0, 0, 0, 0, 0, 0, 0, 0, 0, 0, 0, 0, 0, 0, 0, 0, 
0, 3, 3, 3, 3, 3, 3, 3, 3, 3, 3, 3, 3, 3, 3, 3, 3, 3, 3, 3, 3, 
3, 3, 3, 3, 3, 3, 3, 3, 3, 3, 3, 3, 3, 3, 3, 3, 3, 3, 3, 3, 3, 
3, 3, 3, 3, 3, 3, 3, 3, 3, 3, 3, 3, 3, 3, 3, 3, 3, 3, 3, 3, 3, 
3, 3, 3, 3, 3, 3, 3, 3, 3, 3, 3, 3, 3, 3, 3, 3, 3, 3, 3, 3, 3, 
3, 3, 3, 3, 3, 3, 3, 3, 3, 3, 3, 3, 3, 3, 3, 3, 3, 3, 3, 3, 3, 
3, 3, 3, 3, 3, 3, 3, 3, 3, 3, 3, 3, 3, 3, 3, 3, 0, 0, 0, 0, 0, 
0, 0, 0, 0, 0, 0, 0, 0, 0, 0, 0, 0, 0, 0, 0, 0, 0, 0, 0, 0, 0, 
0, 0, 0, 0, 0, 0, 0, 0, 0, 0, 0, 0, 0, 0, 3, 3, 3, 3, 3, 3, 3, 
3, 3, 3, 3, 3, 3, 3, 3, 3, 3, 3, 3, 3, 3, 3, 3, 3, 3, 3, 3, 3, 
3, 3, 3, 3, 3, 3, 3, 3, 3, 3, 3, 3, 0.3216, 0.3216, 0.3216, 0.3216, 
0.3216, 0.3216, 0.3216, 0.3216, 0.3216, 0.3216, 0.3046, 0.3046, 
0.3046, 0.3046, 0.3046, 0.3046, 0.3046, 0.3046, 0.3046, 0.3046, 
0.2878, 0.2878, 0.2878, 0.2878, 0.2878, 0.2878, 0.2878, 0.2878, 
0.2878, 0.2878, 0.2708, 0.2708, 0.2708, 0.2708, 0.2708, 0.2708, 
0.2708, 0.2708, 0.2708, 0.2708, 0.3478, 0.3478, 0.3478, 0.3478, 
0.3478, 0.3478, 0.3478, 0.3478, 0.3478, 0.3478, 0.3648, 0.3648, 
0.3648, 0.3648, 0.3648, 0.3648, 0.3648, 0.3648, 0.3648, 0.3648, 
0.3816, 0.3816, 0.3816, 0.3816, 0.3816, 0.3816, 0.3816, 0.3816, 
0.3816, 0.3816, 0.3986, 0.3986, 0.3986, 0.3986, 0.3986, 0.3986, 
0.3986, 0.3986, 0.3986, 0.3986, 0.333333333333333, 0.333333333333333, 
0.333333333333333, 0.333333333333333, 0.333333333333333, 0.333333333333333, 
0.333333333333333, 0.333333333333333, 0.333333333333333, 0.333333333333333, 
0.333333333333333, 0.333333333333333, 0.333333333333333, 0.333333333333333, 
0.333333333333333, 0.333333333333333, 0.333333333333333, 0.333333333333333, 
0.333333333333333, 0.333333333333333, 0.333333333333333, 0.333333333333333, 
0.333333333333333, 0.333333333333333, 0.333333333333333, 0.333333333333333, 
0.333333333333333, 0.333333333333333, 0.333333333333333, 0.333333333333333, 
0.333333333333333, 0.333333333333333, 0.333333333333333, 0.333333333333333, 
0.333333333333333, 0.333333333333333, 0.333333333333333, 0.333333333333333, 
0.333333333333333, 0.333333333333333, 0.0133121498389003, 0.0133121498389003, 
0.0133121498389003, 0.0133121498389003, 0.0133121498389003, 0.0133121498389003, 
0.0133121498389003, 0.0133121498389003, 0.0133121498389003, 0.0133121498389003, 
0.030192935155982, 0.030192935155982, 0.030192935155982, 0.030192935155982, 
0.030192935155982, 0.030192935155982, 0.030192935155982, 0.030192935155982, 
0.030192935155982, 0.030192935155982, 0.046959699033675, 0.046959699033675, 
0.046959699033675, 0.046959699033675, 0.046959699033675, 0.046959699033675, 
0.046959699033675, 0.046959699033675, 0.046959699033675, 0.046959699033675, 
0.0639438295172672, 0.0639438295172672, 0.0639438295172672, 0.0639438295172672, 
0.0639438295172672, 0.0639438295172672, 0.0639438295172672, 0.0639438295172672, 
0.0639438295172672, 0.0639438295172672, 0.0735468559506098, 0.0737325939170084, 
0.0766014604994904, 0.0725325097344284, 0.068980582255867, 0.0662587828799978, 
0.073930962396357, 0.073967218062424, 0.0712586731112568, 0.0692108251886528, 
0.0805941591353475, 0.0786075755702025, 0.0811156428861998, 0.0799740082424617, 
0.0861281989790151, 0.0830489730219968, 0.083349482558258, 0.0796063068979759, 
0.0807635231921078, 0.0788260908941619, 0.0893562205809913, 0.0866790073673092, 
0.0873318878879031, 0.08529462247696, 0.0854921483300501, 0.0838265836990839, 
0.0846955156195192, 0.0827144811696133, 0.0823368905948153, 0.087122584799997, 
0.0875545819384695, 0.0907866843832951, 0.087041285622375, 0.0855045500352211, 
0.0857370109888235, 0.0902002182929953, 0.0873587921243788, 0.0882090642938876, 
0.0854703544655244, 0.0865751762360799, 0.0735468559506099, 0.0737325939170084, 
0.0766014604994905, 0.0725325097344286, 0.0689805822558671, 0.0662587828799979, 
0.0739309623963571, 0.0739672180624241, 0.0712586731112568, 0.0692108251886529, 
0.0805941591353475, 0.0786075755702025, 0.0811156428861999, 0.0799740082424617, 
0.0861281989790152, 0.0830489730219969, 0.0833494825582581, 0.0796063068979759, 
0.0807635231921078, 0.078826090894162, 0.0893562205809914, 0.0866790073673093, 
0.0873318878879031, 0.08529462247696, 0.0854921483300501, 0.083826583699084, 
0.0846955156195193, 0.0827144811696133, 0.0823368905948153, 0.087122584799997, 
0.0875545819384696, 0.0907866843832951, 0.0870412856223751, 0.0855045500352212, 
0.0857370109888235, 0.0902002182929954, 0.0873587921243788, 0.0882090642938877, 
0.0854703544655244, 0.08657517623608, 2.95328939480672, 2.95681981795367, 
2.96306677184329, 2.94953111138096, 2.93641992159618, 2.93093003488517, 
2.94690658393298, 2.95058278307507, 2.94628483339757, 2.93482617973342, 
2.95860331406321, 2.94643486225645, 2.95677402809609, 2.95759988404926, 
2.96253491583823, 2.95664192973167, 2.96261857828556, 2.95140921611143, 
2.95815139877504, 2.95122039887291, 2.96042692958918, 2.95427598541276, 
2.95277005657339, 2.9517326545222, 2.95624582333649, 2.95100751325365, 
2.95127468505421, 2.94523909620877, 2.94182895556323, 2.95548185082837, 
2.94432135188962, 2.94851776097401, 2.94512202127337, 2.93874797223087, 
2.94275984821626, 2.94969149660897, 2.94311720162733, 2.9406670939819, 
2.94138175535781, 2.94276226002182, 2.95328939480672, 2.95681981795367, 
2.96306677184329, 2.94953111138096, 2.93641992159618, 2.93093003488517, 
2.94690658393298, 2.95058278307507, 2.94628483339757, 2.93482617973342, 
2.95860331406321, 2.94643486225645, 2.95677402809609, 2.95759988404926, 
2.96253491583823, 2.95664192973167, 2.96261857828556, 2.95140921611143, 
2.95815139877504, 2.95122039887291, 2.96042692958918, 2.95427598541276, 
2.95277005657339, 2.9517326545222, 2.95624582333649, 2.95100751325365, 
2.95127468505421, 2.94523909620877, 2.94182895556323, 2.95548185082837, 
2.94432135188962, 2.94851776097401, 2.94512202127337, 2.93874797223087, 
2.94275984821626, 2.94969149660897, 2.94311720162733, 2.9406670939819, 
2.94138175535781, 2.94276226002182, 0.0746514162130645, 0.074848996937936, 
0.075209423583191, 0.0743428386158233, 0.0745391265353142, 0.0745020964182384, 
0.0748862303475094, 0.0748427443800133, 0.0746294990224805, 0.0743208372604785, 
0.0762364052960455, 0.0760322667320916, 0.0762913833924642, 0.0760334932597152, 
0.0765601730519205, 0.0763674157389614, 0.0763512323436195, 0.0760771335721104, 
0.0760740422668807, 0.0760356060252474, 0.0777857340626006, 0.077581299511584, 
0.0775184767428424, 0.0775463785582987, 0.0775323079039573, 0.0777745830716567, 
0.0781255168654006, 0.076676580399537, 0.077379520496794, 0.0775455177066964, 
0.0786070887313342, 0.0780650073357898, 0.0786850235439321, 0.0783166862832752, 
