tmp <-
structure(c(2, 2, 2, 2, 2, 2, 2, 2, 2, 2, 2, 2, 2, 2, 2, 2, 2, 
2, 2, 2, 2, 2, 2, 2, 2, 2, 2, 2, 2, 2, 2, 2, 2, 2, 2, 2, 2, 2, 
2, 2, 30, 30, 30, 30, 30, 30, 30, 30, 30, 30, 30, 30, 30, 30, 
30, 30, 30, 30, 30, 30, 30, 30, 30, 30, 30, 30, 30, 30, 30, 30, 
30, 30, 30, 30, 30, 30, 30, 30, 30, 30, 30, 30, 30, 30, 30, 30, 
30, 30, 30, 30, 30, 30, 30, 30, 30, 30, 30, 30, 30, 30, 30, 30, 
30, 30, 30, 30, 30, 30, 30, 30, 30, 30, 30, 30, 30, 30, 30, 30, 
30, 30, 0, 0, 0, 0, 0, 0, 0, 0, 0, 0, 0, 0, 0, 0, 0, 0, 0, 0, 
0, 0, 0, 0, 0, 0, 0, 0, 0, 0, 0, 0, 0, 0, 0, 0, 0, 0, 0, 0, 0, 
0, 569, 569, 569, 569, 569, 569, 569, 569, 569, 569, 569, 569, 
569, 569, 569, 569, 569, 569, 569, 569, 569, 569, 569, 569, 569, 
569, 569, 569, 569, 569, 569, 569, 569, 569, 569, 569, 569, 569, 
569, 569, 0.0527240773286467, 0.0527240773286467, 0.0527240773286467, 
0.0527240773286467, 0.0527240773286467, 0.0527240773286467, 0.0527240773286467, 
0.0527240773286467, 0.0527240773286467, 0.0527240773286467, 0.0527240773286467, 
0.0527240773286467, 0.0527240773286467, 0.0527240773286467, 0.0527240773286467, 
0.0527240773286467, 0.0527240773286467, 0.0527240773286467, 0.0527240773286467, 
0.0527240773286467, 0.0527240773286467, 0.0527240773286467, 0.0527240773286467, 
0.0527240773286467, 0.0527240773286467, 0.0527240773286467, 0.0527240773286467, 
0.0527240773286467, 0.0527240773286467, 0.0527240773286467, 0.0527240773286467, 
0.0527240773286467, 0.0527240773286467, 0.0527240773286467, 0.0527240773286467, 
0.0527240773286467, 0.0527240773286467, 0.0527240773286467, 0.0527240773286467, 
0.0527240773286467, 1, 1, 1, 1, 1, 1, 1, 1, 1, 1, 1, 1, 1, 1, 
1, 1, 1, 1, 1, 1, 1, 1, 1, 1, 1, 1, 1, 1, 1, 1, 1, 1, 1, 1, 1, 
1, 1, 1, 1, 1, 0, 0, 0, 0, 0, 0, 0, 0, 0, 0, 0, 0, 0, 0, 0, 0, 
0, 0, 0, 0, 0, 0, 0, 0, 0, 0, 0, 0, 0, 0, 0, 0, 0, 0, 0, 0, 0, 
0, 0, 0, 2, 2, 2, 2, 2, 2, 2, 2, 2, 2, 2, 2, 2, 2, 2, 2, 2, 2, 
2, 2, 2, 2, 2, 2, 2, 2, 2, 2, 2, 2, 2, 2, 2, 2, 2, 2, 2, 2, 2, 
2, 2, 2, 2, 2, 2, 2, 2, 2, 2, 2, 2, 2, 2, 2, 2, 2, 2, 2, 2, 2, 
2, 2, 2, 2, 2, 2, 2, 2, 2, 2, 2, 2, 2, 2, 2, 2, 2, 2, 2, 2, 2, 
2, 2, 2, 2, 2, 2, 2, 2, 2, 2, 2, 2, 2, 2, 2, 2, 2, 2, 2, 2, 2, 
2, 2, 2, 2, 2, 2, 2, 2, 2, 2, 2, 2, 2, 2, 2, 2, 2, 2, 0, 0, 0, 
0, 0, 0, 0, 0, 0, 0, 0, 0, 0, 0, 0, 0, 0, 0, 0, 0, 0, 0, 0, 0, 
0, 0, 0, 0, 0, 0, 0, 0, 0, 0, 0, 0, 0, 0, 0, 0, 2, 2, 2, 2, 2, 
2, 2, 2, 2, 2, 2, 2, 2, 2, 2, 2, 2, 2, 2, 2, 2, 2, 2, 2, 2, 2, 
2, 2, 2, 2, 2, 2, 2, 2, 2, 2, 2, 2, 2, 2, 0.402460456942003, 
0.402460456942003, 0.402460456942003, 0.402460456942003, 0.402460456942003, 
0.402460456942003, 0.402460456942003, 0.402460456942003, 0.402460456942003, 
0.402460456942003, 0.434094903339192, 0.434094903339192, 0.434094903339192, 
0.434094903339192, 0.434094903339192, 0.434094903339192, 0.434094903339192, 
0.434094903339192, 0.434094903339192, 0.434094903339192, 0.46572934973638, 
0.46572934973638, 0.46572934973638, 0.46572934973638, 0.46572934973638, 
0.46572934973638, 0.46572934973638, 0.46572934973638, 0.46572934973638, 
0.46572934973638, 0.497363796133568, 0.497363796133568, 0.497363796133568, 
0.497363796133568, 0.497363796133568, 0.497363796133568, 0.497363796133568, 
0.497363796133568, 0.497363796133568, 0.497363796133568, 0.597539543057997, 
0.597539543057997, 0.597539543057997, 0.597539543057997, 0.597539543057997, 
0.597539543057997, 0.597539543057997, 0.597539543057997, 0.597539543057997, 
0.597539543057997, 0.565905096660808, 0.565905096660808, 0.565905096660808, 
0.565905096660808, 0.565905096660808, 0.565905096660808, 0.565905096660808, 
0.565905096660808, 0.565905096660808, 0.565905096660808, 0.53427065026362, 
0.53427065026362, 0.53427065026362, 0.53427065026362, 0.53427065026362, 
0.53427065026362, 0.53427065026362, 0.53427065026362, 0.53427065026362, 
0.53427065026362, 0.502636203866432, 0.502636203866432, 0.502636203866432, 
0.502636203866432, 0.502636203866432, 0.502636203866432, 0.502636203866432, 
0.502636203866432, 0.502636203866432, 0.502636203866432, 0.5, 
0.5, 0.5, 0.5, 0.5, 0.5, 0.5, 0.5, 0.5, 0.5, 0.5, 0.5, 0.5, 0.5, 
0.5, 0.5, 0.5, 0.5, 0.5, 0.5, 0.5, 0.5, 0.5, 0.5, 0.5, 0.5, 0.5, 
0.5, 0.5, 0.5, 0.5, 0.5, 0.5, 0.5, 0.5, 0.5, 0.5, 0.5, 0.5, 0.5, 
0.137941744660293, 0.137941744660293, 0.137941744660293, 0.137941744660293, 
0.137941744660293, 0.137941744660293, 0.137941744660293, 0.137941744660293, 
0.137941744660293, 0.137941744660293, 0.0932038815272251, 0.0932038815272251, 
0.0932038815272251, 0.0932038815272251, 0.0932038815272251, 0.0932038815272251, 
0.0932038815272251, 0.0932038815272251, 0.0932038815272251, 0.0932038815272251, 
0.048466018394157, 0.048466018394157, 0.048466018394157, 0.048466018394157, 
0.048466018394157, 0.048466018394157, 0.048466018394157, 0.048466018394157, 
0.048466018394157, 0.048466018394157, 0.00372815526108901, 0.00372815526108901, 
0.00372815526108901, 0.00372815526108901, 0.00372815526108901, 
0.00372815526108901, 0.00372815526108901, 0.00372815526108901, 
0.00372815526108901, 0.00372815526108901, 1.28782821139415, 1.2990685697178, 
1.31579756044992, 1.31218844944756, 1.28331679028259, 1.26557317575805, 
1.29987105583775, 1.28540316217169, 1.30876909022216, 1.31093487745252, 
1.34026231379321, 1.30011890414017, 1.30736308004551, 1.28098800472225, 
1.28054673666748, 1.31135212530788, 1.27574961637288, 1.31818166118533, 
1.30945858612568, 1.29215714471807, 1.29939043565764, 1.29027842394161, 
1.2971366770502, 1.327572372385, 1.34850144195648, 1.33755469385393, 
1.29973254102268, 1.29617589441544, 1.31207027213409, 1.30153063920356, 
1.33902338688651, 1.33110529812466, 1.29837081487032, 1.32600610892232, 
1.35031007960247, 1.33103840103997, 1.31881479184014, 1.35560376341865, 
1.28126035279451, 1.29784761476394, 1.28782821139415, 1.2990685697178, 
1.31579756044992, 1.31218844944756, 1.28331679028259, 1.26557317575805, 
1.29987105583775, 1.28540316217169, 1.30876909022216, 1.31093487745252, 
1.34026231379321, 1.30011890414017, 1.30736308004551, 1.28098800472225, 
1.28054673666748, 1.31135212530788, 1.27574961637288, 1.31818166118533, 
1.30945858612568, 1.29215714471807, 1.29939043565764, 1.29027842394161, 
1.2971366770502, 1.327572372385, 1.34850144195648, 1.33755469385393, 
1.29973254102268, 1.29617589441544, 1.31207027213409, 1.30153063920356, 
1.33902338688651, 1.33110529812466, 1.29837081487032, 1.32600610892232, 
1.35031007960247, 1.33103840103997, 1.31881479184014, 1.35560376341865, 
1.28126035279451, 1.29784761476394, 7.97351252033569, 8.0040876415564, 
8.07841959038926, 8.03927715366484, 7.96261867766264, 7.71716873299535, 
7.9854785091151, 7.99564071255043, 8.05457887880958, 8.0372890973656, 
8.67991056236183, 8.06785815971323, 8.10373700583035, 7.89679929149698, 
7.95768410734501, 8.32481690473947, 7.96177909838627, 8.36640974775845, 
8.55506883152042, 8.02462827907764, 8.0807668254391, 8.03490686274652, 
8.02703874873855, 8.72474613571886, 8.73327162202892, 8.7480085351936, 
8.07857657760185, 8.12307506180496, 8.08849412129582, 8.03621417430979, 
8.64987770202632, 8.61984040124448, 7.96432900669042, 8.13657160158026, 
8.8061709493067, 8.63774849851992, 8.17685793042118, 8.86918882112521, 
7.9616849725637, 7.787378164965, 7.97351252033569, 8.0040876415564, 
8.07841959038926, 8.03927715366484, 7.96261867766264, 7.71716873299535, 
7.9854785091151, 7.99564071255043, 8.05457887880958, 8.03728909736561, 
8.67991056236183, 8.06785815971323, 8.10373700583035, 7.89679929149698, 
7.95768410734501, 8.32481690473947, 7.96177909838627, 8.36640974775845, 
8.55506883152042, 8.02462827907764, 8.0807668254391, 8.03490686274652, 
8.02703874873855, 8.72474613571886, 8.73327162202892, 8.7480085351936, 
8.07857657760185, 8.12307506180496, 8.08849412129582, 8.03621417430978, 
8.64987770202632, 8.61984040124448, 7.96432900669041, 8.13657160158026, 
8.8061709493067, 8.63774849851992, 8.17685793042118, 8.86918882112521, 
7.9616849725637, 7.787378164965, 0.330169475037128, 0.328020020966102, 
0.324661982168246, 0.328025862672366, 0.327168809845637, 0.314782870494459, 
