tmp <-
structure(c(3, 3, 3, 3, 3, 3, 3, 3, 3, 3, 3, 3, 3, 3, 3, 3, 3, 
3, 3, 3, 3, 3, 3, 3, 3, 3, 3, 3, 3, 3, 3, 3, 3, 3, 3, 3, 3, 3, 
3, 3, 13, 13, 13, 13, 13, 13, 13, 13, 13, 13, 13, 13, 13, 13, 
13, 13, 13, 13, 13, 13, 13, 13, 13, 13, 13, 13, 13, 13, 13, 13, 
13, 13, 13, 13, 13, 13, 13, 13, 13, 13, 13, 13, 13, 13, 13, 13, 
13, 13, 13, 13, 13, 13, 13, 13, 13, 13, 13, 13, 13, 13, 13, 13, 
13, 13, 13, 13, 13, 13, 13, 13, 13, 13, 13, 13, 13, 13, 13, 13, 
13, 13, 0, 0, 0, 0, 0, 0, 0, 0, 0, 0, 0, 0, 0, 0, 0, 0, 0, 0, 
0, 0, 0, 0, 0, 0, 0, 0, 0, 0, 0, 0, 0, 0, 0, 0, 0, 0, 0, 0, 0, 
0, 178, 178, 178, 178, 178, 178, 178, 178, 178, 178, 178, 178, 
178, 178, 178, 178, 178, 178, 178, 178, 178, 178, 178, 178, 178, 
178, 178, 178, 178, 178, 178, 178, 178, 178, 178, 178, 178, 178, 
178, 178, 0.0730337078651685, 0.0730337078651685, 0.0730337078651685, 
0.0730337078651685, 0.0730337078651685, 0.0730337078651685, 0.0730337078651685, 
0.0730337078651685, 0.0730337078651685, 0.0730337078651685, 0.0730337078651685, 
0.0730337078651685, 0.0730337078651685, 0.0730337078651685, 0.0730337078651685, 
0.0730337078651685, 0.0730337078651685, 0.0730337078651685, 0.0730337078651685, 
0.0730337078651685, 0.0730337078651685, 0.0730337078651685, 0.0730337078651685, 
0.0730337078651685, 0.0730337078651685, 0.0730337078651685, 0.0730337078651685, 
0.0730337078651685, 0.0730337078651685, 0.0730337078651685, 0.0730337078651685, 
0.0730337078651685, 0.0730337078651685, 0.0730337078651685, 0.0730337078651685, 
0.0730337078651685, 0.0730337078651685, 0.0730337078651685, 0.0730337078651685, 
0.0730337078651685, 1, 1, 1, 1, 1, 1, 1, 1, 1, 1, 1, 1, 1, 1, 
1, 1, 1, 1, 1, 1, 1, 1, 1, 1, 1, 1, 1, 1, 1, 1, 1, 1, 1, 1, 1, 
1, 1, 1, 1, 1, 0, 0, 0, 0, 0, 0, 0, 0, 0, 0, 0, 0, 0, 0, 0, 0, 
0, 0, 0, 0, 0, 0, 0, 0, 0, 0, 0, 0, 0, 0, 0, 0, 0, 0, 0, 0, 0, 
0, 0, 0, 3, 3, 3, 3, 3, 3, 3, 3, 3, 3, 3, 3, 3, 3, 3, 3, 3, 3, 
3, 3, 3, 3, 3, 3, 3, 3, 3, 3, 3, 3, 3, 3, 3, 3, 3, 3, 3, 3, 3, 
3, 3, 3, 3, 3, 3, 3, 3, 3, 3, 3, 3, 3, 3, 3, 3, 3, 3, 3, 3, 3, 
3, 3, 3, 3, 3, 3, 3, 3, 3, 3, 3, 3, 3, 3, 3, 3, 3, 3, 3, 3, 3, 
3, 3, 3, 3, 3, 3, 3, 3, 3, 3, 3, 3, 3, 3, 3, 3, 3, 3, 3, 3, 3, 
3, 3, 3, 3, 3, 3, 3, 3, 3, 3, 3, 3, 3, 3, 3, 3, 3, 3, 0, 0, 0, 
0, 0, 0, 0, 0, 0, 0, 0, 0, 0, 0, 0, 0, 0, 0, 0, 0, 0, 0, 0, 0, 
0, 0, 0, 0, 0, 0, 0, 0, 0, 0, 0, 0, 0, 0, 0, 0, 3, 3, 3, 3, 3, 
3, 3, 3, 3, 3, 3, 3, 3, 3, 3, 3, 3, 3, 3, 3, 3, 3, 3, 3, 3, 3, 
3, 3, 3, 3, 3, 3, 3, 3, 3, 3, 3, 3, 3, 3, 0.269662921348315, 
0.269662921348315, 0.269662921348315, 0.269662921348315, 0.269662921348315, 
0.269662921348315, 0.269662921348315, 0.269662921348315, 0.269662921348315, 
0.269662921348315, 0.269662921348315, 0.269662921348315, 0.269662921348315, 
0.269662921348315, 0.269662921348315, 0.269662921348315, 0.269662921348315, 
0.269662921348315, 0.269662921348315, 0.269662921348315, 0.269662921348315, 
0.269662921348315, 0.269662921348315, 0.269662921348315, 0.269662921348315, 
0.269662921348315, 0.269662921348315, 0.269662921348315, 0.269662921348315, 
0.269662921348315, 0.269662921348315, 0.269662921348315, 0.269662921348315, 
0.269662921348315, 0.269662921348315, 0.269662921348315, 0.269662921348315, 
0.269662921348315, 0.269662921348315, 0.269662921348315, 0.382022471910112, 
0.382022471910112, 0.382022471910112, 0.382022471910112, 0.382022471910112, 
0.382022471910112, 0.382022471910112, 0.382022471910112, 0.382022471910112, 
0.382022471910112, 0.370786516853933, 0.370786516853933, 0.370786516853933, 
0.370786516853933, 0.370786516853933, 0.370786516853933, 0.370786516853933, 
0.370786516853933, 0.370786516853933, 0.370786516853933, 0.387640449438202, 
0.387640449438202, 0.387640449438202, 0.387640449438202, 0.387640449438202, 
0.387640449438202, 0.387640449438202, 0.387640449438202, 0.387640449438202, 
0.387640449438202, 0.410112359550562, 0.410112359550562, 0.410112359550562, 
0.410112359550562, 0.410112359550562, 0.410112359550562, 0.410112359550562, 
0.410112359550562, 0.410112359550562, 0.410112359550562, 0.333333333333333, 
0.333333333333333, 0.333333333333333, 0.333333333333333, 0.333333333333333, 
0.333333333333333, 0.333333333333333, 0.333333333333333, 0.333333333333333, 
0.333333333333333, 0.333333333333333, 0.333333333333333, 0.333333333333333, 
0.333333333333333, 0.333333333333333, 0.333333333333333, 0.333333333333333, 
0.333333333333333, 0.333333333333333, 0.333333333333333, 0.333333333333333, 
0.333333333333333, 0.333333333333333, 0.333333333333333, 0.333333333333333, 
0.333333333333333, 0.333333333333333, 0.333333333333333, 0.333333333333333, 
0.333333333333333, 0.333333333333333, 0.333333333333333, 0.333333333333333, 
0.333333333333333, 0.333333333333333, 0.333333333333333, 0.333333333333333, 
0.333333333333333, 0.333333333333333, 0.333333333333333, 0.0576584431398526, 
0.0576584431398526, 0.0576584431398526, 0.0576584431398526, 0.0576584431398526, 
0.0576584431398526, 0.0576584431398526, 0.0576584431398526, 0.0576584431398526, 
0.0576584431398526, 0.0554256501383848, 0.0554256501383848, 0.0554256501383848, 
0.0554256501383848, 0.0554256501383848, 0.0554256501383848, 0.0554256501383848, 
0.0554256501383848, 0.0554256501383848, 0.0554256501383848, 0.0595434947400174, 
0.0595434947400174, 0.0595434947400174, 0.0595434947400174, 0.0595434947400174, 
0.0595434947400174, 0.0595434947400174, 0.0595434947400174, 0.0595434947400174, 
0.0595434947400174, 0.071136404169373, 0.071136404169373, 0.071136404169373, 
0.071136404169373, 0.071136404169373, 0.071136404169373, 0.071136404169373, 
0.071136404169373, 0.071136404169373, 0.071136404169373, 0.629215940259408, 
0.661985784472794, 0.60438860616135, 0.608762625268354, 0.618993297341345, 
0.650610975170956, 0.626334247802469, 0.626836393432144, 0.608835686455187, 
0.62334418315052, 0.672592317678117, 0.606610156117558, 0.615179617090579, 
0.660096470105347, 0.635778656925329, 0.654610967867721, 0.635610480267516, 
0.655029259837588, 0.61962743673788, 0.640052394879311, 0.593624581362515, 
0.652388201529204, 0.59193343059524, 0.63957108097057, 0.67033025355127, 
0.622852688090707, 0.607623208787159, 0.659355410566393, 0.624211527222348, 
0.618532475998853, 0.624870010150344, 0.611477550489243, 0.589554767869823, 
0.676558760569995, 0.660911985519404, 0.672867794082998, 0.666710196364166, 
0.666281715025994, 0.619246061669166, 0.646860978795961, 0.629215940259408, 
0.661985784472795, 0.60438860616135, 0.608762625268354, 0.618993297341345, 
0.650610975170957, 0.626334247802469, 0.626836393432144, 0.608835686455187, 
0.62334418315052, 0.672592317678116, 0.606610156117558, 0.61517961709058, 
0.660096470105347, 0.635778656925329, 0.654610967867721, 0.635610480267516, 
0.655029259837589, 0.61962743673788, 0.640052394879312, 0.593624581362515, 
0.652388201529205, 0.591933430595241, 0.63957108097057, 0.67033025355127, 
0.622852688090707, 0.60762320878716, 0.659355410566393, 0.624211527222349, 
0.618532475998853, 0.624870010150344, 0.611477550489243, 0.589554767869823, 
0.676558760569995, 0.660911985519404, 0.672867794082999, 0.666710196364166, 
0.666281715025995, 0.619246061669166, 0.646860978795961, 3.60230368817872, 
3.77737634923661, 3.52545206796852, 3.55669683492839, 3.47459520121361, 
3.67726007200567, 3.47245149026639, 3.63578090210019, 3.58683100796568, 
3.59536083285816, 3.80154273896513, 3.53477078456153, 3.59522878287533, 
3.61807917390133, 3.50861337305492, 3.68388505243829, 3.61451281855228, 
3.6957038498652, 3.5571119642486, 3.61949007612258, 3.39828872635205, 
3.63094288675057, 3.43178591880173, 3.63274280856149, 3.69423463002608, 
3.51087025004721, 3.62263421073123, 3.71134695203191, 3.50112614427702, 
3.52479771522851, 3.53032618062165, 3.46716396619785, 3.43236227930892, 
3.69617666943933, 3.60004026981949, 3.71980428310767, 3.67812334386958, 
3.64813997052132, 3.55574519297609, 3.5827143012078, 3.60230368817872, 
3.77737634923661, 3.52545206796852, 3.55669683492839, 3.47459520121361, 
3.67726007200567, 3.47245149026639, 3.63578090210019, 3.58683100796568, 
