tmp <-
structure(c(6, 6, 6, 6, 6, 6, 6, 6, 6, 6, 6, 6, 6, 6, 6, 6, 6, 
6, 6, 6, 6, 6, 6, 6, 6, 6, 6, 6, 6, 6, 6, 6, 6, 6, 6, 6, 6, 6, 
6, 6, 11, 11, 11, 11, 11, 11, 11, 11, 11, 11, 11, 11, 11, 11, 
11, 11, 11, 11, 11, 11, 11, 11, 11, 11, 11, 11, 11, 11, 11, 11, 
11, 11, 11, 11, 11, 11, 11, 11, 11, 11, 11, 11, 11, 11, 11, 11, 
11, 11, 11, 11, 11, 11, 11, 11, 11, 11, 11, 11, 11, 11, 11, 11, 
11, 11, 11, 11, 11, 11, 11, 11, 11, 11, 11, 11, 11, 11, 11, 11, 
11, 11, 0, 0, 0, 0, 0, 0, 0, 0, 0, 0, 0, 0, 0, 0, 0, 0, 0, 0, 
0, 0, 0, 0, 0, 0, 0, 0, 0, 0, 0, 0, 0, 0, 0, 0, 0, 0, 0, 0, 0, 
0, 6492, 6492, 6492, 6492, 6492, 6492, 6492, 6492, 6492, 6492, 
6492, 6492, 6492, 6492, 6492, 6492, 6492, 6492, 6492, 6492, 6492, 
6492, 6492, 6492, 6492, 6492, 6492, 6492, 6492, 6492, 6492, 6492, 
6492, 6492, 6492, 6492, 6492, 6492, 6492, 6492, 0.00169439309919901, 
0.00169439309919901, 0.00169439309919901, 0.00169439309919901, 
0.00169439309919901, 0.00169439309919901, 0.00169439309919901, 
0.00169439309919901, 0.00169439309919901, 0.00169439309919901, 
0.00169439309919901, 0.00169439309919901, 0.00169439309919901, 
0.00169439309919901, 0.00169439309919901, 0.00169439309919901, 
0.00169439309919901, 0.00169439309919901, 0.00169439309919901, 
0.00169439309919901, 0.00169439309919901, 0.00169439309919901, 
0.00169439309919901, 0.00169439309919901, 0.00169439309919901, 
0.00169439309919901, 0.00169439309919901, 0.00169439309919901, 
0.00169439309919901, 0.00169439309919901, 0.00169439309919901, 
0.00169439309919901, 0.00169439309919901, 0.00169439309919901, 
0.00169439309919901, 0.00169439309919901, 0.00169439309919901, 
0.00169439309919901, 0.00169439309919901, 0.00169439309919901, 
1, 1, 1, 1, 1, 1, 1, 1, 1, 1, 1, 1, 1, 1, 1, 1, 1, 1, 1, 1, 1, 
1, 1, 1, 1, 1, 1, 1, 1, 1, 1, 1, 1, 1, 1, 1, 1, 1, 1, 1, 0, 0, 
0, 0, 0, 0, 0, 0, 0, 0, 0, 0, 0, 0, 0, 0, 0, 0, 0, 0, 0, 0, 0, 
0, 0, 0, 0, 0, 0, 0, 0, 0, 0, 0, 0, 0, 0, 0, 0, 0, 6, 6, 6, 6, 
6, 6, 6, 6, 6, 6, 6, 6, 6, 6, 6, 6, 6, 6, 6, 6, 6, 6, 6, 6, 6, 
6, 6, 6, 6, 6, 6, 6, 6, 6, 6, 6, 6, 6, 6, 6, 6, 6, 6, 6, 6, 6, 
6, 6, 6, 6, 6, 6, 6, 6, 6, 6, 6, 6, 6, 6, 6, 6, 6, 6, 6, 6, 6, 
6, 6, 6, 6, 6, 6, 6, 6, 6, 6, 6, 6, 6, 6, 6, 6, 6, 6, 6, 6, 6, 
6, 6, 6, 6, 6, 6, 6, 6, 6, 6, 6, 6, 6, 6, 6, 6, 6, 6, 6, 6, 6, 
6, 6, 6, 6, 6, 6, 6, 6, 6, 6, 6, 0, 0, 0, 0, 0, 0, 0, 0, 0, 0, 
0, 0, 0, 0, 0, 0, 0, 0, 0, 0, 0, 0, 0, 0, 0, 0, 0, 0, 0, 0, 0, 
0, 0, 0, 0, 0, 0, 0, 0, 0, 6, 6, 6, 6, 6, 6, 6, 6, 6, 6, 6, 6, 
6, 6, 6, 6, 6, 6, 6, 6, 6, 6, 6, 6, 6, 6, 6, 6, 6, 6, 6, 6, 6, 
6, 6, 6, 6, 6, 6, 6, 0.00462107208872458, 0.00462107208872458, 
0.00462107208872458, 0.00462107208872458, 0.00462107208872458, 
0.00462107208872458, 0.00462107208872458, 0.00462107208872458, 
0.00462107208872458, 0.00462107208872458, 0.00462107208872458, 
0.00462107208872458, 0.00462107208872458, 0.00462107208872458, 
0.00462107208872458, 0.00462107208872458, 0.00462107208872458, 
0.00462107208872458, 0.00462107208872458, 0.00462107208872458, 
0.00462107208872458, 0.00462107208872458, 0.00462107208872458, 
0.00462107208872458, 0.00462107208872458, 0.00462107208872458, 
0.00462107208872458, 0.00462107208872458, 0.00462107208872458, 
0.00462107208872458, 0.00462107208872458, 0.00462107208872458, 
0.00462107208872458, 0.00462107208872458, 0.00462107208872458, 
0.00462107208872458, 0.00462107208872458, 0.00462107208872458, 
0.00462107208872458, 0.00462107208872458, 0.415126309303758, 
0.415126309303758, 0.415126309303758, 0.415126309303758, 0.415126309303758, 
0.415126309303758, 0.415126309303758, 0.415126309303758, 0.415126309303758, 
0.415126309303758, 0.393253234750462, 0.393253234750462, 0.393253234750462, 
0.393253234750462, 0.393253234750462, 0.393253234750462, 0.393253234750462, 
0.393253234750462, 0.393253234750462, 0.393253234750462, 0.39479359211337, 
0.39479359211337, 0.39479359211337, 0.39479359211337, 0.39479359211337, 
0.39479359211337, 0.39479359211337, 0.39479359211337, 0.39479359211337, 
0.39479359211337, 0.416666666666667, 0.416666666666667, 0.416666666666667, 
0.416666666666667, 0.416666666666667, 0.416666666666667, 0.416666666666667, 
0.416666666666667, 0.416666666666667, 0.416666666666667, 0.166666666666667, 
0.166666666666667, 0.166666666666667, 0.166666666666667, 0.166666666666667, 
0.166666666666667, 0.166666666666667, 0.166666666666667, 0.166666666666667, 
0.166666666666667, 0.166666666666667, 0.166666666666667, 0.166666666666667, 
0.166666666666667, 0.166666666666667, 0.166666666666667, 0.166666666666667, 
0.166666666666667, 0.166666666666667, 0.166666666666667, 0.166666666666667, 
0.166666666666667, 0.166666666666667, 0.166666666666667, 0.166666666666667, 
0.166666666666667, 0.166666666666667, 0.166666666666667, 0.166666666666667, 
0.166666666666667, 0.166666666666667, 0.166666666666667, 0.166666666666667, 
0.166666666666667, 0.166666666666667, 0.166666666666667, 0.166666666666667, 
0.166666666666667, 0.166666666666667, 0.166666666666667, 0.178063818758177, 
0.178063818758177, 0.178063818758177, 0.178063818758177, 0.178063818758177, 
0.178063818758177, 0.178063818758177, 0.178063818758177, 0.178063818758177, 
0.178063818758177, 0.177023883640001, 0.177023883640001, 0.177023883640001, 
0.177023883640001, 0.177023883640001, 0.177023883640001, 0.177023883640001, 
0.177023883640001, 0.177023883640001, 0.177023883640001, 0.177061944865529, 
0.177061944865529, 0.177061944865529, 0.177061944865529, 0.177061944865529, 
0.177061944865529, 0.177061944865529, 0.177061944865529, 0.177061944865529, 
0.177061944865529, 0.178177311609728, 0.178177311609728, 0.178177311609728, 
0.178177311609728, 0.178177311609728, 0.178177311609728, 0.178177311609728, 
0.178177311609728, 0.178177311609728, 0.178177311609728, 1.2399365897757, 
1.238956920091, 1.23698244935985, 1.24491324484729, 1.23908682783614, 
1.23805942222608, 1.24186577797779, 1.23607923858042, 1.2397214972539, 
1.24158754192153, 1.24147762628734, 1.24108487892657, 1.24313408761134, 
1.24085114252945, 1.24306915046876, 1.23631984198981, 1.24248683138262, 
1.24239653666553, 1.23987745553393, 1.23852154354524, 1.24149317115935, 
1.24091934878196, 1.24283770639704, 1.24073707748997, 1.23815075881723, 
1.23820805429177, 1.23838478754373, 1.24216053914776, 1.23594017015999, 
1.24188894882609, 1.2443577859642, 1.2362498642893, 1.24220278759956, 
1.23495685044401, 1.22945489228017, 1.23092455596391, 1.24166831757442, 
1.23689152011943, 1.24478359556153, 1.23871428132876, 1.2399365897757, 
1.238956920091, 1.23698244935985, 1.2449132448473, 1.23908682783614, 
1.23805942222608, 1.24186577797779, 1.23607923858042, 1.2397214972539, 
1.24158754192153, 1.24147762628734, 1.24108487892657, 1.24313408761134, 
1.24085114252945, 1.24306915046876, 1.23631984198981, 1.24248683138262, 
1.24239653666553, 1.23987745553393, 1.23852154354524, 1.24149317115936, 
1.24091934878196, 1.24283770639704, 1.24073707748997, 1.23815075881723, 
1.23820805429177, 1.23838478754373, 1.24216053914777, 1.23594017015999, 
1.2418889488261, 1.2443577859642, 1.2362498642893, 1.24220278759956, 
1.23495685044401, 1.22945489228018, 1.23092455596391, 1.24166831757442, 
1.23689152011943, 1.24478359556153, 1.23871428132876, 8.45613704107135, 
8.47479082648511, 8.40655761925375, 8.64604106849509, 8.4526571491472, 
8.44281001991373, 8.46919508720213, 8.42008306481662, 8.46595773988604, 
8.47408567371102, 8.49824511013808, 8.47320486562657, 8.5025857428928, 
8.48064538251949, 8.4904582361327, 8.52461880071708, 8.48678358140594, 
8.49429811206026, 8.47161963941364, 8.42708044130019, 8.49618767465283, 
8.48131587613206, 8.51283463381458, 8.46732583795036, 8.45265874357711, 
8.57838485899885, 8.46127948703963, 8.51450744788991, 8.44798062346634, 
8.52110434161382, 8.54468196450392, 8.53294073249308, 8.51546269278435, 
8.46405548722876, 8.32843934329034, 8.36713465895366, 8.529241832692, 
8.46749609186038, 8.56492321139899, 8.58367964339479, 8.45613704107135, 
8.47479082648511, 8.40655761925375, 8.64604106849509, 8.4526571491472, 
