tmp <-
structure(c(9, 9, 9, 9, 9, 9, 9, 9, 9, 9, 9, 9, 9, 9, 9, 9, 9, 
9, 9, 9, 9, 9, 9, 9, 9, 9, 9, 9, 9, 9, 9, 9, 9, 9, 9, 9, 9, 9, 
9, 9, 8, 8, 8, 8, 8, 8, 8, 8, 8, 8, 8, 8, 8, 8, 8, 8, 8, 8, 8, 
8, 8, 8, 8, 8, 8, 8, 8, 8, 8, 8, 8, 8, 8, 8, 8, 8, 8, 8, 8, 8, 
8, 8, 8, 8, 8, 8, 8, 8, 8, 8, 8, 8, 8, 8, 8, 8, 8, 8, 8, 8, 8, 
8, 8, 8, 8, 8, 8, 8, 8, 8, 8, 8, 8, 8, 8, 8, 8, 8, 8, 8, 0, 0, 
0, 0, 0, 0, 0, 0, 0, 0, 0, 0, 0, 0, 0, 0, 0, 0, 0, 0, 0, 0, 0, 
0, 0, 0, 0, 0, 0, 0, 0, 0, 0, 0, 0, 0, 0, 0, 0, 0, 1479, 1479, 
1479, 1479, 1479, 1479, 1479, 1479, 1479, 1479, 1479, 1479, 1479, 
1479, 1479, 1479, 1479, 1479, 1479, 1479, 1479, 1479, 1479, 1479, 
1479, 1479, 1479, 1479, 1479, 1479, 1479, 1479, 1479, 1479, 1479, 
1479, 1479, 1479, 1479, 1479, 0.00540906017579446, 0.00540906017579446, 
0.00540906017579446, 0.00540906017579446, 0.00540906017579446, 
0.00540906017579446, 0.00540906017579446, 0.00540906017579446, 
0.00540906017579446, 0.00540906017579446, 0.00540906017579446, 
0.00540906017579446, 0.00540906017579446, 0.00540906017579446, 
0.00540906017579446, 0.00540906017579446, 0.00540906017579446, 
0.00540906017579446, 0.00540906017579446, 0.00540906017579446, 
0.00540906017579446, 0.00540906017579446, 0.00540906017579446, 
0.00540906017579446, 0.00540906017579446, 0.00540906017579446, 
0.00540906017579446, 0.00540906017579446, 0.00540906017579446, 
0.00540906017579446, 0.00540906017579446, 0.00540906017579446, 
0.00540906017579446, 0.00540906017579446, 0.00540906017579446, 
0.00540906017579446, 0.00540906017579446, 0.00540906017579446, 
0.00540906017579446, 0.00540906017579446, 1, 1, 1, 1, 1, 1, 1, 
1, 1, 1, 1, 1, 1, 1, 1, 1, 1, 1, 1, 1, 1, 1, 1, 1, 1, 1, 1, 1, 
1, 1, 1, 1, 1, 1, 1, 1, 1, 1, 1, 1, 0, 0, 0, 0, 0, 0, 0, 0, 0, 
0, 0, 0, 0, 0, 0, 0, 0, 0, 0, 0, 0, 0, 0, 0, 0, 0, 0, 0, 0, 0, 
0, 0, 0, 0, 0, 0, 0, 0, 0, 0, 9, 9, 9, 9, 9, 9, 9, 9, 9, 9, 9, 
9, 9, 9, 9, 9, 9, 9, 9, 9, 9, 9, 9, 9, 9, 9, 9, 9, 9, 9, 9, 9, 
9, 9, 9, 9, 9, 9, 9, 9, 9, 9, 9, 9, 9, 9, 9, 9, 9, 9, 9, 9, 9, 
9, 9, 9, 9, 9, 9, 9, 9, 9, 9, 9, 9, 9, 9, 9, 9, 9, 9, 9, 9, 9, 
9, 9, 9, 9, 9, 9, 9, 9, 9, 9, 9, 9, 9, 9, 9, 9, 9, 9, 9, 9, 9, 
9, 9, 9, 9, 9, 9, 9, 9, 9, 9, 9, 9, 9, 9, 9, 9, 9, 9, 9, 9, 9, 
9, 9, 9, 9, 0, 0, 0, 0, 0, 0, 0, 0, 0, 0, 0, 0, 0, 0, 0, 0, 0, 
0, 0, 0, 0, 0, 0, 0, 0, 0, 0, 0, 0, 0, 0, 0, 0, 0, 0, 0, 0, 0, 
0, 0, 9, 9, 9, 9, 9, 9, 9, 9, 9, 9, 9, 9, 9, 9, 9, 9, 9, 9, 9, 
9, 9, 9, 9, 9, 9, 9, 9, 9, 9, 9, 9, 9, 9, 9, 9, 9, 9, 9, 9, 9, 
0.0135226504394861, 0.0135226504394861, 0.0135226504394861, 0.0135226504394861, 
0.0135226504394861, 0.0135226504394861, 0.0135226504394861, 0.0135226504394861, 
0.0135226504394861, 0.0135226504394861, 0.0135226504394861, 0.0135226504394861, 
0.0135226504394861, 0.0135226504394861, 0.0135226504394861, 0.0135226504394861, 
0.0135226504394861, 0.0135226504394861, 0.0135226504394861, 0.0135226504394861, 
0.0135226504394861, 0.0135226504394861, 0.0135226504394861, 0.0135226504394861, 
0.0135226504394861, 0.0135226504394861, 0.0135226504394861, 0.0135226504394861, 
0.0135226504394861, 0.0135226504394861, 0.0135226504394861, 0.0135226504394861, 
0.0135226504394861, 0.0135226504394861, 0.0135226504394861, 0.0135226504394861, 
0.0135226504394861, 0.0135226504394861, 0.0135226504394861, 0.0135226504394861, 
0.305611899932387, 0.305611899932387, 0.305611899932387, 0.305611899932387, 
0.305611899932387, 0.305611899932387, 0.305611899932387, 0.305611899932387, 
0.305611899932387, 0.305611899932387, 0.321162947937796, 0.321162947937796, 
0.321162947937796, 0.321162947937796, 0.321162947937796, 0.321162947937796, 
0.321162947937796, 0.321162947937796, 0.321162947937796, 0.321162947937796, 
0.336713995943205, 0.336713995943205, 0.336713995943205, 0.336713995943205, 
0.336713995943205, 0.336713995943205, 0.336713995943205, 0.336713995943205, 
0.336713995943205, 0.336713995943205, 0.352265043948614, 0.352265043948614, 
0.352265043948614, 0.352265043948614, 0.352265043948614, 0.352265043948614, 
0.352265043948614, 0.352265043948614, 0.352265043948614, 0.352265043948614, 
0.111111111111111, 0.111111111111111, 0.111111111111111, 0.111111111111111, 
0.111111111111111, 0.111111111111111, 0.111111111111111, 0.111111111111111, 
0.111111111111111, 0.111111111111111, 0.111111111111111, 0.111111111111111, 
0.111111111111111, 0.111111111111111, 0.111111111111111, 0.111111111111111, 
0.111111111111111, 0.111111111111111, 0.111111111111111, 0.111111111111111, 
0.111111111111111, 0.111111111111111, 0.111111111111111, 0.111111111111111, 
0.111111111111111, 0.111111111111111, 0.111111111111111, 0.111111111111111, 
0.111111111111111, 0.111111111111111, 0.111111111111111, 0.111111111111111, 
0.111111111111111, 0.111111111111111, 0.111111111111111, 0.111111111111111, 
0.111111111111111, 0.111111111111111, 0.111111111111111, 0.111111111111111, 
0.119050695009212, 0.119050695009212, 0.119050695009212, 0.119050695009212, 
0.119050695009212, 0.119050695009212, 0.119050695009212, 0.119050695009212, 
0.119050695009212, 0.119050695009212, 0.119436470408392, 0.119436470408392, 
0.119436470408392, 0.119436470408392, 0.119436470408392, 0.119436470408392, 
0.119436470408392, 0.119436470408392, 0.119436470408392, 0.119436470408392, 
0.120324521574309, 0.120324521574309, 0.120324521574309, 0.120324521574309, 
0.120324521574309, 0.120324521574309, 0.120324521574309, 0.120324521574309, 
0.120324521574309, 0.120324521574309, 0.121703853955375, 0.121703853955375, 
0.121703853955375, 0.121703853955375, 0.121703853955375, 0.121703853955375, 
0.121703853955375, 0.121703853955375, 0.121703853955375, 0.121703853955375, 
2.03687918302552, 2.03589162687765, 2.04017700966377, 2.03712154801862, 
2.03667757520614, 2.03702007274539, 2.03786338238874, 2.03386080827721, 
2.03285023005999, 2.03697014235009, 2.03100137295091, 2.02858610033626, 
2.04466272048962, 2.03082319368291, 2.04746300719966, 2.03100138196222, 
2.03180221704883, 2.02625704438217, 2.02875750687918, 2.02416755140922, 
2.01929092452701, 2.04882709439972, 2.0187652906193, 2.01849814111841, 
2.02780411236099, 2.01659901598986, 2.01612566441343, 2.02615923868495, 
2.05710395967423, 2.01707708812213, 2.01968302741693, 2.00689299060352, 
2.15879425521752, 1.86195878553092, 2.00650725549864, 2.00897758909728, 
2.06405526787825, 2.05792184202598, 2.00796266009183, 2.05949510650385, 
2.03687918302552, 2.03589162687765, 2.04017700966376, 2.03712154801862, 
2.03667757520614, 2.03702007274539, 2.03786338238874, 2.03386080827721, 
2.03285023005999, 2.03697014235009, 2.03100137295091, 2.02858610033626, 
2.04466272048962, 2.03082319368291, 2.04746300719966, 2.03100138196222, 
2.03180221704883, 2.02625704438217, 2.02875750687918, 2.02416755140922, 
2.01929092452701, 2.04882709439972, 2.0187652906193, 2.01849814111841, 
2.02780411236099, 2.01659901598986, 2.01612566441343, 2.02615923868495, 
2.05710395967423, 2.01707708812213, 2.01968302741693, 2.00689299060352, 
2.15879425521752, 1.86195878553092, 2.00650725549864, 2.00897758909728, 
2.06405526787825, 2.05792184202598, 2.00796266009183, 2.05949510650385, 
19.8574266213764, 19.8211891019296, 19.8720216468078, 19.8391477785625, 
19.8249844604662, 19.838010273129, 19.8249164103, 19.7732004398983, 
19.7391631436926, 19.8180323674966, 19.5371794398446, 19.5553213894799, 
19.9990424700046, 19.5860247254283, 20.0242903830554, 19.5396001400845, 
19.5433282740348, 19.3938830368858, 19.5433414880427, 19.3946287883963, 
19.2757391112553, 20.5383746559293, 19.2589867647055, 19.2453061719406, 
19.3174265299173, 19.1114368623425, 19.0877347790213, 19.3308194918136, 
20.6296198484235, 19.061043337912, 19.170057027233, 18.7401734090469, 
24.1514437490209, 16.9809162179718, 18.7219480512032, 18.7669764110806, 
21.0059338683183, 20.943128059361, 18.7546513001467, 20.9232490848159, 
19.8574266213764, 19.8211891019296, 19.8720216468078, 19.8391477785625, 
19.8249844604662, 19.838010273129, 19.8249164103, 19.7732004398983, 
19.7391631436926, 19.8180323674966, 19.5371794398446, 19.5553213894799, 
