tmp <-
structure(c(4, 4, 4, 4, 4, 4, 4, 4, 4, 4, 4, 4, 4, 4, 4, 4, 4, 
4, 4, 4, 4, 4, 4, 4, 4, 4, 4, 4, 4, 4, 4, 4, 4, 4, 4, 4, 4, 4, 
4, 4, 16, 16, 16, 16, 16, 16, 16, 16, 16, 16, 16, 16, 16, 16, 
16, 16, 16, 16, 16, 16, 16, 16, 16, 16, 16, 16, 16, 16, 16, 16, 
16, 16, 16, 16, 16, 16, 16, 16, 16, 16, 1, 1, 1, 1, 1, 1, 1, 
1, 1, 1, 1, 1, 1, 1, 1, 1, 1, 1, 1, 1, 1, 1, 1, 1, 1, 1, 1, 1, 
1, 1, 1, 1, 1, 1, 1, 1, 1, 1, 1, 1, 15, 15, 15, 15, 15, 15, 15, 
15, 15, 15, 15, 15, 15, 15, 15, 15, 15, 15, 15, 15, 15, 15, 15, 
15, 15, 15, 15, 15, 15, 15, 15, 15, 15, 15, 15, 15, 15, 15, 15, 
15, 84, 84, 84, 84, 84, 84, 84, 84, 84, 84, 84, 84, 84, 84, 84, 
84, 84, 84, 84, 84, 84, 84, 84, 84, 84, 84, 84, 84, 84, 84, 84, 
84, 84, 84, 84, 84, 84, 84, 84, 84, 0.19047619047619, 0.19047619047619, 
0.19047619047619, 0.19047619047619, 0.19047619047619, 0.19047619047619, 
0.19047619047619, 0.19047619047619, 0.19047619047619, 0.19047619047619, 
0.19047619047619, 0.19047619047619, 0.19047619047619, 0.19047619047619, 
0.19047619047619, 0.19047619047619, 0.19047619047619, 0.19047619047619, 
0.19047619047619, 0.19047619047619, 0.19047619047619, 0.19047619047619, 
0.19047619047619, 0.19047619047619, 0.19047619047619, 0.19047619047619, 
0.19047619047619, 0.19047619047619, 0.19047619047619, 0.19047619047619, 
0.19047619047619, 0.19047619047619, 0.19047619047619, 0.19047619047619, 
0.19047619047619, 0.19047619047619, 0.19047619047619, 0.19047619047619, 
0.19047619047619, 0.19047619047619, 0.0625, 0.0625, 0.0625, 0.0625, 
0.0625, 0.0625, 0.0625, 0.0625, 0.0625, 0.0625, 0.0625, 0.0625, 
0.0625, 0.0625, 0.0625, 0.0625, 0.0625, 0.0625, 0.0625, 0.0625, 
0.0625, 0.0625, 0.0625, 0.0625, 0.0625, 0.0625, 0.0625, 0.0625, 
0.0625, 0.0625, 0.0625, 0.0625, 0.0625, 0.0625, 0.0625, 0.0625, 
0.0625, 0.0625, 0.0625, 0.0625, 0.9375, 0.9375, 0.9375, 0.9375, 
0.9375, 0.9375, 0.9375, 0.9375, 0.9375, 0.9375, 0.9375, 0.9375, 
0.9375, 0.9375, 0.9375, 0.9375, 0.9375, 0.9375, 0.9375, 0.9375, 
0.9375, 0.9375, 0.9375, 0.9375, 0.9375, 0.9375, 0.9375, 0.9375, 
0.9375, 0.9375, 0.9375, 0.9375, 0.9375, 0.9375, 0.9375, 0.9375, 
0.9375, 0.9375, 0.9375, 0.9375, 2, 2, 2, 2, 2, 2, 2, 2, 2, 2, 
2, 2, 2, 2, 2, 2, 2, 2, 2, 2, 2, 2, 2, 2, 2, 2, 2, 2, 2, 2, 2, 
2, 2, 2, 2, 2, 2, 2, 2, 2, 4, 4, 4, 4, 4, 4, 4, 4, 4, 4, 4, 4, 
4, 4, 4, 4, 4, 4, 4, 4, 4, 4, 4, 4, 4, 4, 4, 4, 4, 4, 4, 4, 4, 
4, 4, 4, 4, 4, 4, 4, 2.125, 2.125, 2.125, 2.125, 2.125, 2.125, 
2.125, 2.125, 2.125, 2.125, 2.125, 2.125, 2.125, 2.125, 2.125, 
2.125, 2.125, 2.125, 2.125, 2.125, 2.125, 2.125, 2.125, 2.125, 
2.125, 2.125, 2.125, 2.125, 2.125, 2.125, 2.125, 2.125, 2.125, 
2.125, 2.125, 2.125, 2.125, 2.125, 2.125, 2.125, 0.5, 0.5, 0.5, 
0.5, 0.5, 0.5, 0.5, 0.5, 0.5, 0.5, 0.5, 0.5, 0.5, 0.5, 0.5, 0.5, 
0.5, 0.5, 0.5, 0.5, 0.5, 0.5, 0.5, 0.5, 0.5, 0.5, 0.5, 0.5, 0.5, 
0.5, 0.5, 0.5, 0.5, 0.5, 0.5, 0.5, 0.5, 0.5, 0.5, 0.5, 34, 34, 
34, 34, 34, 34, 34, 34, 34, 34, 34, 34, 34, 34, 34, 34, 34, 34, 
34, 34, 34, 34, 34, 34, 34, 34, 34, 34, 34, 34, 34, 34, 34, 34, 
34, 34, 34, 34, 34, 34, 0.119047619047619, 0.119047619047619, 
0.119047619047619, 0.119047619047619, 0.119047619047619, 0.119047619047619, 
0.119047619047619, 0.119047619047619, 0.119047619047619, 0.119047619047619, 
0.119047619047619, 0.119047619047619, 0.119047619047619, 0.119047619047619, 
0.119047619047619, 0.119047619047619, 0.119047619047619, 0.119047619047619, 
0.119047619047619, 0.119047619047619, 0.119047619047619, 0.119047619047619, 
0.119047619047619, 0.119047619047619, 0.119047619047619, 0.119047619047619, 
0.119047619047619, 0.119047619047619, 0.119047619047619, 0.119047619047619, 
0.119047619047619, 0.119047619047619, 0.119047619047619, 0.119047619047619, 
0.119047619047619, 0.119047619047619, 0.119047619047619, 0.119047619047619, 
0.119047619047619, 0.119047619047619, 0.464285714285714, 0.464285714285714, 
0.464285714285714, 0.464285714285714, 0.464285714285714, 0.464285714285714, 
0.464285714285714, 0.464285714285714, 0.464285714285714, 0.464285714285714, 
0.44047619047619, 0.44047619047619, 0.44047619047619, 0.44047619047619, 
0.44047619047619, 0.44047619047619, 0.44047619047619, 0.44047619047619, 
0.44047619047619, 0.44047619047619, 0.416666666666667, 0.416666666666667, 
0.416666666666667, 0.416666666666667, 0.416666666666667, 0.416666666666667, 
0.416666666666667, 0.416666666666667, 0.416666666666667, 0.416666666666667, 
0.392857142857143, 0.392857142857143, 0.392857142857143, 0.392857142857143, 
0.392857142857143, 0.392857142857143, 0.392857142857143, 0.392857142857143, 
0.392857142857143, 0.392857142857143, 0.25, 0.25, 0.25, 0.25, 
0.25, 0.25, 0.25, 0.25, 0.25, 0.25, 0.25, 0.25, 0.25, 0.25, 0.25, 
0.25, 0.25, 0.25, 0.25, 0.25, 0.25, 0.25, 0.25, 0.25, 0.25, 0.25, 
0.25, 0.25, 0.25, 0.25, 0.25, 0.25, 0.25, 0.25, 0.25, 0.25, 0.25, 
0.25, 0.25, 0.25, 0.155219104885777, 0.155219104885777, 0.155219104885777, 
0.155219104885777, 0.155219104885777, 0.155219104885777, 0.155219104885777, 
0.155219104885777, 0.155219104885777, 0.155219104885777, 0.145802960879951, 
0.145802960879951, 0.145802960879951, 0.145802960879951, 0.145802960879951, 
0.145802960879951, 0.145802960879951, 0.145802960879951, 0.145802960879951, 
0.145802960879951, 0.138491494973136, 0.138491494973136, 0.138491494973136, 
0.138491494973136, 0.138491494973136, 0.138491494973136, 0.138491494973136, 
0.138491494973136, 0.138491494973136, 0.138491494973136, 0.133630620956212, 
0.133630620956212, 0.133630620956212, 0.133630620956212, 0.133630620956212, 
0.133630620956212, 0.133630620956212, 0.133630620956212, 0.133630620956212, 
0.133630620956212, 1.13804057719877, 1.13804057719877, 1.13804057719877, 
1.13804057719877, 1.13804057719877, 1.55544259389722, 1.13804057719877, 
1.13804057719877, 1.55544259389722, 1.13804057719877, 0.618221913954977, 
1.01040067076502, 1.01040067076502, 0.64891822208964, 0.853254840503979, 
0.618221913954977, 0.64891822208964, 1.01040067076502, 1.01040067076502, 
0.618221913954977, 0.811991670067261, 0.941816161946592, 0.811991670067261, 
0.646532340972477, 0.704117790138107, 0.941816161946592, 0.573561431214755, 
0.646532340972477, 0.811991670067261, 0.646532340972477, 0.68743877333118, 
0.902465173269118, 0.5128931759998, 0.669942497277312, 0.902465173269118, 
0.68743877333118, 0.5128931759998, 0.599285907182339, 0.669942497277312, 
0.786917242689032, 2.09656776446056, 2.08756195744916, 2.09405238058991, 
2.14413184532673, 2.08905039728225, 2.20155539856954, 2.09477992133837, 
2.08905039728225, 2.14173136623145, 2.09405238058991, 2.02802840855708, 
2.00448117540733, 1.87012380028205, 2.03613540611584, 1.99477859393593, 
2.10085251558283, 2.10316658323466, 1.96339550254894, 1.98287823729213, 
2.03516381514957, 1.93031507819278, 1.97358406512095, 1.81410700327744, 
1.98458924047412, 1.82072153386224, 1.9320093212082, 1.94954194293503, 
2.03531227605265, 1.91615474734908, 1.94459986500797, 1.82061277320445, 
1.90914314837415, 1.76298846614891, 1.96528253819866, 1.88649026110668, 
1.83951000557354, 1.82714446245604, 1.60767562824536, 1.95256690853056, 
1.82681304237326, 4.49735569369203, 4.49735569369203, 4.49735569369203, 
4.49735569369203, 4.49735569369203, 7.35655150056544, 4.49735569369203, 
4.49735569369203, 7.35655150056544, 4.49735569369203, 3.78159425400597, 
3.80170749497929, 3.80170749497929, 4.49011100158894, 3.20178818701538, 
3.78159425400597, 4.49011100158894, 3.80170749497929, 3.80170749497929, 
3.78159425400597, 3.04753509265556, 3.48571597933531, 3.04753509265556, 
3.63500138807355, 2.74038333031867, 3.48571597933531, 3.24763196452251, 
3.63500138807355, 3.04753509265556, 3.63500138807355, 2.69418985347164, 
3.32579558563482, 2.95167979328481, 3.57785485314775, 3.32579558563482, 
2.69418985347164, 2.95167979328481, 2.48833939422537, 3.57785485314775, 
2.96348000498679, 7.35335709021791, 7.33545194428857, 7.33669083697483, 
7.65592676862457, 7.35438598484694, 8.09665854780753, 7.31474907349169, 
7.35438598484694, 7.59258111095497, 7.33669083697483, 7.4531139462789, 
